electric_vehicle_charger_state,electric_vehicle_id,electric_vehicle_departure_time,electric_vehicle_required_soc_departure,electric_vehicle_estimated_arrival_time,electric_vehicle_estimated_soc_arrival
3,NONE,-1.0,-0.1,-1.0,-0.1
3,NONE,-1.0,-0.1,-1.0,-0.1
3,NONE,-1.0,-0.1,-1.0,-0.1
3,NONE,-1.0,-0.1,-1.0,-0.1
3,NONE,-1.0,-0.1,-1.0,-0.1
3,NONE,-1.0,-0.1,-1.0,-0.1
3,NONE,-1.0,-0.1,-1.0,-0.1
3,NONE,-1.0,-0.1,-1.0,-0.1
3,NONE,-1.0,-0.1,-1.0,-0.1
3,NONE,-1.0,-0.1,-1.0,-0.1
3,NONE,-1.0,-0.1,-1.0,-0.1
3,NONE,-1.0,-0.1,-1.0,-0.1
3,NONE,-1.0,-0.1,-1.0,-0.1
3,NONE,-1.0,-0.1,-1.0,-0.1
3,NONE,-1.0,-0.1,-1.0,-0.1
3,NONE,-1.0,-0.1,-1.0,-0.1
3,NONE,-1.0,-0.1,-1.0,-0.1
3,NONE,-1.0,-0.1,-1.0,-0.1
3,NONE,-1.0,-0.1,-1.0,-0.1
3,NONE,-1.0,-0.1,-1.0,-0.1
3,NONE,-1.0,-0.1,-1.0,-0.1
3,NONE,-1.0,-0.1,-1.0,-0.1
3,NONE,-1.0,-0.1,-1.0,-0.1
3,NONE,-1.0,-0.1,-1.0,-0.1
3,NONE,-1.0,-0.1,-1.0,-0.1
3,NONE,-1.0,-0.1,-1.0,-0.1
3,NONE,-1.0,-0.1,-1.0,-0.1
3,NONE,-1.0,-0.1,-1.0,-0.1
3,NONE,-1.0,-0.1,-1.0,-0.1
3,NONE,-1.0,-0.1,-1.0,-0.1
3,NONE,-1.0,-0.1,-1.0,-0.1
3,NONE,-1.0,-0.1,-1.0,-0.1
3,NONE,-1.0,-0.1,-1.0,-0.1
3,NONE,-1.0,-0.1,-1.0,-0.1
3,NONE,-1.0,-0.1,-1.0,-0.1
3,NONE,-1.0,-0.1,-1.0,-0.1
3,NONE,-1.0,-0.1,-1.0,-0.1
3,NONE,-1.0,-0.1,-1.0,-0.1
3,NONE,-1.0,-0.1,-1.0,-0.1
3,NONE,-1.0,-0.1,-1.0,-0.1
3,NONE,-1.0,-0.1,-1.0,-0.1
3,NONE,-1.0,-0.1,-1.0,-0.1
3,NONE,-1.0,-0.1,-1.0,-0.1
3,NONE,-1.0,-0.1,-1.0,-0.1
3,NONE,-1.0,-0.1,-1.0,-0.1
3,NONE,-1.0,-0.1,-1.0,-0.1
3,NONE,-1.0,-0.1,-1.0,-0.1
3,NONE,-1.0,-0.1,-1.0,-0.1
3,NONE,-1.0,-0.1,-1.0,-0.1
3,NONE,-1.0,-0.1,-1.0,-0.1
3,NONE,-1.0,-0.1,-1.0,-0.1
3,NONE,-1.0,-0.1,-1.0,-0.1
3,NONE,-1.0,-0.1,-1.0,-0.1
3,NONE,-1.0,-0.1,-1.0,-0.1
3,NONE,-1.0,-0.1,-1.0,-0.1
3,NONE,-1.0,-0.1,-1.0,-0.1
3,NONE,-1.0,-0.1,-1.0,-0.1
3,NONE,-1.0,-0.1,-1.0,-0.1
3,NONE,-1.0,-0.1,-1.0,-0.1
3,NONE,-1.0,-0.1,-1.0,-0.1
3,NONE,-1.0,-0.1,-1.0,-0.1
3,NONE,-1.0,-0.1,-1.0,-0.1
3,NONE,-1.0,-0.1,-1.0,-0.1
3,NONE,-1.0,-0.1,-1.0,-0.1
3,NONE,-1.0,-0.1,-1.0,-0.1
3,NONE,-1.0,-0.1,-1.0,-0.1
3,NONE,-1.0,-0.1,-1.0,-0.1
3,NONE,-1.0,-0.1,-1.0,-0.1
3,NONE,-1.0,-0.1,-1.0,-0.1
3,NONE,-1.0,-0.1,-1.0,-0.1
3,NONE,-1.0,-0.1,-1.0,-0.1
3,NONE,-1.0,-0.1,-1.0,-0.1
3,NONE,-1.0,-0.1,-1.0,-0.1
3,NONE,-1.0,-0.1,-1.0,-0.1
3,NONE,-1.0,-0.1,-1.0,-0.1
3,NONE,-1.0,-0.1,-1.0,-0.1
3,NONE,-1.0,-0.1,-1.0,-0.1
3,NONE,-1.0,-0.1,-1.0,-0.1
2,EV_B13_C008_Mototaxi_Electrica_P01,-1.0,-0.1,7.0,29.57808240914064
1,EV_B13_C008_Mototaxi_Electrica_P01,6.0,83.80915044122384,-1.0,29.57808240914064
1,EV_B13_C008_Mototaxi_Electrica_P01,5.0,83.80915044122384,-1.0,29.57808240914064
1,EV_B13_C008_Mototaxi_Electrica_P01,4.0,83.80915044122384,-1.0,29.57808240914064
1,EV_B13_C008_Mototaxi_Electrica_P01,3.0,83.80915044122384,-1.0,29.57808240914064
1,EV_B13_C008_Mototaxi_Electrica_P01,2.0,83.80915044122384,-1.0,29.57808240914064
1,EV_B13_C008_Mototaxi_Electrica_P01,1.0,83.80915044122384,-1.0,29.57808240914064
1,EV_B13_C008_Mototaxi_Electrica_P01,0.0,83.80915044122384,-1.0,29.57808240914064
3,NONE,-1.0,-0.1,-1.0,-0.1
3,NONE,-1.0,-0.1,-1.0,-0.1
3,NONE,-1.0,-0.1,-1.0,-0.1
3,NONE,-1.0,-0.1,-1.0,-0.1
3,NONE,-1.0,-0.1,-1.0,-0.1
3,NONE,-1.0,-0.1,-1.0,-0.1
3,NONE,-1.0,-0.1,-1.0,-0.1
3,NONE,-1.0,-0.1,-1.0,-0.1
3,NONE,-1.0,-0.1,-1.0,-0.1
3,NONE,-1.0,-0.1,-1.0,-0.1
3,NONE,-1.0,-0.1,-1.0,-0.1
3,NONE,-1.0,-0.1,-1.0,-0.1
3,NONE,-1.0,-0.1,-1.0,-0.1
3,NONE,-1.0,-0.1,-1.0,-0.1
3,NONE,-1.0,-0.1,-1.0,-0.1
3,NONE,-1.0,-0.1,-1.0,-0.1
2,EV_B13_C008_Mototaxi_Electrica_P02,-1.0,-0.1,7.0,55.799482344068636
1,EV_B13_C008_Mototaxi_Electrica_P02,7.0,85.1675107094852,-1.0,55.799482344068636
1,EV_B13_C008_Mototaxi_Electrica_P02,6.0,85.1675107094852,-1.0,55.799482344068636
1,EV_B13_C008_Mototaxi_Electrica_P02,5.0,85.1675107094852,-1.0,55.799482344068636
1,EV_B13_C008_Mototaxi_Electrica_P02,4.0,85.1675107094852,-1.0,55.799482344068636
1,EV_B13_C008_Mototaxi_Electrica_P02,3.0,85.1675107094852,-1.0,55.799482344068636
1,EV_B13_C008_Mototaxi_Electrica_P02,2.0,85.1675107094852,-1.0,55.799482344068636
1,EV_B13_C008_Mototaxi_Electrica_P02,1.0,85.1675107094852,-1.0,55.799482344068636
1,EV_B13_C008_Mototaxi_Electrica_P02,0.0,85.1675107094852,-1.0,55.799482344068636
3,NONE,-1.0,-0.1,-1.0,-0.1
3,NONE,-1.0,-0.1,-1.0,-0.1
3,NONE,-1.0,-0.1,-1.0,-0.1
3,NONE,-1.0,-0.1,-1.0,-0.1
3,NONE,-1.0,-0.1,-1.0,-0.1
3,NONE,-1.0,-0.1,-1.0,-0.1
3,NONE,-1.0,-0.1,-1.0,-0.1
3,NONE,-1.0,-0.1,-1.0,-0.1
3,NONE,-1.0,-0.1,-1.0,-0.1
3,NONE,-1.0,-0.1,-1.0,-0.1
3,NONE,-1.0,-0.1,-1.0,-0.1
3,NONE,-1.0,-0.1,-1.0,-0.1
3,NONE,-1.0,-0.1,-1.0,-0.1
3,NONE,-1.0,-0.1,-1.0,-0.1
3,NONE,-1.0,-0.1,-1.0,-0.1
3,NONE,-1.0,-0.1,-1.0,-0.1
3,NONE,-1.0,-0.1,-1.0,-0.1
3,NONE,-1.0,-0.1,-1.0,-0.1
3,NONE,-1.0,-0.1,-1.0,-0.1
3,NONE,-1.0,-0.1,-1.0,-0.1
3,NONE,-1.0,-0.1,-1.0,-0.1
3,NONE,-1.0,-0.1,-1.0,-0.1
3,NONE,-1.0,-0.1,-1.0,-0.1
3,NONE,-1.0,-0.1,-1.0,-0.1
3,NONE,-1.0,-0.1,-1.0,-0.1
3,NONE,-1.0,-0.1,-1.0,-0.1
3,NONE,-1.0,-0.1,-1.0,-0.1
3,NONE,-1.0,-0.1,-1.0,-0.1
3,NONE,-1.0,-0.1,-1.0,-0.1
3,NONE,-1.0,-0.1,-1.0,-0.1
3,NONE,-1.0,-0.1,-1.0,-0.1
3,NONE,-1.0,-0.1,-1.0,-0.1
3,NONE,-1.0,-0.1,-1.0,-0.1
3,NONE,-1.0,-0.1,-1.0,-0.1
3,NONE,-1.0,-0.1,-1.0,-0.1
3,NONE,-1.0,-0.1,-1.0,-0.1
3,NONE,-1.0,-0.1,-1.0,-0.1
3,NONE,-1.0,-0.1,-1.0,-0.1
3,NONE,-1.0,-0.1,-1.0,-0.1
3,NONE,-1.0,-0.1,-1.0,-0.1
3,NONE,-1.0,-0.1,-1.0,-0.1
3,NONE,-1.0,-0.1,-1.0,-0.1
3,NONE,-1.0,-0.1,-1.0,-0.1
3,NONE,-1.0,-0.1,-1.0,-0.1
3,NONE,-1.0,-0.1,-1.0,-0.1
3,NONE,-1.0,-0.1,-1.0,-0.1
3,NONE,-1.0,-0.1,-1.0,-0.1
3,NONE,-1.0,-0.1,-1.0,-0.1
3,NONE,-1.0,-0.1,-1.0,-0.1
3,NONE,-1.0,-0.1,-1.0,-0.1
3,NONE,-1.0,-0.1,-1.0,-0.1
3,NONE,-1.0,-0.1,-1.0,-0.1
3,NONE,-1.0,-0.1,-1.0,-0.1
3,NONE,-1.0,-0.1,-1.0,-0.1
3,NONE,-1.0,-0.1,-1.0,-0.1
3,NONE,-1.0,-0.1,-1.0,-0.1
3,NONE,-1.0,-0.1,-1.0,-0.1
3,NONE,-1.0,-0.1,-1.0,-0.1
3,NONE,-1.0,-0.1,-1.0,-0.1
3,NONE,-1.0,-0.1,-1.0,-0.1
3,NONE,-1.0,-0.1,-1.0,-0.1
3,NONE,-1.0,-0.1,-1.0,-0.1
3,NONE,-1.0,-0.1,-1.0,-0.1
3,NONE,-1.0,-0.1,-1.0,-0.1
3,NONE,-1.0,-0.1,-1.0,-0.1
3,NONE,-1.0,-0.1,-1.0,-0.1
3,NONE,-1.0,-0.1,-1.0,-0.1
3,NONE,-1.0,-0.1,-1.0,-0.1
3,NONE,-1.0,-0.1,-1.0,-0.1
3,NONE,-1.0,-0.1,-1.0,-0.1
3,NONE,-1.0,-0.1,-1.0,-0.1
3,NONE,-1.0,-0.1,-1.0,-0.1
3,NONE,-1.0,-0.1,-1.0,-0.1
3,NONE,-1.0,-0.1,-1.0,-0.1
3,NONE,-1.0,-0.1,-1.0,-0.1
3,NONE,-1.0,-0.1,-1.0,-0.1
3,NONE,-1.0,-0.1,-1.0,-0.1
3,NONE,-1.0,-0.1,-1.0,-0.1
3,NONE,-1.0,-0.1,-1.0,-0.1
3,NONE,-1.0,-0.1,-1.0,-0.1
3,NONE,-1.0,-0.1,-1.0,-0.1
3,NONE,-1.0,-0.1,-1.0,-0.1
3,NONE,-1.0,-0.1,-1.0,-0.1
3,NONE,-1.0,-0.1,-1.0,-0.1
3,NONE,-1.0,-0.1,-1.0,-0.1
3,NONE,-1.0,-0.1,-1.0,-0.1
3,NONE,-1.0,-0.1,-1.0,-0.1
3,NONE,-1.0,-0.1,-1.0,-0.1
3,NONE,-1.0,-0.1,-1.0,-0.1
3,NONE,-1.0,-0.1,-1.0,-0.1
3,NONE,-1.0,-0.1,-1.0,-0.1
3,NONE,-1.0,-0.1,-1.0,-0.1
3,NONE,-1.0,-0.1,-1.0,-0.1
3,NONE,-1.0,-0.1,-1.0,-0.1
3,NONE,-1.0,-0.1,-1.0,-0.1
3,NONE,-1.0,-0.1,-1.0,-0.1
3,NONE,-1.0,-0.1,-1.0,-0.1
3,NONE,-1.0,-0.1,-1.0,-0.1
3,NONE,-1.0,-0.1,-1.0,-0.1
3,NONE,-1.0,-0.1,-1.0,-0.1
3,NONE,-1.0,-0.1,-1.0,-0.1
3,NONE,-1.0,-0.1,-1.0,-0.1
3,NONE,-1.0,-0.1,-1.0,-0.1
3,NONE,-1.0,-0.1,-1.0,-0.1
3,NONE,-1.0,-0.1,-1.0,-0.1
3,NONE,-1.0,-0.1,-1.0,-0.1
3,NONE,-1.0,-0.1,-1.0,-0.1
3,NONE,-1.0,-0.1,-1.0,-0.1
3,NONE,-1.0,-0.1,-1.0,-0.1
3,NONE,-1.0,-0.1,-1.0,-0.1
3,NONE,-1.0,-0.1,-1.0,-0.1
2,EV_B13_C008_Mototaxi_Electrica_P03,-1.0,-0.1,7.0,43.52151806797639
1,EV_B13_C008_Mototaxi_Electrica_P03,6.0,87.22697519494672,-1.0,43.52151806797639
1,EV_B13_C008_Mototaxi_Electrica_P03,5.0,87.22697519494672,-1.0,43.52151806797639
1,EV_B13_C008_Mototaxi_Electrica_P03,4.0,87.22697519494672,-1.0,43.52151806797639
1,EV_B13_C008_Mototaxi_Electrica_P03,3.0,87.22697519494672,-1.0,43.52151806797639
1,EV_B13_C008_Mototaxi_Electrica_P03,2.0,87.22697519494672,-1.0,43.52151806797639
1,EV_B13_C008_Mototaxi_Electrica_P03,1.0,87.22697519494672,-1.0,43.52151806797639
1,EV_B13_C008_Mototaxi_Electrica_P03,0.0,87.22697519494672,-1.0,43.52151806797639
3,NONE,-1.0,-0.1,-1.0,-0.1
3,NONE,-1.0,-0.1,-1.0,-0.1
3,NONE,-1.0,-0.1,-1.0,-0.1
3,NONE,-1.0,-0.1,-1.0,-0.1
3,NONE,-1.0,-0.1,-1.0,-0.1
3,NONE,-1.0,-0.1,-1.0,-0.1
3,NONE,-1.0,-0.1,-1.0,-0.1
3,NONE,-1.0,-0.1,-1.0,-0.1
3,NONE,-1.0,-0.1,-1.0,-0.1
3,NONE,-1.0,-0.1,-1.0,-0.1
3,NONE,-1.0,-0.1,-1.0,-0.1
3,NONE,-1.0,-0.1,-1.0,-0.1
3,NONE,-1.0,-0.1,-1.0,-0.1
3,NONE,-1.0,-0.1,-1.0,-0.1
3,NONE,-1.0,-0.1,-1.0,-0.1
3,NONE,-1.0,-0.1,-1.0,-0.1
2,EV_B13_C008_Mototaxi_Electrica_P04,-1.0,-0.1,7.0,33.84842759554331
1,EV_B13_C008_Mototaxi_Electrica_P04,7.0,79.98519500453355,-1.0,33.84842759554331
1,EV_B13_C008_Mototaxi_Electrica_P04,6.0,79.98519500453355,-1.0,33.84842759554331
1,EV_B13_C008_Mototaxi_Electrica_P04,5.0,79.98519500453355,-1.0,33.84842759554331
1,EV_B13_C008_Mototaxi_Electrica_P04,4.0,79.98519500453355,-1.0,33.84842759554331
1,EV_B13_C008_Mototaxi_Electrica_P04,3.0,79.98519500453355,-1.0,33.84842759554331
1,EV_B13_C008_Mototaxi_Electrica_P04,2.0,79.98519500453355,-1.0,33.84842759554331
1,EV_B13_C008_Mototaxi_Electrica_P04,1.0,79.98519500453355,-1.0,33.84842759554331
1,EV_B13_C008_Mototaxi_Electrica_P04,0.0,79.98519500453355,-1.0,33.84842759554331
3,NONE,-1.0,-0.1,-1.0,-0.1
3,NONE,-1.0,-0.1,-1.0,-0.1
3,NONE,-1.0,-0.1,-1.0,-0.1
3,NONE,-1.0,-0.1,-1.0,-0.1
3,NONE,-1.0,-0.1,-1.0,-0.1
3,NONE,-1.0,-0.1,-1.0,-0.1
3,NONE,-1.0,-0.1,-1.0,-0.1
3,NONE,-1.0,-0.1,-1.0,-0.1
3,NONE,-1.0,-0.1,-1.0,-0.1
3,NONE,-1.0,-0.1,-1.0,-0.1
3,NONE,-1.0,-0.1,-1.0,-0.1
3,NONE,-1.0,-0.1,-1.0,-0.1
3,NONE,-1.0,-0.1,-1.0,-0.1
3,NONE,-1.0,-0.1,-1.0,-0.1
3,NONE,-1.0,-0.1,-1.0,-0.1
3,NONE,-1.0,-0.1,-1.0,-0.1
2,EV_B13_C008_Mototaxi_Electrica_P05,-1.0,-0.1,8.0,26.8835676096817
1,EV_B13_C008_Mototaxi_Electrica_P05,6.0,84.99466835242394,-1.0,26.8835676096817
1,EV_B13_C008_Mototaxi_Electrica_P05,5.0,84.99466835242394,-1.0,26.8835676096817
1,EV_B13_C008_Mototaxi_Electrica_P05,4.0,84.99466835242394,-1.0,26.8835676096817
1,EV_B13_C008_Mototaxi_Electrica_P05,3.0,84.99466835242394,-1.0,26.8835676096817
1,EV_B13_C008_Mototaxi_Electrica_P05,2.0,84.99466835242394,-1.0,26.8835676096817
1,EV_B13_C008_Mototaxi_Electrica_P05,1.0,84.99466835242394,-1.0,26.8835676096817
1,EV_B13_C008_Mototaxi_Electrica_P05,0.0,84.99466835242394,-1.0,26.8835676096817
3,NONE,-1.0,-0.1,-1.0,-0.1
3,NONE,-1.0,-0.1,-1.0,-0.1
3,NONE,-1.0,-0.1,-1.0,-0.1
3,NONE,-1.0,-0.1,-1.0,-0.1
3,NONE,-1.0,-0.1,-1.0,-0.1
3,NONE,-1.0,-0.1,-1.0,-0.1
3,NONE,-1.0,-0.1,-1.0,-0.1
3,NONE,-1.0,-0.1,-1.0,-0.1
3,NONE,-1.0,-0.1,-1.0,-0.1
3,NONE,-1.0,-0.1,-1.0,-0.1
3,NONE,-1.0,-0.1,-1.0,-0.1
3,NONE,-1.0,-0.1,-1.0,-0.1
3,NONE,-1.0,-0.1,-1.0,-0.1
3,NONE,-1.0,-0.1,-1.0,-0.1
3,NONE,-1.0,-0.1,-1.0,-0.1
3,NONE,-1.0,-0.1,-1.0,-0.1
2,EV_B13_C008_Mototaxi_Electrica_P06,-1.0,-0.1,8.0,45.94499954262112
1,EV_B13_C008_Mototaxi_Electrica_P06,6.0,76.06641684372016,-1.0,45.94499954262112
1,EV_B13_C008_Mototaxi_Electrica_P06,5.0,76.06641684372016,-1.0,45.94499954262112
1,EV_B13_C008_Mototaxi_Electrica_P06,4.0,76.06641684372016,-1.0,45.94499954262112
1,EV_B13_C008_Mototaxi_Electrica_P06,3.0,76.06641684372016,-1.0,45.94499954262112
1,EV_B13_C008_Mototaxi_Electrica_P06,2.0,76.06641684372016,-1.0,45.94499954262112
1,EV_B13_C008_Mototaxi_Electrica_P06,1.0,76.06641684372016,-1.0,45.94499954262112
1,EV_B13_C008_Mototaxi_Electrica_P06,0.0,76.06641684372016,-1.0,45.94499954262112
3,NONE,-1.0,-0.1,-1.0,-0.1
3,NONE,-1.0,-0.1,-1.0,-0.1
3,NONE,-1.0,-0.1,-1.0,-0.1
3,NONE,-1.0,-0.1,-1.0,-0.1
3,NONE,-1.0,-0.1,-1.0,-0.1
3,NONE,-1.0,-0.1,-1.0,-0.1
3,NONE,-1.0,-0.1,-1.0,-0.1
3,NONE,-1.0,-0.1,-1.0,-0.1
3,NONE,-1.0,-0.1,-1.0,-0.1
3,NONE,-1.0,-0.1,-1.0,-0.1
3,NONE,-1.0,-0.1,-1.0,-0.1
3,NONE,-1.0,-0.1,-1.0,-0.1
3,NONE,-1.0,-0.1,-1.0,-0.1
3,NONE,-1.0,-0.1,-1.0,-0.1
3,NONE,-1.0,-0.1,-1.0,-0.1
3,NONE,-1.0,-0.1,-1.0,-0.1
3,NONE,-1.0,-0.1,-1.0,-0.1
3,NONE,-1.0,-0.1,-1.0,-0.1
3,NONE,-1.0,-0.1,-1.0,-0.1
3,NONE,-1.0,-0.1,-1.0,-0.1
3,NONE,-1.0,-0.1,-1.0,-0.1
3,NONE,-1.0,-0.1,-1.0,-0.1
3,NONE,-1.0,-0.1,-1.0,-0.1
3,NONE,-1.0,-0.1,-1.0,-0.1
3,NONE,-1.0,-0.1,-1.0,-0.1
3,NONE,-1.0,-0.1,-1.0,-0.1
3,NONE,-1.0,-0.1,-1.0,-0.1
3,NONE,-1.0,-0.1,-1.0,-0.1
3,NONE,-1.0,-0.1,-1.0,-0.1
3,NONE,-1.0,-0.1,-1.0,-0.1
3,NONE,-1.0,-0.1,-1.0,-0.1
3,NONE,-1.0,-0.1,-1.0,-0.1
3,NONE,-1.0,-0.1,-1.0,-0.1
3,NONE,-1.0,-0.1,-1.0,-0.1
3,NONE,-1.0,-0.1,-1.0,-0.1
3,NONE,-1.0,-0.1,-1.0,-0.1
3,NONE,-1.0,-0.1,-1.0,-0.1
3,NONE,-1.0,-0.1,-1.0,-0.1
3,NONE,-1.0,-0.1,-1.0,-0.1
3,NONE,-1.0,-0.1,-1.0,-0.1
3,NONE,-1.0,-0.1,-1.0,-0.1
3,NONE,-1.0,-0.1,-1.0,-0.1
3,NONE,-1.0,-0.1,-1.0,-0.1
3,NONE,-1.0,-0.1,-1.0,-0.1
3,NONE,-1.0,-0.1,-1.0,-0.1
3,NONE,-1.0,-0.1,-1.0,-0.1
3,NONE,-1.0,-0.1,-1.0,-0.1
3,NONE,-1.0,-0.1,-1.0,-0.1
3,NONE,-1.0,-0.1,-1.0,-0.1
3,NONE,-1.0,-0.1,-1.0,-0.1
3,NONE,-1.0,-0.1,-1.0,-0.1
3,NONE,-1.0,-0.1,-1.0,-0.1
3,NONE,-1.0,-0.1,-1.0,-0.1
3,NONE,-1.0,-0.1,-1.0,-0.1
3,NONE,-1.0,-0.1,-1.0,-0.1
3,NONE,-1.0,-0.1,-1.0,-0.1
3,NONE,-1.0,-0.1,-1.0,-0.1
3,NONE,-1.0,-0.1,-1.0,-0.1
3,NONE,-1.0,-0.1,-1.0,-0.1
3,NONE,-1.0,-0.1,-1.0,-0.1
3,NONE,-1.0,-0.1,-1.0,-0.1
3,NONE,-1.0,-0.1,-1.0,-0.1
3,NONE,-1.0,-0.1,-1.0,-0.1
2,EV_B13_C008_Mototaxi_Electrica_P07,-1.0,-0.1,7.0,33.152952716220014
1,EV_B13_C008_Mototaxi_Electrica_P07,7.0,75.53530168685316,-1.0,33.152952716220014
1,EV_B13_C008_Mototaxi_Electrica_P07,6.0,75.53530168685316,-1.0,33.152952716220014
1,EV_B13_C008_Mototaxi_Electrica_P07,5.0,75.53530168685316,-1.0,33.152952716220014
1,EV_B13_C008_Mototaxi_Electrica_P07,4.0,75.53530168685316,-1.0,33.152952716220014
1,EV_B13_C008_Mototaxi_Electrica_P07,3.0,75.53530168685316,-1.0,33.152952716220014
1,EV_B13_C008_Mototaxi_Electrica_P07,2.0,75.53530168685316,-1.0,33.152952716220014
1,EV_B13_C008_Mototaxi_Electrica_P07,1.0,75.53530168685316,-1.0,33.152952716220014
1,EV_B13_C008_Mototaxi_Electrica_P07,0.0,75.53530168685316,-1.0,33.152952716220014
3,NONE,-1.0,-0.1,-1.0,-0.1
3,NONE,-1.0,-0.1,-1.0,-0.1
3,NONE,-1.0,-0.1,-1.0,-0.1
3,NONE,-1.0,-0.1,-1.0,-0.1
3,NONE,-1.0,-0.1,-1.0,-0.1
3,NONE,-1.0,-0.1,-1.0,-0.1
3,NONE,-1.0,-0.1,-1.0,-0.1
3,NONE,-1.0,-0.1,-1.0,-0.1
3,NONE,-1.0,-0.1,-1.0,-0.1
3,NONE,-1.0,-0.1,-1.0,-0.1
3,NONE,-1.0,-0.1,-1.0,-0.1
3,NONE,-1.0,-0.1,-1.0,-0.1
3,NONE,-1.0,-0.1,-1.0,-0.1
3,NONE,-1.0,-0.1,-1.0,-0.1
3,NONE,-1.0,-0.1,-1.0,-0.1
2,EV_B13_C008_Mototaxi_Electrica_P08,-1.0,-0.1,7.0,33.28522531536263
1,EV_B13_C008_Mototaxi_Electrica_P08,7.0,92.88551336006522,-1.0,33.28522531536263
1,EV_B13_C008_Mototaxi_Electrica_P08,6.0,92.88551336006522,-1.0,33.28522531536263
1,EV_B13_C008_Mototaxi_Electrica_P08,5.0,92.88551336006522,-1.0,33.28522531536263
1,EV_B13_C008_Mototaxi_Electrica_P08,4.0,92.88551336006522,-1.0,33.28522531536263
1,EV_B13_C008_Mototaxi_Electrica_P08,3.0,92.88551336006522,-1.0,33.28522531536263
1,EV_B13_C008_Mototaxi_Electrica_P08,2.0,92.88551336006522,-1.0,33.28522531536263
1,EV_B13_C008_Mototaxi_Electrica_P08,1.0,92.88551336006522,-1.0,33.28522531536263
1,EV_B13_C008_Mototaxi_Electrica_P08,0.0,92.88551336006522,-1.0,33.28522531536263
3,NONE,-1.0,-0.1,-1.0,-0.1
3,NONE,-1.0,-0.1,-1.0,-0.1
3,NONE,-1.0,-0.1,-1.0,-0.1
3,NONE,-1.0,-0.1,-1.0,-0.1
3,NONE,-1.0,-0.1,-1.0,-0.1
3,NONE,-1.0,-0.1,-1.0,-0.1
3,NONE,-1.0,-0.1,-1.0,-0.1
3,NONE,-1.0,-0.1,-1.0,-0.1
3,NONE,-1.0,-0.1,-1.0,-0.1
3,NONE,-1.0,-0.1,-1.0,-0.1
3,NONE,-1.0,-0.1,-1.0,-0.1
3,NONE,-1.0,-0.1,-1.0,-0.1
3,NONE,-1.0,-0.1,-1.0,-0.1
3,NONE,-1.0,-0.1,-1.0,-0.1
3,NONE,-1.0,-0.1,-1.0,-0.1
3,NONE,-1.0,-0.1,-1.0,-0.1
2,EV_B13_C008_Mototaxi_Electrica_P09,-1.0,-0.1,8.0,52.36462776317565
1,EV_B13_C008_Mototaxi_Electrica_P09,6.0,89.10523178215837,-1.0,52.36462776317565
1,EV_B13_C008_Mototaxi_Electrica_P09,5.0,89.10523178215837,-1.0,52.36462776317565
1,EV_B13_C008_Mototaxi_Electrica_P09,4.0,89.10523178215837,-1.0,52.36462776317565
1,EV_B13_C008_Mototaxi_Electrica_P09,3.0,89.10523178215837,-1.0,52.36462776317565
1,EV_B13_C008_Mototaxi_Electrica_P09,2.0,89.10523178215837,-1.0,52.36462776317565
1,EV_B13_C008_Mototaxi_Electrica_P09,1.0,89.10523178215837,-1.0,52.36462776317565
1,EV_B13_C008_Mototaxi_Electrica_P09,0.0,89.10523178215837,-1.0,52.36462776317565
3,NONE,-1.0,-0.1,-1.0,-0.1
3,NONE,-1.0,-0.1,-1.0,-0.1
3,NONE,-1.0,-0.1,-1.0,-0.1
3,NONE,-1.0,-0.1,-1.0,-0.1
3,NONE,-1.0,-0.1,-1.0,-0.1
3,NONE,-1.0,-0.1,-1.0,-0.1
3,NONE,-1.0,-0.1,-1.0,-0.1
3,NONE,-1.0,-0.1,-1.0,-0.1
3,NONE,-1.0,-0.1,-1.0,-0.1
3,NONE,-1.0,-0.1,-1.0,-0.1
3,NONE,-1.0,-0.1,-1.0,-0.1
3,NONE,-1.0,-0.1,-1.0,-0.1
3,NONE,-1.0,-0.1,-1.0,-0.1
3,NONE,-1.0,-0.1,-1.0,-0.1
3,NONE,-1.0,-0.1,-1.0,-0.1
3,NONE,-1.0,-0.1,-1.0,-0.1
3,NONE,-1.0,-0.1,-1.0,-0.1
3,NONE,-1.0,-0.1,-1.0,-0.1
3,NONE,-1.0,-0.1,-1.0,-0.1
2,EV_B13_C008_Mototaxi_Electrica_P10,-1.0,-0.1,11.0,5.0
1,EV_B13_C008_Mototaxi_Electrica_P10,3.0,83.94238568731082,-1.0,5.0
1,EV_B13_C008_Mototaxi_Electrica_P10,2.0,83.94238568731082,-1.0,5.0
1,EV_B13_C008_Mototaxi_Electrica_P10,1.0,83.94238568731082,-1.0,5.0
1,EV_B13_C008_Mototaxi_Electrica_P10,0.0,83.94238568731082,-1.0,5.0
3,NONE,-1.0,-0.1,-1.0,-0.1
3,NONE,-1.0,-0.1,-1.0,-0.1
3,NONE,-1.0,-0.1,-1.0,-0.1
3,NONE,-1.0,-0.1,-1.0,-0.1
3,NONE,-1.0,-0.1,-1.0,-0.1
3,NONE,-1.0,-0.1,-1.0,-0.1
3,NONE,-1.0,-0.1,-1.0,-0.1
3,NONE,-1.0,-0.1,-1.0,-0.1
3,NONE,-1.0,-0.1,-1.0,-0.1
3,NONE,-1.0,-0.1,-1.0,-0.1
3,NONE,-1.0,-0.1,-1.0,-0.1
3,NONE,-1.0,-0.1,-1.0,-0.1
3,NONE,-1.0,-0.1,-1.0,-0.1
3,NONE,-1.0,-0.1,-1.0,-0.1
3,NONE,-1.0,-0.1,-1.0,-0.1
3,NONE,-1.0,-0.1,-1.0,-0.1
3,NONE,-1.0,-0.1,-1.0,-0.1
3,NONE,-1.0,-0.1,-1.0,-0.1
3,NONE,-1.0,-0.1,-1.0,-0.1
3,NONE,-1.0,-0.1,-1.0,-0.1
3,NONE,-1.0,-0.1,-1.0,-0.1
3,NONE,-1.0,-0.1,-1.0,-0.1
3,NONE,-1.0,-0.1,-1.0,-0.1
3,NONE,-1.0,-0.1,-1.0,-0.1
3,NONE,-1.0,-0.1,-1.0,-0.1
3,NONE,-1.0,-0.1,-1.0,-0.1
3,NONE,-1.0,-0.1,-1.0,-0.1
3,NONE,-1.0,-0.1,-1.0,-0.1
3,NONE,-1.0,-0.1,-1.0,-0.1
3,NONE,-1.0,-0.1,-1.0,-0.1
3,NONE,-1.0,-0.1,-1.0,-0.1
3,NONE,-1.0,-0.1,-1.0,-0.1
3,NONE,-1.0,-0.1,-1.0,-0.1
3,NONE,-1.0,-0.1,-1.0,-0.1
3,NONE,-1.0,-0.1,-1.0,-0.1
3,NONE,-1.0,-0.1,-1.0,-0.1
3,NONE,-1.0,-0.1,-1.0,-0.1
3,NONE,-1.0,-0.1,-1.0,-0.1
3,NONE,-1.0,-0.1,-1.0,-0.1
3,NONE,-1.0,-0.1,-1.0,-0.1
3,NONE,-1.0,-0.1,-1.0,-0.1
3,NONE,-1.0,-0.1,-1.0,-0.1
3,NONE,-1.0,-0.1,-1.0,-0.1
3,NONE,-1.0,-0.1,-1.0,-0.1
3,NONE,-1.0,-0.1,-1.0,-0.1
3,NONE,-1.0,-0.1,-1.0,-0.1
3,NONE,-1.0,-0.1,-1.0,-0.1
3,NONE,-1.0,-0.1,-1.0,-0.1
3,NONE,-1.0,-0.1,-1.0,-0.1
3,NONE,-1.0,-0.1,-1.0,-0.1
3,NONE,-1.0,-0.1,-1.0,-0.1
3,NONE,-1.0,-0.1,-1.0,-0.1
3,NONE,-1.0,-0.1,-1.0,-0.1
3,NONE,-1.0,-0.1,-1.0,-0.1
3,NONE,-1.0,-0.1,-1.0,-0.1
3,NONE,-1.0,-0.1,-1.0,-0.1
3,NONE,-1.0,-0.1,-1.0,-0.1
3,NONE,-1.0,-0.1,-1.0,-0.1
3,NONE,-1.0,-0.1,-1.0,-0.1
3,NONE,-1.0,-0.1,-1.0,-0.1
3,NONE,-1.0,-0.1,-1.0,-0.1
3,NONE,-1.0,-0.1,-1.0,-0.1
3,NONE,-1.0,-0.1,-1.0,-0.1
3,NONE,-1.0,-0.1,-1.0,-0.1
3,NONE,-1.0,-0.1,-1.0,-0.1
3,NONE,-1.0,-0.1,-1.0,-0.1
3,NONE,-1.0,-0.1,-1.0,-0.1
3,NONE,-1.0,-0.1,-1.0,-0.1
3,NONE,-1.0,-0.1,-1.0,-0.1
3,NONE,-1.0,-0.1,-1.0,-0.1
3,NONE,-1.0,-0.1,-1.0,-0.1
3,NONE,-1.0,-0.1,-1.0,-0.1
3,NONE,-1.0,-0.1,-1.0,-0.1
3,NONE,-1.0,-0.1,-1.0,-0.1
3,NONE,-1.0,-0.1,-1.0,-0.1
3,NONE,-1.0,-0.1,-1.0,-0.1
3,NONE,-1.0,-0.1,-1.0,-0.1
3,NONE,-1.0,-0.1,-1.0,-0.1
3,NONE,-1.0,-0.1,-1.0,-0.1
3,NONE,-1.0,-0.1,-1.0,-0.1
3,NONE,-1.0,-0.1,-1.0,-0.1
3,NONE,-1.0,-0.1,-1.0,-0.1
3,NONE,-1.0,-0.1,-1.0,-0.1
3,NONE,-1.0,-0.1,-1.0,-0.1
3,NONE,-1.0,-0.1,-1.0,-0.1
3,NONE,-1.0,-0.1,-1.0,-0.1
3,NONE,-1.0,-0.1,-1.0,-0.1
2,EV_B13_C008_Mototaxi_Electrica_P01,-1.0,-0.1,7.0,36.91987895636177
1,EV_B13_C008_Mototaxi_Electrica_P01,6.0,78.29370276891508,-1.0,36.91987895636177
1,EV_B13_C008_Mototaxi_Electrica_P01,5.0,78.29370276891508,-1.0,36.91987895636177
1,EV_B13_C008_Mototaxi_Electrica_P01,4.0,78.29370276891508,-1.0,36.91987895636177
1,EV_B13_C008_Mototaxi_Electrica_P01,3.0,78.29370276891508,-1.0,36.91987895636177
1,EV_B13_C008_Mototaxi_Electrica_P01,2.0,78.29370276891508,-1.0,36.91987895636177
1,EV_B13_C008_Mototaxi_Electrica_P01,1.0,78.29370276891508,-1.0,36.91987895636177
1,EV_B13_C008_Mototaxi_Electrica_P01,0.0,78.29370276891508,-1.0,36.91987895636177
3,NONE,-1.0,-0.1,-1.0,-0.1
3,NONE,-1.0,-0.1,-1.0,-0.1
3,NONE,-1.0,-0.1,-1.0,-0.1
3,NONE,-1.0,-0.1,-1.0,-0.1
3,NONE,-1.0,-0.1,-1.0,-0.1
3,NONE,-1.0,-0.1,-1.0,-0.1
3,NONE,-1.0,-0.1,-1.0,-0.1
3,NONE,-1.0,-0.1,-1.0,-0.1
3,NONE,-1.0,-0.1,-1.0,-0.1
3,NONE,-1.0,-0.1,-1.0,-0.1
3,NONE,-1.0,-0.1,-1.0,-0.1
3,NONE,-1.0,-0.1,-1.0,-0.1
3,NONE,-1.0,-0.1,-1.0,-0.1
3,NONE,-1.0,-0.1,-1.0,-0.1
3,NONE,-1.0,-0.1,-1.0,-0.1
3,NONE,-1.0,-0.1,-1.0,-0.1
3,NONE,-1.0,-0.1,-1.0,-0.1
3,NONE,-1.0,-0.1,-1.0,-0.1
3,NONE,-1.0,-0.1,-1.0,-0.1
3,NONE,-1.0,-0.1,-1.0,-0.1
3,NONE,-1.0,-0.1,-1.0,-0.1
3,NONE,-1.0,-0.1,-1.0,-0.1
3,NONE,-1.0,-0.1,-1.0,-0.1
3,NONE,-1.0,-0.1,-1.0,-0.1
3,NONE,-1.0,-0.1,-1.0,-0.1
3,NONE,-1.0,-0.1,-1.0,-0.1
3,NONE,-1.0,-0.1,-1.0,-0.1
3,NONE,-1.0,-0.1,-1.0,-0.1
3,NONE,-1.0,-0.1,-1.0,-0.1
3,NONE,-1.0,-0.1,-1.0,-0.1
3,NONE,-1.0,-0.1,-1.0,-0.1
3,NONE,-1.0,-0.1,-1.0,-0.1
3,NONE,-1.0,-0.1,-1.0,-0.1
3,NONE,-1.0,-0.1,-1.0,-0.1
3,NONE,-1.0,-0.1,-1.0,-0.1
3,NONE,-1.0,-0.1,-1.0,-0.1
3,NONE,-1.0,-0.1,-1.0,-0.1
3,NONE,-1.0,-0.1,-1.0,-0.1
3,NONE,-1.0,-0.1,-1.0,-0.1
3,NONE,-1.0,-0.1,-1.0,-0.1
2,EV_B13_C008_Mototaxi_Electrica_P02,-1.0,-0.1,7.0,39.34322160282373
1,EV_B13_C008_Mototaxi_Electrica_P02,5.0,83.06794750298243,-1.0,39.34322160282373
1,EV_B13_C008_Mototaxi_Electrica_P02,4.0,83.06794750298243,-1.0,39.34322160282373
1,EV_B13_C008_Mototaxi_Electrica_P02,3.0,83.06794750298243,-1.0,39.34322160282373
1,EV_B13_C008_Mototaxi_Electrica_P02,2.0,83.06794750298243,-1.0,39.34322160282373
1,EV_B13_C008_Mototaxi_Electrica_P02,1.0,83.06794750298243,-1.0,39.34322160282373
1,EV_B13_C008_Mototaxi_Electrica_P02,0.0,83.06794750298243,-1.0,39.34322160282373
3,NONE,-1.0,-0.1,-1.0,-0.1
3,NONE,-1.0,-0.1,-1.0,-0.1
3,NONE,-1.0,-0.1,-1.0,-0.1
3,NONE,-1.0,-0.1,-1.0,-0.1
3,NONE,-1.0,-0.1,-1.0,-0.1
3,NONE,-1.0,-0.1,-1.0,-0.1
3,NONE,-1.0,-0.1,-1.0,-0.1
3,NONE,-1.0,-0.1,-1.0,-0.1
3,NONE,-1.0,-0.1,-1.0,-0.1
3,NONE,-1.0,-0.1,-1.0,-0.1
3,NONE,-1.0,-0.1,-1.0,-0.1
3,NONE,-1.0,-0.1,-1.0,-0.1
3,NONE,-1.0,-0.1,-1.0,-0.1
3,NONE,-1.0,-0.1,-1.0,-0.1
3,NONE,-1.0,-0.1,-1.0,-0.1
3,NONE,-1.0,-0.1,-1.0,-0.1
3,NONE,-1.0,-0.1,-1.0,-0.1
2,EV_B13_C008_Mototaxi_Electrica_P03,-1.0,-0.1,7.0,41.92331525993676
1,EV_B13_C008_Mototaxi_Electrica_P03,7.0,80.4592224450561,-1.0,41.92331525993676
1,EV_B13_C008_Mototaxi_Electrica_P03,6.0,80.4592224450561,-1.0,41.92331525993676
1,EV_B13_C008_Mototaxi_Electrica_P03,5.0,80.4592224450561,-1.0,41.92331525993676
1,EV_B13_C008_Mototaxi_Electrica_P03,4.0,80.4592224450561,-1.0,41.92331525993676
1,EV_B13_C008_Mototaxi_Electrica_P03,3.0,80.4592224450561,-1.0,41.92331525993676
1,EV_B13_C008_Mototaxi_Electrica_P03,2.0,80.4592224450561,-1.0,41.92331525993676
1,EV_B13_C008_Mototaxi_Electrica_P03,1.0,80.4592224450561,-1.0,41.92331525993676
1,EV_B13_C008_Mototaxi_Electrica_P03,0.0,80.4592224450561,-1.0,41.92331525993676
3,NONE,-1.0,-0.1,-1.0,-0.1
3,NONE,-1.0,-0.1,-1.0,-0.1
3,NONE,-1.0,-0.1,-1.0,-0.1
3,NONE,-1.0,-0.1,-1.0,-0.1
3,NONE,-1.0,-0.1,-1.0,-0.1
3,NONE,-1.0,-0.1,-1.0,-0.1
3,NONE,-1.0,-0.1,-1.0,-0.1
3,NONE,-1.0,-0.1,-1.0,-0.1
3,NONE,-1.0,-0.1,-1.0,-0.1
3,NONE,-1.0,-0.1,-1.0,-0.1
3,NONE,-1.0,-0.1,-1.0,-0.1
3,NONE,-1.0,-0.1,-1.0,-0.1
3,NONE,-1.0,-0.1,-1.0,-0.1
3,NONE,-1.0,-0.1,-1.0,-0.1
3,NONE,-1.0,-0.1,-1.0,-0.1
3,NONE,-1.0,-0.1,-1.0,-0.1
3,NONE,-1.0,-0.1,-1.0,-0.1
2,EV_B13_C008_Mototaxi_Electrica_P04,-1.0,-0.1,9.0,46.59041634488465
1,EV_B13_C008_Mototaxi_Electrica_P04,5.0,81.02428933604676,-1.0,46.59041634488465
1,EV_B13_C008_Mototaxi_Electrica_P04,4.0,81.02428933604676,-1.0,46.59041634488465
1,EV_B13_C008_Mototaxi_Electrica_P04,3.0,81.02428933604676,-1.0,46.59041634488465
1,EV_B13_C008_Mototaxi_Electrica_P04,2.0,81.02428933604676,-1.0,46.59041634488465
1,EV_B13_C008_Mototaxi_Electrica_P04,1.0,81.02428933604676,-1.0,46.59041634488465
1,EV_B13_C008_Mototaxi_Electrica_P04,0.0,81.02428933604676,-1.0,46.59041634488465
3,NONE,-1.0,-0.1,-1.0,-0.1
3,NONE,-1.0,-0.1,-1.0,-0.1
3,NONE,-1.0,-0.1,-1.0,-0.1
3,NONE,-1.0,-0.1,-1.0,-0.1
3,NONE,-1.0,-0.1,-1.0,-0.1
3,NONE,-1.0,-0.1,-1.0,-0.1
3,NONE,-1.0,-0.1,-1.0,-0.1
3,NONE,-1.0,-0.1,-1.0,-0.1
3,NONE,-1.0,-0.1,-1.0,-0.1
3,NONE,-1.0,-0.1,-1.0,-0.1
3,NONE,-1.0,-0.1,-1.0,-0.1
3,NONE,-1.0,-0.1,-1.0,-0.1
3,NONE,-1.0,-0.1,-1.0,-0.1
3,NONE,-1.0,-0.1,-1.0,-0.1
3,NONE,-1.0,-0.1,-1.0,-0.1
3,NONE,-1.0,-0.1,-1.0,-0.1
3,NONE,-1.0,-0.1,-1.0,-0.1
3,NONE,-1.0,-0.1,-1.0,-0.1
3,NONE,-1.0,-0.1,-1.0,-0.1
3,NONE,-1.0,-0.1,-1.0,-0.1
3,NONE,-1.0,-0.1,-1.0,-0.1
3,NONE,-1.0,-0.1,-1.0,-0.1
3,NONE,-1.0,-0.1,-1.0,-0.1
3,NONE,-1.0,-0.1,-1.0,-0.1
3,NONE,-1.0,-0.1,-1.0,-0.1
3,NONE,-1.0,-0.1,-1.0,-0.1
3,NONE,-1.0,-0.1,-1.0,-0.1
3,NONE,-1.0,-0.1,-1.0,-0.1
3,NONE,-1.0,-0.1,-1.0,-0.1
3,NONE,-1.0,-0.1,-1.0,-0.1
3,NONE,-1.0,-0.1,-1.0,-0.1
3,NONE,-1.0,-0.1,-1.0,-0.1
3,NONE,-1.0,-0.1,-1.0,-0.1
3,NONE,-1.0,-0.1,-1.0,-0.1
3,NONE,-1.0,-0.1,-1.0,-0.1
3,NONE,-1.0,-0.1,-1.0,-0.1
3,NONE,-1.0,-0.1,-1.0,-0.1
3,NONE,-1.0,-0.1,-1.0,-0.1
3,NONE,-1.0,-0.1,-1.0,-0.1
3,NONE,-1.0,-0.1,-1.0,-0.1
3,NONE,-1.0,-0.1,-1.0,-0.1
3,NONE,-1.0,-0.1,-1.0,-0.1
3,NONE,-1.0,-0.1,-1.0,-0.1
3,NONE,-1.0,-0.1,-1.0,-0.1
3,NONE,-1.0,-0.1,-1.0,-0.1
3,NONE,-1.0,-0.1,-1.0,-0.1
3,NONE,-1.0,-0.1,-1.0,-0.1
3,NONE,-1.0,-0.1,-1.0,-0.1
3,NONE,-1.0,-0.1,-1.0,-0.1
3,NONE,-1.0,-0.1,-1.0,-0.1
3,NONE,-1.0,-0.1,-1.0,-0.1
3,NONE,-1.0,-0.1,-1.0,-0.1
3,NONE,-1.0,-0.1,-1.0,-0.1
3,NONE,-1.0,-0.1,-1.0,-0.1
3,NONE,-1.0,-0.1,-1.0,-0.1
3,NONE,-1.0,-0.1,-1.0,-0.1
3,NONE,-1.0,-0.1,-1.0,-0.1
3,NONE,-1.0,-0.1,-1.0,-0.1
3,NONE,-1.0,-0.1,-1.0,-0.1
3,NONE,-1.0,-0.1,-1.0,-0.1
3,NONE,-1.0,-0.1,-1.0,-0.1
3,NONE,-1.0,-0.1,-1.0,-0.1
3,NONE,-1.0,-0.1,-1.0,-0.1
3,NONE,-1.0,-0.1,-1.0,-0.1
3,NONE,-1.0,-0.1,-1.0,-0.1
3,NONE,-1.0,-0.1,-1.0,-0.1
3,NONE,-1.0,-0.1,-1.0,-0.1
3,NONE,-1.0,-0.1,-1.0,-0.1
3,NONE,-1.0,-0.1,-1.0,-0.1
3,NONE,-1.0,-0.1,-1.0,-0.1
3,NONE,-1.0,-0.1,-1.0,-0.1
3,NONE,-1.0,-0.1,-1.0,-0.1
3,NONE,-1.0,-0.1,-1.0,-0.1
3,NONE,-1.0,-0.1,-1.0,-0.1
3,NONE,-1.0,-0.1,-1.0,-0.1
3,NONE,-1.0,-0.1,-1.0,-0.1
3,NONE,-1.0,-0.1,-1.0,-0.1
3,NONE,-1.0,-0.1,-1.0,-0.1
3,NONE,-1.0,-0.1,-1.0,-0.1
3,NONE,-1.0,-0.1,-1.0,-0.1
3,NONE,-1.0,-0.1,-1.0,-0.1
3,NONE,-1.0,-0.1,-1.0,-0.1
3,NONE,-1.0,-0.1,-1.0,-0.1
3,NONE,-1.0,-0.1,-1.0,-0.1
3,NONE,-1.0,-0.1,-1.0,-0.1
3,NONE,-1.0,-0.1,-1.0,-0.1
3,NONE,-1.0,-0.1,-1.0,-0.1
3,NONE,-1.0,-0.1,-1.0,-0.1
3,NONE,-1.0,-0.1,-1.0,-0.1
3,NONE,-1.0,-0.1,-1.0,-0.1
3,NONE,-1.0,-0.1,-1.0,-0.1
3,NONE,-1.0,-0.1,-1.0,-0.1
3,NONE,-1.0,-0.1,-1.0,-0.1
3,NONE,-1.0,-0.1,-1.0,-0.1
3,NONE,-1.0,-0.1,-1.0,-0.1
3,NONE,-1.0,-0.1,-1.0,-0.1
3,NONE,-1.0,-0.1,-1.0,-0.1
3,NONE,-1.0,-0.1,-1.0,-0.1
3,NONE,-1.0,-0.1,-1.0,-0.1
3,NONE,-1.0,-0.1,-1.0,-0.1
3,NONE,-1.0,-0.1,-1.0,-0.1
3,NONE,-1.0,-0.1,-1.0,-0.1
3,NONE,-1.0,-0.1,-1.0,-0.1
3,NONE,-1.0,-0.1,-1.0,-0.1
3,NONE,-1.0,-0.1,-1.0,-0.1
3,NONE,-1.0,-0.1,-1.0,-0.1
3,NONE,-1.0,-0.1,-1.0,-0.1
3,NONE,-1.0,-0.1,-1.0,-0.1
3,NONE,-1.0,-0.1,-1.0,-0.1
3,NONE,-1.0,-0.1,-1.0,-0.1
3,NONE,-1.0,-0.1,-1.0,-0.1
3,NONE,-1.0,-0.1,-1.0,-0.1
2,EV_B13_C008_Mototaxi_Electrica_P05,-1.0,-0.1,8.0,31.192728976656046
1,EV_B13_C008_Mototaxi_Electrica_P05,6.0,83.50339116146696,-1.0,31.192728976656046
1,EV_B13_C008_Mototaxi_Electrica_P05,5.0,83.50339116146696,-1.0,31.192728976656046
1,EV_B13_C008_Mototaxi_Electrica_P05,4.0,83.50339116146696,-1.0,31.192728976656046
1,EV_B13_C008_Mototaxi_Electrica_P05,3.0,83.50339116146696,-1.0,31.192728976656046
1,EV_B13_C008_Mototaxi_Electrica_P05,2.0,83.50339116146696,-1.0,31.192728976656046
1,EV_B13_C008_Mototaxi_Electrica_P05,1.0,83.50339116146696,-1.0,31.192728976656046
1,EV_B13_C008_Mototaxi_Electrica_P05,0.0,83.50339116146696,-1.0,31.192728976656046
3,NONE,-1.0,-0.1,-1.0,-0.1
3,NONE,-1.0,-0.1,-1.0,-0.1
3,NONE,-1.0,-0.1,-1.0,-0.1
3,NONE,-1.0,-0.1,-1.0,-0.1
3,NONE,-1.0,-0.1,-1.0,-0.1
3,NONE,-1.0,-0.1,-1.0,-0.1
3,NONE,-1.0,-0.1,-1.0,-0.1
3,NONE,-1.0,-0.1,-1.0,-0.1
3,NONE,-1.0,-0.1,-1.0,-0.1
3,NONE,-1.0,-0.1,-1.0,-0.1
3,NONE,-1.0,-0.1,-1.0,-0.1
3,NONE,-1.0,-0.1,-1.0,-0.1
3,NONE,-1.0,-0.1,-1.0,-0.1
3,NONE,-1.0,-0.1,-1.0,-0.1
3,NONE,-1.0,-0.1,-1.0,-0.1
2,EV_B13_C008_Mototaxi_Electrica_P06,-1.0,-0.1,7.0,29.18018089711066
1,EV_B13_C008_Mototaxi_Electrica_P06,7.0,76.94822569740899,-1.0,29.18018089711066
1,EV_B13_C008_Mototaxi_Electrica_P06,6.0,76.94822569740899,-1.0,29.18018089711066
1,EV_B13_C008_Mototaxi_Electrica_P06,5.0,76.94822569740899,-1.0,29.18018089711066
1,EV_B13_C008_Mototaxi_Electrica_P06,4.0,76.94822569740899,-1.0,29.18018089711066
1,EV_B13_C008_Mototaxi_Electrica_P06,3.0,76.94822569740899,-1.0,29.18018089711066
1,EV_B13_C008_Mototaxi_Electrica_P06,2.0,76.94822569740899,-1.0,29.18018089711066
1,EV_B13_C008_Mototaxi_Electrica_P06,1.0,76.94822569740899,-1.0,29.18018089711066
1,EV_B13_C008_Mototaxi_Electrica_P06,0.0,76.94822569740899,-1.0,29.18018089711066
3,NONE,-1.0,-0.1,-1.0,-0.1
3,NONE,-1.0,-0.1,-1.0,-0.1
3,NONE,-1.0,-0.1,-1.0,-0.1
3,NONE,-1.0,-0.1,-1.0,-0.1
3,NONE,-1.0,-0.1,-1.0,-0.1
3,NONE,-1.0,-0.1,-1.0,-0.1
3,NONE,-1.0,-0.1,-1.0,-0.1
3,NONE,-1.0,-0.1,-1.0,-0.1
3,NONE,-1.0,-0.1,-1.0,-0.1
3,NONE,-1.0,-0.1,-1.0,-0.1
3,NONE,-1.0,-0.1,-1.0,-0.1
3,NONE,-1.0,-0.1,-1.0,-0.1
3,NONE,-1.0,-0.1,-1.0,-0.1
3,NONE,-1.0,-0.1,-1.0,-0.1
3,NONE,-1.0,-0.1,-1.0,-0.1
3,NONE,-1.0,-0.1,-1.0,-0.1
3,NONE,-1.0,-0.1,-1.0,-0.1
3,NONE,-1.0,-0.1,-1.0,-0.1
3,NONE,-1.0,-0.1,-1.0,-0.1
3,NONE,-1.0,-0.1,-1.0,-0.1
3,NONE,-1.0,-0.1,-1.0,-0.1
3,NONE,-1.0,-0.1,-1.0,-0.1
3,NONE,-1.0,-0.1,-1.0,-0.1
3,NONE,-1.0,-0.1,-1.0,-0.1
3,NONE,-1.0,-0.1,-1.0,-0.1
3,NONE,-1.0,-0.1,-1.0,-0.1
3,NONE,-1.0,-0.1,-1.0,-0.1
3,NONE,-1.0,-0.1,-1.0,-0.1
3,NONE,-1.0,-0.1,-1.0,-0.1
3,NONE,-1.0,-0.1,-1.0,-0.1
3,NONE,-1.0,-0.1,-1.0,-0.1
3,NONE,-1.0,-0.1,-1.0,-0.1
3,NONE,-1.0,-0.1,-1.0,-0.1
3,NONE,-1.0,-0.1,-1.0,-0.1
3,NONE,-1.0,-0.1,-1.0,-0.1
3,NONE,-1.0,-0.1,-1.0,-0.1
3,NONE,-1.0,-0.1,-1.0,-0.1
3,NONE,-1.0,-0.1,-1.0,-0.1
3,NONE,-1.0,-0.1,-1.0,-0.1
3,NONE,-1.0,-0.1,-1.0,-0.1
3,NONE,-1.0,-0.1,-1.0,-0.1
3,NONE,-1.0,-0.1,-1.0,-0.1
3,NONE,-1.0,-0.1,-1.0,-0.1
3,NONE,-1.0,-0.1,-1.0,-0.1
3,NONE,-1.0,-0.1,-1.0,-0.1
3,NONE,-1.0,-0.1,-1.0,-0.1
3,NONE,-1.0,-0.1,-1.0,-0.1
3,NONE,-1.0,-0.1,-1.0,-0.1
3,NONE,-1.0,-0.1,-1.0,-0.1
3,NONE,-1.0,-0.1,-1.0,-0.1
3,NONE,-1.0,-0.1,-1.0,-0.1
3,NONE,-1.0,-0.1,-1.0,-0.1
3,NONE,-1.0,-0.1,-1.0,-0.1
3,NONE,-1.0,-0.1,-1.0,-0.1
3,NONE,-1.0,-0.1,-1.0,-0.1
3,NONE,-1.0,-0.1,-1.0,-0.1
3,NONE,-1.0,-0.1,-1.0,-0.1
3,NONE,-1.0,-0.1,-1.0,-0.1
3,NONE,-1.0,-0.1,-1.0,-0.1
3,NONE,-1.0,-0.1,-1.0,-0.1
3,NONE,-1.0,-0.1,-1.0,-0.1
3,NONE,-1.0,-0.1,-1.0,-0.1
3,NONE,-1.0,-0.1,-1.0,-0.1
3,NONE,-1.0,-0.1,-1.0,-0.1
3,NONE,-1.0,-0.1,-1.0,-0.1
3,NONE,-1.0,-0.1,-1.0,-0.1
3,NONE,-1.0,-0.1,-1.0,-0.1
3,NONE,-1.0,-0.1,-1.0,-0.1
3,NONE,-1.0,-0.1,-1.0,-0.1
3,NONE,-1.0,-0.1,-1.0,-0.1
3,NONE,-1.0,-0.1,-1.0,-0.1
3,NONE,-1.0,-0.1,-1.0,-0.1
3,NONE,-1.0,-0.1,-1.0,-0.1
3,NONE,-1.0,-0.1,-1.0,-0.1
3,NONE,-1.0,-0.1,-1.0,-0.1
3,NONE,-1.0,-0.1,-1.0,-0.1
3,NONE,-1.0,-0.1,-1.0,-0.1
3,NONE,-1.0,-0.1,-1.0,-0.1
3,NONE,-1.0,-0.1,-1.0,-0.1
3,NONE,-1.0,-0.1,-1.0,-0.1
3,NONE,-1.0,-0.1,-1.0,-0.1
3,NONE,-1.0,-0.1,-1.0,-0.1
3,NONE,-1.0,-0.1,-1.0,-0.1
3,NONE,-1.0,-0.1,-1.0,-0.1
3,NONE,-1.0,-0.1,-1.0,-0.1
3,NONE,-1.0,-0.1,-1.0,-0.1
3,NONE,-1.0,-0.1,-1.0,-0.1
2,EV_B13_C008_Mototaxi_Electrica_P07,-1.0,-0.1,7.0,23.04123456400189
1,EV_B13_C008_Mototaxi_Electrica_P07,7.0,80.3564901144313,-1.0,23.04123456400189
1,EV_B13_C008_Mototaxi_Electrica_P07,6.0,80.3564901144313,-1.0,23.04123456400189
1,EV_B13_C008_Mototaxi_Electrica_P07,5.0,80.3564901144313,-1.0,23.04123456400189
1,EV_B13_C008_Mototaxi_Electrica_P07,4.0,80.3564901144313,-1.0,23.04123456400189
1,EV_B13_C008_Mototaxi_Electrica_P07,3.0,80.3564901144313,-1.0,23.04123456400189
1,EV_B13_C008_Mototaxi_Electrica_P07,2.0,80.3564901144313,-1.0,23.04123456400189
1,EV_B13_C008_Mototaxi_Electrica_P07,1.0,80.3564901144313,-1.0,23.04123456400189
1,EV_B13_C008_Mototaxi_Electrica_P07,0.0,80.3564901144313,-1.0,23.04123456400189
3,NONE,-1.0,-0.1,-1.0,-0.1
3,NONE,-1.0,-0.1,-1.0,-0.1
3,NONE,-1.0,-0.1,-1.0,-0.1
3,NONE,-1.0,-0.1,-1.0,-0.1
3,NONE,-1.0,-0.1,-1.0,-0.1
3,NONE,-1.0,-0.1,-1.0,-0.1
3,NONE,-1.0,-0.1,-1.0,-0.1
3,NONE,-1.0,-0.1,-1.0,-0.1
3,NONE,-1.0,-0.1,-1.0,-0.1
3,NONE,-1.0,-0.1,-1.0,-0.1
3,NONE,-1.0,-0.1,-1.0,-0.1
3,NONE,-1.0,-0.1,-1.0,-0.1
3,NONE,-1.0,-0.1,-1.0,-0.1
3,NONE,-1.0,-0.1,-1.0,-0.1
3,NONE,-1.0,-0.1,-1.0,-0.1
3,NONE,-1.0,-0.1,-1.0,-0.1
3,NONE,-1.0,-0.1,-1.0,-0.1
2,EV_B13_C008_Mototaxi_Electrica_P08,-1.0,-0.1,9.0,26.573051209990965
1,EV_B13_C008_Mototaxi_Electrica_P08,5.0,80.85852829829543,-1.0,26.573051209990965
1,EV_B13_C008_Mototaxi_Electrica_P08,4.0,80.85852829829543,-1.0,26.573051209990965
1,EV_B13_C008_Mototaxi_Electrica_P08,3.0,80.85852829829543,-1.0,26.573051209990965
1,EV_B13_C008_Mototaxi_Electrica_P08,2.0,80.85852829829543,-1.0,26.573051209990965
1,EV_B13_C008_Mototaxi_Electrica_P08,1.0,80.85852829829543,-1.0,26.573051209990965
1,EV_B13_C008_Mototaxi_Electrica_P08,0.0,80.85852829829543,-1.0,26.573051209990965
3,NONE,-1.0,-0.1,-1.0,-0.1
3,NONE,-1.0,-0.1,-1.0,-0.1
3,NONE,-1.0,-0.1,-1.0,-0.1
3,NONE,-1.0,-0.1,-1.0,-0.1
3,NONE,-1.0,-0.1,-1.0,-0.1
3,NONE,-1.0,-0.1,-1.0,-0.1
3,NONE,-1.0,-0.1,-1.0,-0.1
3,NONE,-1.0,-0.1,-1.0,-0.1
3,NONE,-1.0,-0.1,-1.0,-0.1
3,NONE,-1.0,-0.1,-1.0,-0.1
3,NONE,-1.0,-0.1,-1.0,-0.1
3,NONE,-1.0,-0.1,-1.0,-0.1
3,NONE,-1.0,-0.1,-1.0,-0.1
3,NONE,-1.0,-0.1,-1.0,-0.1
3,NONE,-1.0,-0.1,-1.0,-0.1
3,NONE,-1.0,-0.1,-1.0,-0.1
3,NONE,-1.0,-0.1,-1.0,-0.1
2,EV_B13_C008_Mototaxi_Electrica_P09,-1.0,-0.1,9.0,33.52580081870893
1,EV_B13_C008_Mototaxi_Electrica_P09,5.0,79.88189305398285,-1.0,33.52580081870893
1,EV_B13_C008_Mototaxi_Electrica_P09,4.0,79.88189305398285,-1.0,33.52580081870893
1,EV_B13_C008_Mototaxi_Electrica_P09,3.0,79.88189305398285,-1.0,33.52580081870893
1,EV_B13_C008_Mototaxi_Electrica_P09,2.0,79.88189305398285,-1.0,33.52580081870893
1,EV_B13_C008_Mototaxi_Electrica_P09,1.0,79.88189305398285,-1.0,33.52580081870893
1,EV_B13_C008_Mototaxi_Electrica_P09,0.0,79.88189305398285,-1.0,33.52580081870893
3,NONE,-1.0,-0.1,-1.0,-0.1
3,NONE,-1.0,-0.1,-1.0,-0.1
3,NONE,-1.0,-0.1,-1.0,-0.1
3,NONE,-1.0,-0.1,-1.0,-0.1
3,NONE,-1.0,-0.1,-1.0,-0.1
3,NONE,-1.0,-0.1,-1.0,-0.1
3,NONE,-1.0,-0.1,-1.0,-0.1
3,NONE,-1.0,-0.1,-1.0,-0.1
3,NONE,-1.0,-0.1,-1.0,-0.1
3,NONE,-1.0,-0.1,-1.0,-0.1
3,NONE,-1.0,-0.1,-1.0,-0.1
3,NONE,-1.0,-0.1,-1.0,-0.1
3,NONE,-1.0,-0.1,-1.0,-0.1
3,NONE,-1.0,-0.1,-1.0,-0.1
3,NONE,-1.0,-0.1,-1.0,-0.1
3,NONE,-1.0,-0.1,-1.0,-0.1
3,NONE,-1.0,-0.1,-1.0,-0.1
2,EV_B13_C008_Mototaxi_Electrica_P10,-1.0,-0.1,9.0,45.66566009573236
1,EV_B13_C008_Mototaxi_Electrica_P10,5.0,83.52892864213636,-1.0,45.66566009573236
1,EV_B13_C008_Mototaxi_Electrica_P10,4.0,83.52892864213636,-1.0,45.66566009573236
1,EV_B13_C008_Mototaxi_Electrica_P10,3.0,83.52892864213636,-1.0,45.66566009573236
1,EV_B13_C008_Mototaxi_Electrica_P10,2.0,83.52892864213636,-1.0,45.66566009573236
1,EV_B13_C008_Mototaxi_Electrica_P10,1.0,83.52892864213636,-1.0,45.66566009573236
1,EV_B13_C008_Mototaxi_Electrica_P10,0.0,83.52892864213636,-1.0,45.66566009573236
3,NONE,-1.0,-0.1,-1.0,-0.1
3,NONE,-1.0,-0.1,-1.0,-0.1
3,NONE,-1.0,-0.1,-1.0,-0.1
3,NONE,-1.0,-0.1,-1.0,-0.1
3,NONE,-1.0,-0.1,-1.0,-0.1
3,NONE,-1.0,-0.1,-1.0,-0.1
3,NONE,-1.0,-0.1,-1.0,-0.1
3,NONE,-1.0,-0.1,-1.0,-0.1
3,NONE,-1.0,-0.1,-1.0,-0.1
3,NONE,-1.0,-0.1,-1.0,-0.1
3,NONE,-1.0,-0.1,-1.0,-0.1
3,NONE,-1.0,-0.1,-1.0,-0.1
3,NONE,-1.0,-0.1,-1.0,-0.1
3,NONE,-1.0,-0.1,-1.0,-0.1
3,NONE,-1.0,-0.1,-1.0,-0.1
3,NONE,-1.0,-0.1,-1.0,-0.1
2,EV_B13_C008_Mototaxi_Electrica_P01,-1.0,-0.1,8.0,42.08462007043571
1,EV_B13_C008_Mototaxi_Electrica_P01,6.0,83.0064613145035,-1.0,42.08462007043571
1,EV_B13_C008_Mototaxi_Electrica_P01,5.0,83.0064613145035,-1.0,42.08462007043571
1,EV_B13_C008_Mototaxi_Electrica_P01,4.0,83.0064613145035,-1.0,42.08462007043571
1,EV_B13_C008_Mototaxi_Electrica_P01,3.0,83.0064613145035,-1.0,42.08462007043571
1,EV_B13_C008_Mototaxi_Electrica_P01,2.0,83.0064613145035,-1.0,42.08462007043571
1,EV_B13_C008_Mototaxi_Electrica_P01,1.0,83.0064613145035,-1.0,42.08462007043571
1,EV_B13_C008_Mototaxi_Electrica_P01,0.0,83.0064613145035,-1.0,42.08462007043571
3,NONE,-1.0,-0.1,-1.0,-0.1
3,NONE,-1.0,-0.1,-1.0,-0.1
3,NONE,-1.0,-0.1,-1.0,-0.1
3,NONE,-1.0,-0.1,-1.0,-0.1
3,NONE,-1.0,-0.1,-1.0,-0.1
3,NONE,-1.0,-0.1,-1.0,-0.1
3,NONE,-1.0,-0.1,-1.0,-0.1
3,NONE,-1.0,-0.1,-1.0,-0.1
3,NONE,-1.0,-0.1,-1.0,-0.1
3,NONE,-1.0,-0.1,-1.0,-0.1
3,NONE,-1.0,-0.1,-1.0,-0.1
3,NONE,-1.0,-0.1,-1.0,-0.1
3,NONE,-1.0,-0.1,-1.0,-0.1
3,NONE,-1.0,-0.1,-1.0,-0.1
3,NONE,-1.0,-0.1,-1.0,-0.1
3,NONE,-1.0,-0.1,-1.0,-0.1
3,NONE,-1.0,-0.1,-1.0,-0.1
3,NONE,-1.0,-0.1,-1.0,-0.1
3,NONE,-1.0,-0.1,-1.0,-0.1
3,NONE,-1.0,-0.1,-1.0,-0.1
3,NONE,-1.0,-0.1,-1.0,-0.1
3,NONE,-1.0,-0.1,-1.0,-0.1
3,NONE,-1.0,-0.1,-1.0,-0.1
3,NONE,-1.0,-0.1,-1.0,-0.1
3,NONE,-1.0,-0.1,-1.0,-0.1
3,NONE,-1.0,-0.1,-1.0,-0.1
3,NONE,-1.0,-0.1,-1.0,-0.1
3,NONE,-1.0,-0.1,-1.0,-0.1
3,NONE,-1.0,-0.1,-1.0,-0.1
3,NONE,-1.0,-0.1,-1.0,-0.1
3,NONE,-1.0,-0.1,-1.0,-0.1
3,NONE,-1.0,-0.1,-1.0,-0.1
3,NONE,-1.0,-0.1,-1.0,-0.1
3,NONE,-1.0,-0.1,-1.0,-0.1
3,NONE,-1.0,-0.1,-1.0,-0.1
3,NONE,-1.0,-0.1,-1.0,-0.1
3,NONE,-1.0,-0.1,-1.0,-0.1
3,NONE,-1.0,-0.1,-1.0,-0.1
3,NONE,-1.0,-0.1,-1.0,-0.1
3,NONE,-1.0,-0.1,-1.0,-0.1
3,NONE,-1.0,-0.1,-1.0,-0.1
3,NONE,-1.0,-0.1,-1.0,-0.1
3,NONE,-1.0,-0.1,-1.0,-0.1
3,NONE,-1.0,-0.1,-1.0,-0.1
3,NONE,-1.0,-0.1,-1.0,-0.1
3,NONE,-1.0,-0.1,-1.0,-0.1
3,NONE,-1.0,-0.1,-1.0,-0.1
3,NONE,-1.0,-0.1,-1.0,-0.1
3,NONE,-1.0,-0.1,-1.0,-0.1
3,NONE,-1.0,-0.1,-1.0,-0.1
3,NONE,-1.0,-0.1,-1.0,-0.1
3,NONE,-1.0,-0.1,-1.0,-0.1
3,NONE,-1.0,-0.1,-1.0,-0.1
3,NONE,-1.0,-0.1,-1.0,-0.1
3,NONE,-1.0,-0.1,-1.0,-0.1
3,NONE,-1.0,-0.1,-1.0,-0.1
3,NONE,-1.0,-0.1,-1.0,-0.1
3,NONE,-1.0,-0.1,-1.0,-0.1
3,NONE,-1.0,-0.1,-1.0,-0.1
3,NONE,-1.0,-0.1,-1.0,-0.1
3,NONE,-1.0,-0.1,-1.0,-0.1
3,NONE,-1.0,-0.1,-1.0,-0.1
3,NONE,-1.0,-0.1,-1.0,-0.1
2,EV_B13_C008_Mototaxi_Electrica_P02,-1.0,-0.1,7.0,44.83810533918504
1,EV_B13_C008_Mototaxi_Electrica_P02,6.0,78.80229630878836,-1.0,44.83810533918504
1,EV_B13_C008_Mototaxi_Electrica_P02,5.0,78.80229630878836,-1.0,44.83810533918504
1,EV_B13_C008_Mototaxi_Electrica_P02,4.0,78.80229630878836,-1.0,44.83810533918504
1,EV_B13_C008_Mototaxi_Electrica_P02,3.0,78.80229630878836,-1.0,44.83810533918504
1,EV_B13_C008_Mototaxi_Electrica_P02,2.0,78.80229630878836,-1.0,44.83810533918504
1,EV_B13_C008_Mototaxi_Electrica_P02,1.0,78.80229630878836,-1.0,44.83810533918504
1,EV_B13_C008_Mototaxi_Electrica_P02,0.0,78.80229630878836,-1.0,44.83810533918504
3,NONE,-1.0,-0.1,-1.0,-0.1
3,NONE,-1.0,-0.1,-1.0,-0.1
3,NONE,-1.0,-0.1,-1.0,-0.1
3,NONE,-1.0,-0.1,-1.0,-0.1
3,NONE,-1.0,-0.1,-1.0,-0.1
3,NONE,-1.0,-0.1,-1.0,-0.1
3,NONE,-1.0,-0.1,-1.0,-0.1
3,NONE,-1.0,-0.1,-1.0,-0.1
3,NONE,-1.0,-0.1,-1.0,-0.1
3,NONE,-1.0,-0.1,-1.0,-0.1
3,NONE,-1.0,-0.1,-1.0,-0.1
3,NONE,-1.0,-0.1,-1.0,-0.1
3,NONE,-1.0,-0.1,-1.0,-0.1
3,NONE,-1.0,-0.1,-1.0,-0.1
3,NONE,-1.0,-0.1,-1.0,-0.1
3,NONE,-1.0,-0.1,-1.0,-0.1
3,NONE,-1.0,-0.1,-1.0,-0.1
3,NONE,-1.0,-0.1,-1.0,-0.1
3,NONE,-1.0,-0.1,-1.0,-0.1
3,NONE,-1.0,-0.1,-1.0,-0.1
3,NONE,-1.0,-0.1,-1.0,-0.1
3,NONE,-1.0,-0.1,-1.0,-0.1
3,NONE,-1.0,-0.1,-1.0,-0.1
3,NONE,-1.0,-0.1,-1.0,-0.1
3,NONE,-1.0,-0.1,-1.0,-0.1
3,NONE,-1.0,-0.1,-1.0,-0.1
3,NONE,-1.0,-0.1,-1.0,-0.1
3,NONE,-1.0,-0.1,-1.0,-0.1
3,NONE,-1.0,-0.1,-1.0,-0.1
3,NONE,-1.0,-0.1,-1.0,-0.1
3,NONE,-1.0,-0.1,-1.0,-0.1
3,NONE,-1.0,-0.1,-1.0,-0.1
3,NONE,-1.0,-0.1,-1.0,-0.1
3,NONE,-1.0,-0.1,-1.0,-0.1
3,NONE,-1.0,-0.1,-1.0,-0.1
3,NONE,-1.0,-0.1,-1.0,-0.1
3,NONE,-1.0,-0.1,-1.0,-0.1
3,NONE,-1.0,-0.1,-1.0,-0.1
3,NONE,-1.0,-0.1,-1.0,-0.1
3,NONE,-1.0,-0.1,-1.0,-0.1
3,NONE,-1.0,-0.1,-1.0,-0.1
2,EV_B13_C008_Mototaxi_Electrica_P03,-1.0,-0.1,8.0,32.323380185821854
1,EV_B13_C008_Mototaxi_Electrica_P03,6.0,74.88651750467156,-1.0,32.323380185821854
1,EV_B13_C008_Mototaxi_Electrica_P03,5.0,74.88651750467156,-1.0,32.323380185821854
1,EV_B13_C008_Mototaxi_Electrica_P03,4.0,74.88651750467156,-1.0,32.323380185821854
1,EV_B13_C008_Mototaxi_Electrica_P03,3.0,74.88651750467156,-1.0,32.323380185821854
1,EV_B13_C008_Mototaxi_Electrica_P03,2.0,74.88651750467156,-1.0,32.323380185821854
1,EV_B13_C008_Mototaxi_Electrica_P03,1.0,74.88651750467156,-1.0,32.323380185821854
1,EV_B13_C008_Mototaxi_Electrica_P03,0.0,74.88651750467156,-1.0,32.323380185821854
3,NONE,-1.0,-0.1,-1.0,-0.1
3,NONE,-1.0,-0.1,-1.0,-0.1
3,NONE,-1.0,-0.1,-1.0,-0.1
3,NONE,-1.0,-0.1,-1.0,-0.1
3,NONE,-1.0,-0.1,-1.0,-0.1
3,NONE,-1.0,-0.1,-1.0,-0.1
3,NONE,-1.0,-0.1,-1.0,-0.1
3,NONE,-1.0,-0.1,-1.0,-0.1
3,NONE,-1.0,-0.1,-1.0,-0.1
3,NONE,-1.0,-0.1,-1.0,-0.1
3,NONE,-1.0,-0.1,-1.0,-0.1
3,NONE,-1.0,-0.1,-1.0,-0.1
3,NONE,-1.0,-0.1,-1.0,-0.1
3,NONE,-1.0,-0.1,-1.0,-0.1
3,NONE,-1.0,-0.1,-1.0,-0.1
3,NONE,-1.0,-0.1,-1.0,-0.1
2,EV_B13_C008_Mototaxi_Electrica_P04,-1.0,-0.1,8.0,43.42939055019643
1,EV_B13_C008_Mototaxi_Electrica_P04,6.0,93.97066820013916,-1.0,43.42939055019643
1,EV_B13_C008_Mototaxi_Electrica_P04,5.0,93.97066820013916,-1.0,43.42939055019643
1,EV_B13_C008_Mototaxi_Electrica_P04,4.0,93.97066820013916,-1.0,43.42939055019643
1,EV_B13_C008_Mototaxi_Electrica_P04,3.0,93.97066820013916,-1.0,43.42939055019643
1,EV_B13_C008_Mototaxi_Electrica_P04,2.0,93.97066820013916,-1.0,43.42939055019643
1,EV_B13_C008_Mototaxi_Electrica_P04,1.0,93.97066820013916,-1.0,43.42939055019643
1,EV_B13_C008_Mototaxi_Electrica_P04,0.0,93.97066820013916,-1.0,43.42939055019643
3,NONE,-1.0,-0.1,-1.0,-0.1
3,NONE,-1.0,-0.1,-1.0,-0.1
3,NONE,-1.0,-0.1,-1.0,-0.1
3,NONE,-1.0,-0.1,-1.0,-0.1
3,NONE,-1.0,-0.1,-1.0,-0.1
3,NONE,-1.0,-0.1,-1.0,-0.1
3,NONE,-1.0,-0.1,-1.0,-0.1
3,NONE,-1.0,-0.1,-1.0,-0.1
3,NONE,-1.0,-0.1,-1.0,-0.1
3,NONE,-1.0,-0.1,-1.0,-0.1
3,NONE,-1.0,-0.1,-1.0,-0.1
3,NONE,-1.0,-0.1,-1.0,-0.1
3,NONE,-1.0,-0.1,-1.0,-0.1
3,NONE,-1.0,-0.1,-1.0,-0.1
3,NONE,-1.0,-0.1,-1.0,-0.1
3,NONE,-1.0,-0.1,-1.0,-0.1
3,NONE,-1.0,-0.1,-1.0,-0.1
2,EV_B13_C008_Mototaxi_Electrica_P05,-1.0,-0.1,9.0,31.974193277303005
1,EV_B13_C008_Mototaxi_Electrica_P05,5.0,76.70110106317696,-1.0,31.974193277303005
1,EV_B13_C008_Mototaxi_Electrica_P05,4.0,76.70110106317696,-1.0,31.974193277303005
1,EV_B13_C008_Mototaxi_Electrica_P05,3.0,76.70110106317696,-1.0,31.974193277303005
1,EV_B13_C008_Mototaxi_Electrica_P05,2.0,76.70110106317696,-1.0,31.974193277303005
1,EV_B13_C008_Mototaxi_Electrica_P05,1.0,76.70110106317696,-1.0,31.974193277303005
1,EV_B13_C008_Mototaxi_Electrica_P05,0.0,76.70110106317696,-1.0,31.974193277303005
3,NONE,-1.0,-0.1,-1.0,-0.1
3,NONE,-1.0,-0.1,-1.0,-0.1
3,NONE,-1.0,-0.1,-1.0,-0.1
3,NONE,-1.0,-0.1,-1.0,-0.1
3,NONE,-1.0,-0.1,-1.0,-0.1
3,NONE,-1.0,-0.1,-1.0,-0.1
3,NONE,-1.0,-0.1,-1.0,-0.1
3,NONE,-1.0,-0.1,-1.0,-0.1
3,NONE,-1.0,-0.1,-1.0,-0.1
3,NONE,-1.0,-0.1,-1.0,-0.1
3,NONE,-1.0,-0.1,-1.0,-0.1
3,NONE,-1.0,-0.1,-1.0,-0.1
3,NONE,-1.0,-0.1,-1.0,-0.1
3,NONE,-1.0,-0.1,-1.0,-0.1
3,NONE,-1.0,-0.1,-1.0,-0.1
3,NONE,-1.0,-0.1,-1.0,-0.1
3,NONE,-1.0,-0.1,-1.0,-0.1
3,NONE,-1.0,-0.1,-1.0,-0.1
3,NONE,-1.0,-0.1,-1.0,-0.1
3,NONE,-1.0,-0.1,-1.0,-0.1
3,NONE,-1.0,-0.1,-1.0,-0.1
3,NONE,-1.0,-0.1,-1.0,-0.1
3,NONE,-1.0,-0.1,-1.0,-0.1
3,NONE,-1.0,-0.1,-1.0,-0.1
3,NONE,-1.0,-0.1,-1.0,-0.1
3,NONE,-1.0,-0.1,-1.0,-0.1
3,NONE,-1.0,-0.1,-1.0,-0.1
3,NONE,-1.0,-0.1,-1.0,-0.1
3,NONE,-1.0,-0.1,-1.0,-0.1
3,NONE,-1.0,-0.1,-1.0,-0.1
3,NONE,-1.0,-0.1,-1.0,-0.1
3,NONE,-1.0,-0.1,-1.0,-0.1
3,NONE,-1.0,-0.1,-1.0,-0.1
3,NONE,-1.0,-0.1,-1.0,-0.1
3,NONE,-1.0,-0.1,-1.0,-0.1
3,NONE,-1.0,-0.1,-1.0,-0.1
3,NONE,-1.0,-0.1,-1.0,-0.1
3,NONE,-1.0,-0.1,-1.0,-0.1
3,NONE,-1.0,-0.1,-1.0,-0.1
3,NONE,-1.0,-0.1,-1.0,-0.1
3,NONE,-1.0,-0.1,-1.0,-0.1
3,NONE,-1.0,-0.1,-1.0,-0.1
3,NONE,-1.0,-0.1,-1.0,-0.1
3,NONE,-1.0,-0.1,-1.0,-0.1
3,NONE,-1.0,-0.1,-1.0,-0.1
3,NONE,-1.0,-0.1,-1.0,-0.1
3,NONE,-1.0,-0.1,-1.0,-0.1
3,NONE,-1.0,-0.1,-1.0,-0.1
3,NONE,-1.0,-0.1,-1.0,-0.1
3,NONE,-1.0,-0.1,-1.0,-0.1
3,NONE,-1.0,-0.1,-1.0,-0.1
3,NONE,-1.0,-0.1,-1.0,-0.1
3,NONE,-1.0,-0.1,-1.0,-0.1
3,NONE,-1.0,-0.1,-1.0,-0.1
3,NONE,-1.0,-0.1,-1.0,-0.1
3,NONE,-1.0,-0.1,-1.0,-0.1
3,NONE,-1.0,-0.1,-1.0,-0.1
3,NONE,-1.0,-0.1,-1.0,-0.1
3,NONE,-1.0,-0.1,-1.0,-0.1
3,NONE,-1.0,-0.1,-1.0,-0.1
3,NONE,-1.0,-0.1,-1.0,-0.1
3,NONE,-1.0,-0.1,-1.0,-0.1
3,NONE,-1.0,-0.1,-1.0,-0.1
2,EV_B13_C008_Mototaxi_Electrica_P06,-1.0,-0.1,7.0,54.30939776564295
1,EV_B13_C008_Mototaxi_Electrica_P06,7.0,82.5782376521043,-1.0,54.30939776564295
1,EV_B13_C008_Mototaxi_Electrica_P06,6.0,82.5782376521043,-1.0,54.30939776564295
1,EV_B13_C008_Mototaxi_Electrica_P06,5.0,82.5782376521043,-1.0,54.30939776564295
1,EV_B13_C008_Mototaxi_Electrica_P06,4.0,82.5782376521043,-1.0,54.30939776564295
1,EV_B13_C008_Mototaxi_Electrica_P06,3.0,82.5782376521043,-1.0,54.30939776564295
1,EV_B13_C008_Mototaxi_Electrica_P06,2.0,82.5782376521043,-1.0,54.30939776564295
1,EV_B13_C008_Mototaxi_Electrica_P06,1.0,82.5782376521043,-1.0,54.30939776564295
1,EV_B13_C008_Mototaxi_Electrica_P06,0.0,82.5782376521043,-1.0,54.30939776564295
3,NONE,-1.0,-0.1,-1.0,-0.1
3,NONE,-1.0,-0.1,-1.0,-0.1
3,NONE,-1.0,-0.1,-1.0,-0.1
3,NONE,-1.0,-0.1,-1.0,-0.1
3,NONE,-1.0,-0.1,-1.0,-0.1
3,NONE,-1.0,-0.1,-1.0,-0.1
3,NONE,-1.0,-0.1,-1.0,-0.1
3,NONE,-1.0,-0.1,-1.0,-0.1
3,NONE,-1.0,-0.1,-1.0,-0.1
3,NONE,-1.0,-0.1,-1.0,-0.1
3,NONE,-1.0,-0.1,-1.0,-0.1
3,NONE,-1.0,-0.1,-1.0,-0.1
3,NONE,-1.0,-0.1,-1.0,-0.1
3,NONE,-1.0,-0.1,-1.0,-0.1
3,NONE,-1.0,-0.1,-1.0,-0.1
2,EV_B13_C008_Mototaxi_Electrica_P07,-1.0,-0.1,7.0,45.20083240351988
1,EV_B13_C008_Mototaxi_Electrica_P07,4.0,81.69279431104641,-1.0,45.20083240351988
1,EV_B13_C008_Mototaxi_Electrica_P07,3.0,81.69279431104641,-1.0,45.20083240351988
1,EV_B13_C008_Mototaxi_Electrica_P07,2.0,81.69279431104641,-1.0,45.20083240351988
1,EV_B13_C008_Mototaxi_Electrica_P07,1.0,81.69279431104641,-1.0,45.20083240351988
1,EV_B13_C008_Mototaxi_Electrica_P07,0.0,81.69279431104641,-1.0,45.20083240351988
3,NONE,-1.0,-0.1,-1.0,-0.1
3,NONE,-1.0,-0.1,-1.0,-0.1
3,NONE,-1.0,-0.1,-1.0,-0.1
3,NONE,-1.0,-0.1,-1.0,-0.1
3,NONE,-1.0,-0.1,-1.0,-0.1
3,NONE,-1.0,-0.1,-1.0,-0.1
3,NONE,-1.0,-0.1,-1.0,-0.1
3,NONE,-1.0,-0.1,-1.0,-0.1
3,NONE,-1.0,-0.1,-1.0,-0.1
3,NONE,-1.0,-0.1,-1.0,-0.1
3,NONE,-1.0,-0.1,-1.0,-0.1
3,NONE,-1.0,-0.1,-1.0,-0.1
3,NONE,-1.0,-0.1,-1.0,-0.1
3,NONE,-1.0,-0.1,-1.0,-0.1
3,NONE,-1.0,-0.1,-1.0,-0.1
3,NONE,-1.0,-0.1,-1.0,-0.1
3,NONE,-1.0,-0.1,-1.0,-0.1
3,NONE,-1.0,-0.1,-1.0,-0.1
2,EV_B13_C008_Mototaxi_Electrica_P08,-1.0,-0.1,7.0,55.37390770384498
1,EV_B13_C008_Mototaxi_Electrica_P08,5.0,81.34842434901573,-1.0,55.37390770384498
1,EV_B13_C008_Mototaxi_Electrica_P08,4.0,81.34842434901573,-1.0,55.37390770384498
1,EV_B13_C008_Mototaxi_Electrica_P08,3.0,81.34842434901573,-1.0,55.37390770384498
1,EV_B13_C008_Mototaxi_Electrica_P08,2.0,81.34842434901573,-1.0,55.37390770384498
1,EV_B13_C008_Mototaxi_Electrica_P08,1.0,81.34842434901573,-1.0,55.37390770384498
1,EV_B13_C008_Mototaxi_Electrica_P08,0.0,81.34842434901573,-1.0,55.37390770384498
3,NONE,-1.0,-0.1,-1.0,-0.1
3,NONE,-1.0,-0.1,-1.0,-0.1
3,NONE,-1.0,-0.1,-1.0,-0.1
3,NONE,-1.0,-0.1,-1.0,-0.1
3,NONE,-1.0,-0.1,-1.0,-0.1
3,NONE,-1.0,-0.1,-1.0,-0.1
3,NONE,-1.0,-0.1,-1.0,-0.1
3,NONE,-1.0,-0.1,-1.0,-0.1
3,NONE,-1.0,-0.1,-1.0,-0.1
3,NONE,-1.0,-0.1,-1.0,-0.1
3,NONE,-1.0,-0.1,-1.0,-0.1
3,NONE,-1.0,-0.1,-1.0,-0.1
3,NONE,-1.0,-0.1,-1.0,-0.1
3,NONE,-1.0,-0.1,-1.0,-0.1
3,NONE,-1.0,-0.1,-1.0,-0.1
3,NONE,-1.0,-0.1,-1.0,-0.1
3,NONE,-1.0,-0.1,-1.0,-0.1
3,NONE,-1.0,-0.1,-1.0,-0.1
3,NONE,-1.0,-0.1,-1.0,-0.1
2,EV_B13_C008_Mototaxi_Electrica_P09,-1.0,-0.1,9.0,36.69679453209568
1,EV_B13_C008_Mototaxi_Electrica_P09,5.0,83.85341738577357,-1.0,36.69679453209568
1,EV_B13_C008_Mototaxi_Electrica_P09,4.0,83.85341738577357,-1.0,36.69679453209568
1,EV_B13_C008_Mototaxi_Electrica_P09,3.0,83.85341738577357,-1.0,36.69679453209568
1,EV_B13_C008_Mototaxi_Electrica_P09,2.0,83.85341738577357,-1.0,36.69679453209568
1,EV_B13_C008_Mototaxi_Electrica_P09,1.0,83.85341738577357,-1.0,36.69679453209568
1,EV_B13_C008_Mototaxi_Electrica_P09,0.0,83.85341738577357,-1.0,36.69679453209568
3,NONE,-1.0,-0.1,-1.0,-0.1
3,NONE,-1.0,-0.1,-1.0,-0.1
3,NONE,-1.0,-0.1,-1.0,-0.1
3,NONE,-1.0,-0.1,-1.0,-0.1
3,NONE,-1.0,-0.1,-1.0,-0.1
3,NONE,-1.0,-0.1,-1.0,-0.1
3,NONE,-1.0,-0.1,-1.0,-0.1
3,NONE,-1.0,-0.1,-1.0,-0.1
3,NONE,-1.0,-0.1,-1.0,-0.1
3,NONE,-1.0,-0.1,-1.0,-0.1
3,NONE,-1.0,-0.1,-1.0,-0.1
3,NONE,-1.0,-0.1,-1.0,-0.1
3,NONE,-1.0,-0.1,-1.0,-0.1
3,NONE,-1.0,-0.1,-1.0,-0.1
3,NONE,-1.0,-0.1,-1.0,-0.1
3,NONE,-1.0,-0.1,-1.0,-0.1
3,NONE,-1.0,-0.1,-1.0,-0.1
3,NONE,-1.0,-0.1,-1.0,-0.1
3,NONE,-1.0,-0.1,-1.0,-0.1
3,NONE,-1.0,-0.1,-1.0,-0.1
3,NONE,-1.0,-0.1,-1.0,-0.1
3,NONE,-1.0,-0.1,-1.0,-0.1
3,NONE,-1.0,-0.1,-1.0,-0.1
3,NONE,-1.0,-0.1,-1.0,-0.1
3,NONE,-1.0,-0.1,-1.0,-0.1
3,NONE,-1.0,-0.1,-1.0,-0.1
3,NONE,-1.0,-0.1,-1.0,-0.1
3,NONE,-1.0,-0.1,-1.0,-0.1
3,NONE,-1.0,-0.1,-1.0,-0.1
3,NONE,-1.0,-0.1,-1.0,-0.1
3,NONE,-1.0,-0.1,-1.0,-0.1
3,NONE,-1.0,-0.1,-1.0,-0.1
3,NONE,-1.0,-0.1,-1.0,-0.1
3,NONE,-1.0,-0.1,-1.0,-0.1
3,NONE,-1.0,-0.1,-1.0,-0.1
3,NONE,-1.0,-0.1,-1.0,-0.1
3,NONE,-1.0,-0.1,-1.0,-0.1
3,NONE,-1.0,-0.1,-1.0,-0.1
3,NONE,-1.0,-0.1,-1.0,-0.1
3,NONE,-1.0,-0.1,-1.0,-0.1
3,NONE,-1.0,-0.1,-1.0,-0.1
3,NONE,-1.0,-0.1,-1.0,-0.1
3,NONE,-1.0,-0.1,-1.0,-0.1
3,NONE,-1.0,-0.1,-1.0,-0.1
3,NONE,-1.0,-0.1,-1.0,-0.1
3,NONE,-1.0,-0.1,-1.0,-0.1
3,NONE,-1.0,-0.1,-1.0,-0.1
3,NONE,-1.0,-0.1,-1.0,-0.1
3,NONE,-1.0,-0.1,-1.0,-0.1
3,NONE,-1.0,-0.1,-1.0,-0.1
3,NONE,-1.0,-0.1,-1.0,-0.1
3,NONE,-1.0,-0.1,-1.0,-0.1
3,NONE,-1.0,-0.1,-1.0,-0.1
3,NONE,-1.0,-0.1,-1.0,-0.1
3,NONE,-1.0,-0.1,-1.0,-0.1
3,NONE,-1.0,-0.1,-1.0,-0.1
3,NONE,-1.0,-0.1,-1.0,-0.1
3,NONE,-1.0,-0.1,-1.0,-0.1
3,NONE,-1.0,-0.1,-1.0,-0.1
3,NONE,-1.0,-0.1,-1.0,-0.1
3,NONE,-1.0,-0.1,-1.0,-0.1
3,NONE,-1.0,-0.1,-1.0,-0.1
3,NONE,-1.0,-0.1,-1.0,-0.1
3,NONE,-1.0,-0.1,-1.0,-0.1
3,NONE,-1.0,-0.1,-1.0,-0.1
3,NONE,-1.0,-0.1,-1.0,-0.1
3,NONE,-1.0,-0.1,-1.0,-0.1
3,NONE,-1.0,-0.1,-1.0,-0.1
3,NONE,-1.0,-0.1,-1.0,-0.1
3,NONE,-1.0,-0.1,-1.0,-0.1
3,NONE,-1.0,-0.1,-1.0,-0.1
3,NONE,-1.0,-0.1,-1.0,-0.1
3,NONE,-1.0,-0.1,-1.0,-0.1
3,NONE,-1.0,-0.1,-1.0,-0.1
3,NONE,-1.0,-0.1,-1.0,-0.1
3,NONE,-1.0,-0.1,-1.0,-0.1
3,NONE,-1.0,-0.1,-1.0,-0.1
3,NONE,-1.0,-0.1,-1.0,-0.1
3,NONE,-1.0,-0.1,-1.0,-0.1
3,NONE,-1.0,-0.1,-1.0,-0.1
3,NONE,-1.0,-0.1,-1.0,-0.1
3,NONE,-1.0,-0.1,-1.0,-0.1
3,NONE,-1.0,-0.1,-1.0,-0.1
3,NONE,-1.0,-0.1,-1.0,-0.1
3,NONE,-1.0,-0.1,-1.0,-0.1
3,NONE,-1.0,-0.1,-1.0,-0.1
3,NONE,-1.0,-0.1,-1.0,-0.1
2,EV_B13_C008_Mototaxi_Electrica_P10,-1.0,-0.1,7.0,18.884218277098917
1,EV_B13_C008_Mototaxi_Electrica_P10,7.0,81.84123819481806,-1.0,18.884218277098917
1,EV_B13_C008_Mototaxi_Electrica_P10,6.0,81.84123819481806,-1.0,18.884218277098917
1,EV_B13_C008_Mototaxi_Electrica_P10,5.0,81.84123819481806,-1.0,18.884218277098917
1,EV_B13_C008_Mototaxi_Electrica_P10,4.0,81.84123819481806,-1.0,18.884218277098917
1,EV_B13_C008_Mototaxi_Electrica_P10,3.0,81.84123819481806,-1.0,18.884218277098917
1,EV_B13_C008_Mototaxi_Electrica_P10,2.0,81.84123819481806,-1.0,18.884218277098917
1,EV_B13_C008_Mototaxi_Electrica_P10,1.0,81.84123819481806,-1.0,18.884218277098917
1,EV_B13_C008_Mototaxi_Electrica_P10,0.0,81.84123819481806,-1.0,18.884218277098917
3,NONE,-1.0,-0.1,-1.0,-0.1
3,NONE,-1.0,-0.1,-1.0,-0.1
3,NONE,-1.0,-0.1,-1.0,-0.1
3,NONE,-1.0,-0.1,-1.0,-0.1
3,NONE,-1.0,-0.1,-1.0,-0.1
3,NONE,-1.0,-0.1,-1.0,-0.1
3,NONE,-1.0,-0.1,-1.0,-0.1
3,NONE,-1.0,-0.1,-1.0,-0.1
3,NONE,-1.0,-0.1,-1.0,-0.1
3,NONE,-1.0,-0.1,-1.0,-0.1
3,NONE,-1.0,-0.1,-1.0,-0.1
3,NONE,-1.0,-0.1,-1.0,-0.1
3,NONE,-1.0,-0.1,-1.0,-0.1
3,NONE,-1.0,-0.1,-1.0,-0.1
3,NONE,-1.0,-0.1,-1.0,-0.1
3,NONE,-1.0,-0.1,-1.0,-0.1
3,NONE,-1.0,-0.1,-1.0,-0.1
2,EV_B13_C008_Mototaxi_Electrica_P01,-1.0,-0.1,9.0,26.324600839981052
1,EV_B13_C008_Mototaxi_Electrica_P01,5.0,72.2472445846796,-1.0,26.324600839981052
1,EV_B13_C008_Mototaxi_Electrica_P01,4.0,72.2472445846796,-1.0,26.324600839981052
1,EV_B13_C008_Mototaxi_Electrica_P01,3.0,72.2472445846796,-1.0,26.324600839981052
1,EV_B13_C008_Mototaxi_Electrica_P01,2.0,72.2472445846796,-1.0,26.324600839981052
1,EV_B13_C008_Mototaxi_Electrica_P01,1.0,72.2472445846796,-1.0,26.324600839981052
1,EV_B13_C008_Mototaxi_Electrica_P01,0.0,72.2472445846796,-1.0,26.324600839981052
3,NONE,-1.0,-0.1,-1.0,-0.1
3,NONE,-1.0,-0.1,-1.0,-0.1
3,NONE,-1.0,-0.1,-1.0,-0.1
3,NONE,-1.0,-0.1,-1.0,-0.1
3,NONE,-1.0,-0.1,-1.0,-0.1
3,NONE,-1.0,-0.1,-1.0,-0.1
3,NONE,-1.0,-0.1,-1.0,-0.1
3,NONE,-1.0,-0.1,-1.0,-0.1
3,NONE,-1.0,-0.1,-1.0,-0.1
3,NONE,-1.0,-0.1,-1.0,-0.1
3,NONE,-1.0,-0.1,-1.0,-0.1
3,NONE,-1.0,-0.1,-1.0,-0.1
3,NONE,-1.0,-0.1,-1.0,-0.1
3,NONE,-1.0,-0.1,-1.0,-0.1
3,NONE,-1.0,-0.1,-1.0,-0.1
2,EV_B13_C008_Mototaxi_Electrica_P02,-1.0,-0.1,7.0,29.559880726307753
1,EV_B13_C008_Mototaxi_Electrica_P02,7.0,89.40912115554896,-1.0,29.559880726307753
1,EV_B13_C008_Mototaxi_Electrica_P02,6.0,89.40912115554896,-1.0,29.559880726307753
1,EV_B13_C008_Mototaxi_Electrica_P02,5.0,89.40912115554896,-1.0,29.559880726307753
1,EV_B13_C008_Mototaxi_Electrica_P02,4.0,89.40912115554896,-1.0,29.559880726307753
1,EV_B13_C008_Mototaxi_Electrica_P02,3.0,89.40912115554896,-1.0,29.559880726307753
1,EV_B13_C008_Mototaxi_Electrica_P02,2.0,89.40912115554896,-1.0,29.559880726307753
1,EV_B13_C008_Mototaxi_Electrica_P02,1.0,89.40912115554896,-1.0,29.559880726307753
1,EV_B13_C008_Mototaxi_Electrica_P02,0.0,89.40912115554896,-1.0,29.559880726307753
3,NONE,-1.0,-0.1,-1.0,-0.1
3,NONE,-1.0,-0.1,-1.0,-0.1
3,NONE,-1.0,-0.1,-1.0,-0.1
3,NONE,-1.0,-0.1,-1.0,-0.1
3,NONE,-1.0,-0.1,-1.0,-0.1
3,NONE,-1.0,-0.1,-1.0,-0.1
3,NONE,-1.0,-0.1,-1.0,-0.1
3,NONE,-1.0,-0.1,-1.0,-0.1
3,NONE,-1.0,-0.1,-1.0,-0.1
3,NONE,-1.0,-0.1,-1.0,-0.1
3,NONE,-1.0,-0.1,-1.0,-0.1
3,NONE,-1.0,-0.1,-1.0,-0.1
3,NONE,-1.0,-0.1,-1.0,-0.1
3,NONE,-1.0,-0.1,-1.0,-0.1
3,NONE,-1.0,-0.1,-1.0,-0.1
3,NONE,-1.0,-0.1,-1.0,-0.1
2,EV_B13_C008_Mototaxi_Electrica_P03,-1.0,-0.1,8.0,36.287818148806714
1,EV_B13_C008_Mototaxi_Electrica_P03,6.0,81.73678044764156,-1.0,36.287818148806714
1,EV_B13_C008_Mototaxi_Electrica_P03,5.0,81.73678044764156,-1.0,36.287818148806714
1,EV_B13_C008_Mototaxi_Electrica_P03,4.0,81.73678044764156,-1.0,36.287818148806714
1,EV_B13_C008_Mototaxi_Electrica_P03,3.0,81.73678044764156,-1.0,36.287818148806714
1,EV_B13_C008_Mototaxi_Electrica_P03,2.0,81.73678044764156,-1.0,36.287818148806714
1,EV_B13_C008_Mototaxi_Electrica_P03,1.0,81.73678044764156,-1.0,36.287818148806714
1,EV_B13_C008_Mototaxi_Electrica_P03,0.0,81.73678044764156,-1.0,36.287818148806714
3,NONE,-1.0,-0.1,-1.0,-0.1
3,NONE,-1.0,-0.1,-1.0,-0.1
3,NONE,-1.0,-0.1,-1.0,-0.1
3,NONE,-1.0,-0.1,-1.0,-0.1
3,NONE,-1.0,-0.1,-1.0,-0.1
3,NONE,-1.0,-0.1,-1.0,-0.1
3,NONE,-1.0,-0.1,-1.0,-0.1
3,NONE,-1.0,-0.1,-1.0,-0.1
3,NONE,-1.0,-0.1,-1.0,-0.1
3,NONE,-1.0,-0.1,-1.0,-0.1
3,NONE,-1.0,-0.1,-1.0,-0.1
3,NONE,-1.0,-0.1,-1.0,-0.1
3,NONE,-1.0,-0.1,-1.0,-0.1
3,NONE,-1.0,-0.1,-1.0,-0.1
3,NONE,-1.0,-0.1,-1.0,-0.1
3,NONE,-1.0,-0.1,-1.0,-0.1
3,NONE,-1.0,-0.1,-1.0,-0.1
3,NONE,-1.0,-0.1,-1.0,-0.1
3,NONE,-1.0,-0.1,-1.0,-0.1
3,NONE,-1.0,-0.1,-1.0,-0.1
3,NONE,-1.0,-0.1,-1.0,-0.1
3,NONE,-1.0,-0.1,-1.0,-0.1
3,NONE,-1.0,-0.1,-1.0,-0.1
3,NONE,-1.0,-0.1,-1.0,-0.1
3,NONE,-1.0,-0.1,-1.0,-0.1
3,NONE,-1.0,-0.1,-1.0,-0.1
3,NONE,-1.0,-0.1,-1.0,-0.1
3,NONE,-1.0,-0.1,-1.0,-0.1
3,NONE,-1.0,-0.1,-1.0,-0.1
3,NONE,-1.0,-0.1,-1.0,-0.1
3,NONE,-1.0,-0.1,-1.0,-0.1
3,NONE,-1.0,-0.1,-1.0,-0.1
3,NONE,-1.0,-0.1,-1.0,-0.1
3,NONE,-1.0,-0.1,-1.0,-0.1
3,NONE,-1.0,-0.1,-1.0,-0.1
3,NONE,-1.0,-0.1,-1.0,-0.1
3,NONE,-1.0,-0.1,-1.0,-0.1
3,NONE,-1.0,-0.1,-1.0,-0.1
3,NONE,-1.0,-0.1,-1.0,-0.1
3,NONE,-1.0,-0.1,-1.0,-0.1
3,NONE,-1.0,-0.1,-1.0,-0.1
3,NONE,-1.0,-0.1,-1.0,-0.1
3,NONE,-1.0,-0.1,-1.0,-0.1
3,NONE,-1.0,-0.1,-1.0,-0.1
3,NONE,-1.0,-0.1,-1.0,-0.1
3,NONE,-1.0,-0.1,-1.0,-0.1
3,NONE,-1.0,-0.1,-1.0,-0.1
3,NONE,-1.0,-0.1,-1.0,-0.1
3,NONE,-1.0,-0.1,-1.0,-0.1
3,NONE,-1.0,-0.1,-1.0,-0.1
3,NONE,-1.0,-0.1,-1.0,-0.1
3,NONE,-1.0,-0.1,-1.0,-0.1
3,NONE,-1.0,-0.1,-1.0,-0.1
3,NONE,-1.0,-0.1,-1.0,-0.1
3,NONE,-1.0,-0.1,-1.0,-0.1
3,NONE,-1.0,-0.1,-1.0,-0.1
3,NONE,-1.0,-0.1,-1.0,-0.1
3,NONE,-1.0,-0.1,-1.0,-0.1
3,NONE,-1.0,-0.1,-1.0,-0.1
3,NONE,-1.0,-0.1,-1.0,-0.1
3,NONE,-1.0,-0.1,-1.0,-0.1
3,NONE,-1.0,-0.1,-1.0,-0.1
3,NONE,-1.0,-0.1,-1.0,-0.1
3,NONE,-1.0,-0.1,-1.0,-0.1
3,NONE,-1.0,-0.1,-1.0,-0.1
3,NONE,-1.0,-0.1,-1.0,-0.1
3,NONE,-1.0,-0.1,-1.0,-0.1
3,NONE,-1.0,-0.1,-1.0,-0.1
3,NONE,-1.0,-0.1,-1.0,-0.1
3,NONE,-1.0,-0.1,-1.0,-0.1
3,NONE,-1.0,-0.1,-1.0,-0.1
3,NONE,-1.0,-0.1,-1.0,-0.1
3,NONE,-1.0,-0.1,-1.0,-0.1
3,NONE,-1.0,-0.1,-1.0,-0.1
3,NONE,-1.0,-0.1,-1.0,-0.1
3,NONE,-1.0,-0.1,-1.0,-0.1
3,NONE,-1.0,-0.1,-1.0,-0.1
3,NONE,-1.0,-0.1,-1.0,-0.1
3,NONE,-1.0,-0.1,-1.0,-0.1
3,NONE,-1.0,-0.1,-1.0,-0.1
3,NONE,-1.0,-0.1,-1.0,-0.1
3,NONE,-1.0,-0.1,-1.0,-0.1
3,NONE,-1.0,-0.1,-1.0,-0.1
3,NONE,-1.0,-0.1,-1.0,-0.1
3,NONE,-1.0,-0.1,-1.0,-0.1
3,NONE,-1.0,-0.1,-1.0,-0.1
3,NONE,-1.0,-0.1,-1.0,-0.1
3,NONE,-1.0,-0.1,-1.0,-0.1
3,NONE,-1.0,-0.1,-1.0,-0.1
3,NONE,-1.0,-0.1,-1.0,-0.1
3,NONE,-1.0,-0.1,-1.0,-0.1
3,NONE,-1.0,-0.1,-1.0,-0.1
3,NONE,-1.0,-0.1,-1.0,-0.1
3,NONE,-1.0,-0.1,-1.0,-0.1
3,NONE,-1.0,-0.1,-1.0,-0.1
3,NONE,-1.0,-0.1,-1.0,-0.1
3,NONE,-1.0,-0.1,-1.0,-0.1
3,NONE,-1.0,-0.1,-1.0,-0.1
3,NONE,-1.0,-0.1,-1.0,-0.1
3,NONE,-1.0,-0.1,-1.0,-0.1
3,NONE,-1.0,-0.1,-1.0,-0.1
3,NONE,-1.0,-0.1,-1.0,-0.1
3,NONE,-1.0,-0.1,-1.0,-0.1
3,NONE,-1.0,-0.1,-1.0,-0.1
3,NONE,-1.0,-0.1,-1.0,-0.1
3,NONE,-1.0,-0.1,-1.0,-0.1
3,NONE,-1.0,-0.1,-1.0,-0.1
3,NONE,-1.0,-0.1,-1.0,-0.1
3,NONE,-1.0,-0.1,-1.0,-0.1
3,NONE,-1.0,-0.1,-1.0,-0.1
3,NONE,-1.0,-0.1,-1.0,-0.1
3,NONE,-1.0,-0.1,-1.0,-0.1
2,EV_B13_C008_Mototaxi_Electrica_P04,-1.0,-0.1,8.0,22.667793342690043
1,EV_B13_C008_Mototaxi_Electrica_P04,6.0,78.5861444401003,-1.0,22.667793342690043
1,EV_B13_C008_Mototaxi_Electrica_P04,5.0,78.5861444401003,-1.0,22.667793342690043
1,EV_B13_C008_Mototaxi_Electrica_P04,4.0,78.5861444401003,-1.0,22.667793342690043
1,EV_B13_C008_Mototaxi_Electrica_P04,3.0,78.5861444401003,-1.0,22.667793342690043
1,EV_B13_C008_Mototaxi_Electrica_P04,2.0,78.5861444401003,-1.0,22.667793342690043
1,EV_B13_C008_Mototaxi_Electrica_P04,1.0,78.5861444401003,-1.0,22.667793342690043
1,EV_B13_C008_Mototaxi_Electrica_P04,0.0,78.5861444401003,-1.0,22.667793342690043
3,NONE,-1.0,-0.1,-1.0,-0.1
3,NONE,-1.0,-0.1,-1.0,-0.1
3,NONE,-1.0,-0.1,-1.0,-0.1
3,NONE,-1.0,-0.1,-1.0,-0.1
3,NONE,-1.0,-0.1,-1.0,-0.1
3,NONE,-1.0,-0.1,-1.0,-0.1
3,NONE,-1.0,-0.1,-1.0,-0.1
3,NONE,-1.0,-0.1,-1.0,-0.1
3,NONE,-1.0,-0.1,-1.0,-0.1
3,NONE,-1.0,-0.1,-1.0,-0.1
3,NONE,-1.0,-0.1,-1.0,-0.1
3,NONE,-1.0,-0.1,-1.0,-0.1
3,NONE,-1.0,-0.1,-1.0,-0.1
3,NONE,-1.0,-0.1,-1.0,-0.1
3,NONE,-1.0,-0.1,-1.0,-0.1
3,NONE,-1.0,-0.1,-1.0,-0.1
3,NONE,-1.0,-0.1,-1.0,-0.1
3,NONE,-1.0,-0.1,-1.0,-0.1
3,NONE,-1.0,-0.1,-1.0,-0.1
3,NONE,-1.0,-0.1,-1.0,-0.1
3,NONE,-1.0,-0.1,-1.0,-0.1
3,NONE,-1.0,-0.1,-1.0,-0.1
3,NONE,-1.0,-0.1,-1.0,-0.1
3,NONE,-1.0,-0.1,-1.0,-0.1
3,NONE,-1.0,-0.1,-1.0,-0.1
3,NONE,-1.0,-0.1,-1.0,-0.1
3,NONE,-1.0,-0.1,-1.0,-0.1
3,NONE,-1.0,-0.1,-1.0,-0.1
3,NONE,-1.0,-0.1,-1.0,-0.1
3,NONE,-1.0,-0.1,-1.0,-0.1
3,NONE,-1.0,-0.1,-1.0,-0.1
3,NONE,-1.0,-0.1,-1.0,-0.1
3,NONE,-1.0,-0.1,-1.0,-0.1
3,NONE,-1.0,-0.1,-1.0,-0.1
3,NONE,-1.0,-0.1,-1.0,-0.1
3,NONE,-1.0,-0.1,-1.0,-0.1
3,NONE,-1.0,-0.1,-1.0,-0.1
3,NONE,-1.0,-0.1,-1.0,-0.1
3,NONE,-1.0,-0.1,-1.0,-0.1
3,NONE,-1.0,-0.1,-1.0,-0.1
2,EV_B13_C008_Mototaxi_Electrica_P05,-1.0,-0.1,8.0,47.530382741712614
1,EV_B13_C008_Mototaxi_Electrica_P05,6.0,82.12038194516252,-1.0,47.530382741712614
1,EV_B13_C008_Mototaxi_Electrica_P05,5.0,82.12038194516252,-1.0,47.530382741712614
1,EV_B13_C008_Mototaxi_Electrica_P05,4.0,82.12038194516252,-1.0,47.530382741712614
1,EV_B13_C008_Mototaxi_Electrica_P05,3.0,82.12038194516252,-1.0,47.530382741712614
1,EV_B13_C008_Mototaxi_Electrica_P05,2.0,82.12038194516252,-1.0,47.530382741712614
1,EV_B13_C008_Mototaxi_Electrica_P05,1.0,82.12038194516252,-1.0,47.530382741712614
1,EV_B13_C008_Mototaxi_Electrica_P05,0.0,82.12038194516252,-1.0,47.530382741712614
3,NONE,-1.0,-0.1,-1.0,-0.1
3,NONE,-1.0,-0.1,-1.0,-0.1
3,NONE,-1.0,-0.1,-1.0,-0.1
3,NONE,-1.0,-0.1,-1.0,-0.1
3,NONE,-1.0,-0.1,-1.0,-0.1
3,NONE,-1.0,-0.1,-1.0,-0.1
3,NONE,-1.0,-0.1,-1.0,-0.1
3,NONE,-1.0,-0.1,-1.0,-0.1
3,NONE,-1.0,-0.1,-1.0,-0.1
3,NONE,-1.0,-0.1,-1.0,-0.1
3,NONE,-1.0,-0.1,-1.0,-0.1
3,NONE,-1.0,-0.1,-1.0,-0.1
3,NONE,-1.0,-0.1,-1.0,-0.1
3,NONE,-1.0,-0.1,-1.0,-0.1
3,NONE,-1.0,-0.1,-1.0,-0.1
3,NONE,-1.0,-0.1,-1.0,-0.1
3,NONE,-1.0,-0.1,-1.0,-0.1
2,EV_B13_C008_Mototaxi_Electrica_P06,-1.0,-0.1,9.0,8.883406052309397
1,EV_B13_C008_Mototaxi_Electrica_P06,5.0,80.1435428337731,-1.0,8.883406052309397
1,EV_B13_C008_Mototaxi_Electrica_P06,4.0,80.1435428337731,-1.0,8.883406052309397
1,EV_B13_C008_Mototaxi_Electrica_P06,3.0,80.1435428337731,-1.0,8.883406052309397
1,EV_B13_C008_Mototaxi_Electrica_P06,2.0,80.1435428337731,-1.0,8.883406052309397
1,EV_B13_C008_Mototaxi_Electrica_P06,1.0,80.1435428337731,-1.0,8.883406052309397
1,EV_B13_C008_Mototaxi_Electrica_P06,0.0,80.1435428337731,-1.0,8.883406052309397
3,NONE,-1.0,-0.1,-1.0,-0.1
3,NONE,-1.0,-0.1,-1.0,-0.1
3,NONE,-1.0,-0.1,-1.0,-0.1
3,NONE,-1.0,-0.1,-1.0,-0.1
3,NONE,-1.0,-0.1,-1.0,-0.1
3,NONE,-1.0,-0.1,-1.0,-0.1
3,NONE,-1.0,-0.1,-1.0,-0.1
3,NONE,-1.0,-0.1,-1.0,-0.1
3,NONE,-1.0,-0.1,-1.0,-0.1
3,NONE,-1.0,-0.1,-1.0,-0.1
3,NONE,-1.0,-0.1,-1.0,-0.1
3,NONE,-1.0,-0.1,-1.0,-0.1
3,NONE,-1.0,-0.1,-1.0,-0.1
3,NONE,-1.0,-0.1,-1.0,-0.1
3,NONE,-1.0,-0.1,-1.0,-0.1
3,NONE,-1.0,-0.1,-1.0,-0.1
3,NONE,-1.0,-0.1,-1.0,-0.1
3,NONE,-1.0,-0.1,-1.0,-0.1
3,NONE,-1.0,-0.1,-1.0,-0.1
3,NONE,-1.0,-0.1,-1.0,-0.1
3,NONE,-1.0,-0.1,-1.0,-0.1
3,NONE,-1.0,-0.1,-1.0,-0.1
3,NONE,-1.0,-0.1,-1.0,-0.1
3,NONE,-1.0,-0.1,-1.0,-0.1
3,NONE,-1.0,-0.1,-1.0,-0.1
3,NONE,-1.0,-0.1,-1.0,-0.1
3,NONE,-1.0,-0.1,-1.0,-0.1
3,NONE,-1.0,-0.1,-1.0,-0.1
3,NONE,-1.0,-0.1,-1.0,-0.1
3,NONE,-1.0,-0.1,-1.0,-0.1
3,NONE,-1.0,-0.1,-1.0,-0.1
3,NONE,-1.0,-0.1,-1.0,-0.1
3,NONE,-1.0,-0.1,-1.0,-0.1
3,NONE,-1.0,-0.1,-1.0,-0.1
3,NONE,-1.0,-0.1,-1.0,-0.1
3,NONE,-1.0,-0.1,-1.0,-0.1
3,NONE,-1.0,-0.1,-1.0,-0.1
3,NONE,-1.0,-0.1,-1.0,-0.1
3,NONE,-1.0,-0.1,-1.0,-0.1
3,NONE,-1.0,-0.1,-1.0,-0.1
3,NONE,-1.0,-0.1,-1.0,-0.1
3,NONE,-1.0,-0.1,-1.0,-0.1
3,NONE,-1.0,-0.1,-1.0,-0.1
3,NONE,-1.0,-0.1,-1.0,-0.1
3,NONE,-1.0,-0.1,-1.0,-0.1
3,NONE,-1.0,-0.1,-1.0,-0.1
3,NONE,-1.0,-0.1,-1.0,-0.1
3,NONE,-1.0,-0.1,-1.0,-0.1
3,NONE,-1.0,-0.1,-1.0,-0.1
3,NONE,-1.0,-0.1,-1.0,-0.1
3,NONE,-1.0,-0.1,-1.0,-0.1
3,NONE,-1.0,-0.1,-1.0,-0.1
3,NONE,-1.0,-0.1,-1.0,-0.1
3,NONE,-1.0,-0.1,-1.0,-0.1
3,NONE,-1.0,-0.1,-1.0,-0.1
3,NONE,-1.0,-0.1,-1.0,-0.1
3,NONE,-1.0,-0.1,-1.0,-0.1
3,NONE,-1.0,-0.1,-1.0,-0.1
3,NONE,-1.0,-0.1,-1.0,-0.1
3,NONE,-1.0,-0.1,-1.0,-0.1
3,NONE,-1.0,-0.1,-1.0,-0.1
3,NONE,-1.0,-0.1,-1.0,-0.1
3,NONE,-1.0,-0.1,-1.0,-0.1
2,EV_B13_C008_Mototaxi_Electrica_P07,-1.0,-0.1,7.0,36.78343785757505
1,EV_B13_C008_Mototaxi_Electrica_P07,5.0,73.39261284854396,-1.0,36.78343785757505
1,EV_B13_C008_Mototaxi_Electrica_P07,4.0,73.39261284854396,-1.0,36.78343785757505
1,EV_B13_C008_Mototaxi_Electrica_P07,3.0,73.39261284854396,-1.0,36.78343785757505
1,EV_B13_C008_Mototaxi_Electrica_P07,2.0,73.39261284854396,-1.0,36.78343785757505
1,EV_B13_C008_Mototaxi_Electrica_P07,1.0,73.39261284854396,-1.0,36.78343785757505
1,EV_B13_C008_Mototaxi_Electrica_P07,0.0,73.39261284854396,-1.0,36.78343785757505
3,NONE,-1.0,-0.1,-1.0,-0.1
3,NONE,-1.0,-0.1,-1.0,-0.1
3,NONE,-1.0,-0.1,-1.0,-0.1
3,NONE,-1.0,-0.1,-1.0,-0.1
3,NONE,-1.0,-0.1,-1.0,-0.1
3,NONE,-1.0,-0.1,-1.0,-0.1
3,NONE,-1.0,-0.1,-1.0,-0.1
3,NONE,-1.0,-0.1,-1.0,-0.1
3,NONE,-1.0,-0.1,-1.0,-0.1
3,NONE,-1.0,-0.1,-1.0,-0.1
3,NONE,-1.0,-0.1,-1.0,-0.1
3,NONE,-1.0,-0.1,-1.0,-0.1
3,NONE,-1.0,-0.1,-1.0,-0.1
3,NONE,-1.0,-0.1,-1.0,-0.1
3,NONE,-1.0,-0.1,-1.0,-0.1
3,NONE,-1.0,-0.1,-1.0,-0.1
3,NONE,-1.0,-0.1,-1.0,-0.1
3,NONE,-1.0,-0.1,-1.0,-0.1
3,NONE,-1.0,-0.1,-1.0,-0.1
3,NONE,-1.0,-0.1,-1.0,-0.1
3,NONE,-1.0,-0.1,-1.0,-0.1
3,NONE,-1.0,-0.1,-1.0,-0.1
3,NONE,-1.0,-0.1,-1.0,-0.1
3,NONE,-1.0,-0.1,-1.0,-0.1
3,NONE,-1.0,-0.1,-1.0,-0.1
3,NONE,-1.0,-0.1,-1.0,-0.1
3,NONE,-1.0,-0.1,-1.0,-0.1
3,NONE,-1.0,-0.1,-1.0,-0.1
3,NONE,-1.0,-0.1,-1.0,-0.1
3,NONE,-1.0,-0.1,-1.0,-0.1
3,NONE,-1.0,-0.1,-1.0,-0.1
3,NONE,-1.0,-0.1,-1.0,-0.1
3,NONE,-1.0,-0.1,-1.0,-0.1
3,NONE,-1.0,-0.1,-1.0,-0.1
3,NONE,-1.0,-0.1,-1.0,-0.1
3,NONE,-1.0,-0.1,-1.0,-0.1
3,NONE,-1.0,-0.1,-1.0,-0.1
3,NONE,-1.0,-0.1,-1.0,-0.1
3,NONE,-1.0,-0.1,-1.0,-0.1
3,NONE,-1.0,-0.1,-1.0,-0.1
3,NONE,-1.0,-0.1,-1.0,-0.1
3,NONE,-1.0,-0.1,-1.0,-0.1
3,NONE,-1.0,-0.1,-1.0,-0.1
3,NONE,-1.0,-0.1,-1.0,-0.1
3,NONE,-1.0,-0.1,-1.0,-0.1
3,NONE,-1.0,-0.1,-1.0,-0.1
3,NONE,-1.0,-0.1,-1.0,-0.1
3,NONE,-1.0,-0.1,-1.0,-0.1
3,NONE,-1.0,-0.1,-1.0,-0.1
3,NONE,-1.0,-0.1,-1.0,-0.1
3,NONE,-1.0,-0.1,-1.0,-0.1
3,NONE,-1.0,-0.1,-1.0,-0.1
3,NONE,-1.0,-0.1,-1.0,-0.1
3,NONE,-1.0,-0.1,-1.0,-0.1
3,NONE,-1.0,-0.1,-1.0,-0.1
3,NONE,-1.0,-0.1,-1.0,-0.1
3,NONE,-1.0,-0.1,-1.0,-0.1
3,NONE,-1.0,-0.1,-1.0,-0.1
3,NONE,-1.0,-0.1,-1.0,-0.1
3,NONE,-1.0,-0.1,-1.0,-0.1
3,NONE,-1.0,-0.1,-1.0,-0.1
3,NONE,-1.0,-0.1,-1.0,-0.1
3,NONE,-1.0,-0.1,-1.0,-0.1
3,NONE,-1.0,-0.1,-1.0,-0.1
3,NONE,-1.0,-0.1,-1.0,-0.1
2,EV_B13_C008_Mototaxi_Electrica_P08,-1.0,-0.1,7.0,20.91063312155817
1,EV_B13_C008_Mototaxi_Electrica_P08,7.0,74.73666398872612,-1.0,20.91063312155817
1,EV_B13_C008_Mototaxi_Electrica_P08,6.0,74.73666398872612,-1.0,20.91063312155817
1,EV_B13_C008_Mototaxi_Electrica_P08,5.0,74.73666398872612,-1.0,20.91063312155817
1,EV_B13_C008_Mototaxi_Electrica_P08,4.0,74.73666398872612,-1.0,20.91063312155817
1,EV_B13_C008_Mototaxi_Electrica_P08,3.0,74.73666398872612,-1.0,20.91063312155817
1,EV_B13_C008_Mototaxi_Electrica_P08,2.0,74.73666398872612,-1.0,20.91063312155817
1,EV_B13_C008_Mototaxi_Electrica_P08,1.0,74.73666398872612,-1.0,20.91063312155817
1,EV_B13_C008_Mototaxi_Electrica_P08,0.0,74.73666398872612,-1.0,20.91063312155817
3,NONE,-1.0,-0.1,-1.0,-0.1
3,NONE,-1.0,-0.1,-1.0,-0.1
3,NONE,-1.0,-0.1,-1.0,-0.1
3,NONE,-1.0,-0.1,-1.0,-0.1
3,NONE,-1.0,-0.1,-1.0,-0.1
3,NONE,-1.0,-0.1,-1.0,-0.1
3,NONE,-1.0,-0.1,-1.0,-0.1
3,NONE,-1.0,-0.1,-1.0,-0.1
3,NONE,-1.0,-0.1,-1.0,-0.1
3,NONE,-1.0,-0.1,-1.0,-0.1
3,NONE,-1.0,-0.1,-1.0,-0.1
3,NONE,-1.0,-0.1,-1.0,-0.1
3,NONE,-1.0,-0.1,-1.0,-0.1
3,NONE,-1.0,-0.1,-1.0,-0.1
3,NONE,-1.0,-0.1,-1.0,-0.1
3,NONE,-1.0,-0.1,-1.0,-0.1
2,EV_B13_C008_Mototaxi_Electrica_P09,-1.0,-0.1,8.0,45.35475749076664
1,EV_B13_C008_Mototaxi_Electrica_P09,6.0,93.61560644144417,-1.0,45.35475749076664
1,EV_B13_C008_Mototaxi_Electrica_P09,5.0,93.61560644144417,-1.0,45.35475749076664
1,EV_B13_C008_Mototaxi_Electrica_P09,4.0,93.61560644144417,-1.0,45.35475749076664
1,EV_B13_C008_Mototaxi_Electrica_P09,3.0,93.61560644144417,-1.0,45.35475749076664
1,EV_B13_C008_Mototaxi_Electrica_P09,2.0,93.61560644144417,-1.0,45.35475749076664
1,EV_B13_C008_Mototaxi_Electrica_P09,1.0,93.61560644144417,-1.0,45.35475749076664
1,EV_B13_C008_Mototaxi_Electrica_P09,0.0,93.61560644144417,-1.0,45.35475749076664
3,NONE,-1.0,-0.1,-1.0,-0.1
3,NONE,-1.0,-0.1,-1.0,-0.1
3,NONE,-1.0,-0.1,-1.0,-0.1
3,NONE,-1.0,-0.1,-1.0,-0.1
3,NONE,-1.0,-0.1,-1.0,-0.1
3,NONE,-1.0,-0.1,-1.0,-0.1
3,NONE,-1.0,-0.1,-1.0,-0.1
3,NONE,-1.0,-0.1,-1.0,-0.1
3,NONE,-1.0,-0.1,-1.0,-0.1
3,NONE,-1.0,-0.1,-1.0,-0.1
3,NONE,-1.0,-0.1,-1.0,-0.1
3,NONE,-1.0,-0.1,-1.0,-0.1
3,NONE,-1.0,-0.1,-1.0,-0.1
3,NONE,-1.0,-0.1,-1.0,-0.1
3,NONE,-1.0,-0.1,-1.0,-0.1
3,NONE,-1.0,-0.1,-1.0,-0.1
3,NONE,-1.0,-0.1,-1.0,-0.1
3,NONE,-1.0,-0.1,-1.0,-0.1
3,NONE,-1.0,-0.1,-1.0,-0.1
3,NONE,-1.0,-0.1,-1.0,-0.1
3,NONE,-1.0,-0.1,-1.0,-0.1
3,NONE,-1.0,-0.1,-1.0,-0.1
3,NONE,-1.0,-0.1,-1.0,-0.1
3,NONE,-1.0,-0.1,-1.0,-0.1
3,NONE,-1.0,-0.1,-1.0,-0.1
3,NONE,-1.0,-0.1,-1.0,-0.1
3,NONE,-1.0,-0.1,-1.0,-0.1
3,NONE,-1.0,-0.1,-1.0,-0.1
3,NONE,-1.0,-0.1,-1.0,-0.1
3,NONE,-1.0,-0.1,-1.0,-0.1
3,NONE,-1.0,-0.1,-1.0,-0.1
3,NONE,-1.0,-0.1,-1.0,-0.1
3,NONE,-1.0,-0.1,-1.0,-0.1
3,NONE,-1.0,-0.1,-1.0,-0.1
3,NONE,-1.0,-0.1,-1.0,-0.1
3,NONE,-1.0,-0.1,-1.0,-0.1
3,NONE,-1.0,-0.1,-1.0,-0.1
3,NONE,-1.0,-0.1,-1.0,-0.1
3,NONE,-1.0,-0.1,-1.0,-0.1
3,NONE,-1.0,-0.1,-1.0,-0.1
3,NONE,-1.0,-0.1,-1.0,-0.1
3,NONE,-1.0,-0.1,-1.0,-0.1
3,NONE,-1.0,-0.1,-1.0,-0.1
3,NONE,-1.0,-0.1,-1.0,-0.1
3,NONE,-1.0,-0.1,-1.0,-0.1
3,NONE,-1.0,-0.1,-1.0,-0.1
3,NONE,-1.0,-0.1,-1.0,-0.1
3,NONE,-1.0,-0.1,-1.0,-0.1
3,NONE,-1.0,-0.1,-1.0,-0.1
3,NONE,-1.0,-0.1,-1.0,-0.1
3,NONE,-1.0,-0.1,-1.0,-0.1
3,NONE,-1.0,-0.1,-1.0,-0.1
3,NONE,-1.0,-0.1,-1.0,-0.1
3,NONE,-1.0,-0.1,-1.0,-0.1
3,NONE,-1.0,-0.1,-1.0,-0.1
3,NONE,-1.0,-0.1,-1.0,-0.1
3,NONE,-1.0,-0.1,-1.0,-0.1
3,NONE,-1.0,-0.1,-1.0,-0.1
3,NONE,-1.0,-0.1,-1.0,-0.1
3,NONE,-1.0,-0.1,-1.0,-0.1
3,NONE,-1.0,-0.1,-1.0,-0.1
3,NONE,-1.0,-0.1,-1.0,-0.1
3,NONE,-1.0,-0.1,-1.0,-0.1
3,NONE,-1.0,-0.1,-1.0,-0.1
3,NONE,-1.0,-0.1,-1.0,-0.1
3,NONE,-1.0,-0.1,-1.0,-0.1
3,NONE,-1.0,-0.1,-1.0,-0.1
3,NONE,-1.0,-0.1,-1.0,-0.1
3,NONE,-1.0,-0.1,-1.0,-0.1
3,NONE,-1.0,-0.1,-1.0,-0.1
3,NONE,-1.0,-0.1,-1.0,-0.1
3,NONE,-1.0,-0.1,-1.0,-0.1
3,NONE,-1.0,-0.1,-1.0,-0.1
3,NONE,-1.0,-0.1,-1.0,-0.1
3,NONE,-1.0,-0.1,-1.0,-0.1
3,NONE,-1.0,-0.1,-1.0,-0.1
3,NONE,-1.0,-0.1,-1.0,-0.1
3,NONE,-1.0,-0.1,-1.0,-0.1
3,NONE,-1.0,-0.1,-1.0,-0.1
3,NONE,-1.0,-0.1,-1.0,-0.1
3,NONE,-1.0,-0.1,-1.0,-0.1
3,NONE,-1.0,-0.1,-1.0,-0.1
3,NONE,-1.0,-0.1,-1.0,-0.1
3,NONE,-1.0,-0.1,-1.0,-0.1
3,NONE,-1.0,-0.1,-1.0,-0.1
3,NONE,-1.0,-0.1,-1.0,-0.1
3,NONE,-1.0,-0.1,-1.0,-0.1
3,NONE,-1.0,-0.1,-1.0,-0.1
3,NONE,-1.0,-0.1,-1.0,-0.1
2,EV_B13_C008_Mototaxi_Electrica_P10,-1.0,-0.1,9.0,43.664034387004925
1,EV_B13_C008_Mototaxi_Electrica_P10,5.0,77.15042263512724,-1.0,43.664034387004925
1,EV_B13_C008_Mototaxi_Electrica_P10,4.0,77.15042263512724,-1.0,43.664034387004925
1,EV_B13_C008_Mototaxi_Electrica_P10,3.0,77.15042263512724,-1.0,43.664034387004925
1,EV_B13_C008_Mototaxi_Electrica_P10,2.0,77.15042263512724,-1.0,43.664034387004925
1,EV_B13_C008_Mototaxi_Electrica_P10,1.0,77.15042263512724,-1.0,43.664034387004925
1,EV_B13_C008_Mototaxi_Electrica_P10,0.0,77.15042263512724,-1.0,43.664034387004925
3,NONE,-1.0,-0.1,-1.0,-0.1
3,NONE,-1.0,-0.1,-1.0,-0.1
3,NONE,-1.0,-0.1,-1.0,-0.1
3,NONE,-1.0,-0.1,-1.0,-0.1
3,NONE,-1.0,-0.1,-1.0,-0.1
3,NONE,-1.0,-0.1,-1.0,-0.1
3,NONE,-1.0,-0.1,-1.0,-0.1
3,NONE,-1.0,-0.1,-1.0,-0.1
3,NONE,-1.0,-0.1,-1.0,-0.1
3,NONE,-1.0,-0.1,-1.0,-0.1
3,NONE,-1.0,-0.1,-1.0,-0.1
3,NONE,-1.0,-0.1,-1.0,-0.1
3,NONE,-1.0,-0.1,-1.0,-0.1
3,NONE,-1.0,-0.1,-1.0,-0.1
3,NONE,-1.0,-0.1,-1.0,-0.1
3,NONE,-1.0,-0.1,-1.0,-0.1
3,NONE,-1.0,-0.1,-1.0,-0.1
3,NONE,-1.0,-0.1,-1.0,-0.1
3,NONE,-1.0,-0.1,-1.0,-0.1
3,NONE,-1.0,-0.1,-1.0,-0.1
3,NONE,-1.0,-0.1,-1.0,-0.1
3,NONE,-1.0,-0.1,-1.0,-0.1
3,NONE,-1.0,-0.1,-1.0,-0.1
3,NONE,-1.0,-0.1,-1.0,-0.1
3,NONE,-1.0,-0.1,-1.0,-0.1
3,NONE,-1.0,-0.1,-1.0,-0.1
3,NONE,-1.0,-0.1,-1.0,-0.1
3,NONE,-1.0,-0.1,-1.0,-0.1
3,NONE,-1.0,-0.1,-1.0,-0.1
3,NONE,-1.0,-0.1,-1.0,-0.1
3,NONE,-1.0,-0.1,-1.0,-0.1
3,NONE,-1.0,-0.1,-1.0,-0.1
3,NONE,-1.0,-0.1,-1.0,-0.1
3,NONE,-1.0,-0.1,-1.0,-0.1
3,NONE,-1.0,-0.1,-1.0,-0.1
3,NONE,-1.0,-0.1,-1.0,-0.1
3,NONE,-1.0,-0.1,-1.0,-0.1
3,NONE,-1.0,-0.1,-1.0,-0.1
3,NONE,-1.0,-0.1,-1.0,-0.1
3,NONE,-1.0,-0.1,-1.0,-0.1
3,NONE,-1.0,-0.1,-1.0,-0.1
3,NONE,-1.0,-0.1,-1.0,-0.1
3,NONE,-1.0,-0.1,-1.0,-0.1
3,NONE,-1.0,-0.1,-1.0,-0.1
3,NONE,-1.0,-0.1,-1.0,-0.1
3,NONE,-1.0,-0.1,-1.0,-0.1
3,NONE,-1.0,-0.1,-1.0,-0.1
3,NONE,-1.0,-0.1,-1.0,-0.1
3,NONE,-1.0,-0.1,-1.0,-0.1
3,NONE,-1.0,-0.1,-1.0,-0.1
3,NONE,-1.0,-0.1,-1.0,-0.1
3,NONE,-1.0,-0.1,-1.0,-0.1
3,NONE,-1.0,-0.1,-1.0,-0.1
3,NONE,-1.0,-0.1,-1.0,-0.1
3,NONE,-1.0,-0.1,-1.0,-0.1
3,NONE,-1.0,-0.1,-1.0,-0.1
3,NONE,-1.0,-0.1,-1.0,-0.1
3,NONE,-1.0,-0.1,-1.0,-0.1
3,NONE,-1.0,-0.1,-1.0,-0.1
3,NONE,-1.0,-0.1,-1.0,-0.1
3,NONE,-1.0,-0.1,-1.0,-0.1
3,NONE,-1.0,-0.1,-1.0,-0.1
3,NONE,-1.0,-0.1,-1.0,-0.1
3,NONE,-1.0,-0.1,-1.0,-0.1
2,EV_B13_C008_Mototaxi_Electrica_P01,-1.0,-0.1,8.0,51.321914977193344
1,EV_B13_C008_Mototaxi_Electrica_P01,6.0,84.96888783976314,-1.0,51.321914977193344
1,EV_B13_C008_Mototaxi_Electrica_P01,5.0,84.96888783976314,-1.0,51.321914977193344
1,EV_B13_C008_Mototaxi_Electrica_P01,4.0,84.96888783976314,-1.0,51.321914977193344
1,EV_B13_C008_Mototaxi_Electrica_P01,3.0,84.96888783976314,-1.0,51.321914977193344
1,EV_B13_C008_Mototaxi_Electrica_P01,2.0,84.96888783976314,-1.0,51.321914977193344
1,EV_B13_C008_Mototaxi_Electrica_P01,1.0,84.96888783976314,-1.0,51.321914977193344
1,EV_B13_C008_Mototaxi_Electrica_P01,0.0,84.96888783976314,-1.0,51.321914977193344
3,NONE,-1.0,-0.1,-1.0,-0.1
3,NONE,-1.0,-0.1,-1.0,-0.1
3,NONE,-1.0,-0.1,-1.0,-0.1
3,NONE,-1.0,-0.1,-1.0,-0.1
3,NONE,-1.0,-0.1,-1.0,-0.1
3,NONE,-1.0,-0.1,-1.0,-0.1
3,NONE,-1.0,-0.1,-1.0,-0.1
3,NONE,-1.0,-0.1,-1.0,-0.1
3,NONE,-1.0,-0.1,-1.0,-0.1
3,NONE,-1.0,-0.1,-1.0,-0.1
3,NONE,-1.0,-0.1,-1.0,-0.1
3,NONE,-1.0,-0.1,-1.0,-0.1
3,NONE,-1.0,-0.1,-1.0,-0.1
3,NONE,-1.0,-0.1,-1.0,-0.1
3,NONE,-1.0,-0.1,-1.0,-0.1
3,NONE,-1.0,-0.1,-1.0,-0.1
3,NONE,-1.0,-0.1,-1.0,-0.1
3,NONE,-1.0,-0.1,-1.0,-0.1
3,NONE,-1.0,-0.1,-1.0,-0.1
3,NONE,-1.0,-0.1,-1.0,-0.1
3,NONE,-1.0,-0.1,-1.0,-0.1
3,NONE,-1.0,-0.1,-1.0,-0.1
3,NONE,-1.0,-0.1,-1.0,-0.1
3,NONE,-1.0,-0.1,-1.0,-0.1
3,NONE,-1.0,-0.1,-1.0,-0.1
3,NONE,-1.0,-0.1,-1.0,-0.1
3,NONE,-1.0,-0.1,-1.0,-0.1
3,NONE,-1.0,-0.1,-1.0,-0.1
3,NONE,-1.0,-0.1,-1.0,-0.1
3,NONE,-1.0,-0.1,-1.0,-0.1
3,NONE,-1.0,-0.1,-1.0,-0.1
3,NONE,-1.0,-0.1,-1.0,-0.1
3,NONE,-1.0,-0.1,-1.0,-0.1
3,NONE,-1.0,-0.1,-1.0,-0.1
3,NONE,-1.0,-0.1,-1.0,-0.1
3,NONE,-1.0,-0.1,-1.0,-0.1
3,NONE,-1.0,-0.1,-1.0,-0.1
3,NONE,-1.0,-0.1,-1.0,-0.1
3,NONE,-1.0,-0.1,-1.0,-0.1
3,NONE,-1.0,-0.1,-1.0,-0.1
3,NONE,-1.0,-0.1,-1.0,-0.1
3,NONE,-1.0,-0.1,-1.0,-0.1
3,NONE,-1.0,-0.1,-1.0,-0.1
3,NONE,-1.0,-0.1,-1.0,-0.1
3,NONE,-1.0,-0.1,-1.0,-0.1
3,NONE,-1.0,-0.1,-1.0,-0.1
3,NONE,-1.0,-0.1,-1.0,-0.1
3,NONE,-1.0,-0.1,-1.0,-0.1
3,NONE,-1.0,-0.1,-1.0,-0.1
3,NONE,-1.0,-0.1,-1.0,-0.1
3,NONE,-1.0,-0.1,-1.0,-0.1
3,NONE,-1.0,-0.1,-1.0,-0.1
3,NONE,-1.0,-0.1,-1.0,-0.1
3,NONE,-1.0,-0.1,-1.0,-0.1
3,NONE,-1.0,-0.1,-1.0,-0.1
3,NONE,-1.0,-0.1,-1.0,-0.1
3,NONE,-1.0,-0.1,-1.0,-0.1
3,NONE,-1.0,-0.1,-1.0,-0.1
3,NONE,-1.0,-0.1,-1.0,-0.1
3,NONE,-1.0,-0.1,-1.0,-0.1
3,NONE,-1.0,-0.1,-1.0,-0.1
3,NONE,-1.0,-0.1,-1.0,-0.1
3,NONE,-1.0,-0.1,-1.0,-0.1
3,NONE,-1.0,-0.1,-1.0,-0.1
3,NONE,-1.0,-0.1,-1.0,-0.1
3,NONE,-1.0,-0.1,-1.0,-0.1
3,NONE,-1.0,-0.1,-1.0,-0.1
3,NONE,-1.0,-0.1,-1.0,-0.1
3,NONE,-1.0,-0.1,-1.0,-0.1
3,NONE,-1.0,-0.1,-1.0,-0.1
3,NONE,-1.0,-0.1,-1.0,-0.1
3,NONE,-1.0,-0.1,-1.0,-0.1
3,NONE,-1.0,-0.1,-1.0,-0.1
3,NONE,-1.0,-0.1,-1.0,-0.1
3,NONE,-1.0,-0.1,-1.0,-0.1
3,NONE,-1.0,-0.1,-1.0,-0.1
3,NONE,-1.0,-0.1,-1.0,-0.1
3,NONE,-1.0,-0.1,-1.0,-0.1
3,NONE,-1.0,-0.1,-1.0,-0.1
3,NONE,-1.0,-0.1,-1.0,-0.1
3,NONE,-1.0,-0.1,-1.0,-0.1
3,NONE,-1.0,-0.1,-1.0,-0.1
3,NONE,-1.0,-0.1,-1.0,-0.1
3,NONE,-1.0,-0.1,-1.0,-0.1
3,NONE,-1.0,-0.1,-1.0,-0.1
3,NONE,-1.0,-0.1,-1.0,-0.1
3,NONE,-1.0,-0.1,-1.0,-0.1
3,NONE,-1.0,-0.1,-1.0,-0.1
2,EV_B13_C008_Mototaxi_Electrica_P02,-1.0,-0.1,8.0,34.55036074735324
1,EV_B13_C008_Mototaxi_Electrica_P02,6.0,74.54561738663162,-1.0,34.55036074735324
1,EV_B13_C008_Mototaxi_Electrica_P02,5.0,74.54561738663162,-1.0,34.55036074735324
1,EV_B13_C008_Mototaxi_Electrica_P02,4.0,74.54561738663162,-1.0,34.55036074735324
1,EV_B13_C008_Mototaxi_Electrica_P02,3.0,74.54561738663162,-1.0,34.55036074735324
1,EV_B13_C008_Mototaxi_Electrica_P02,2.0,74.54561738663162,-1.0,34.55036074735324
1,EV_B13_C008_Mototaxi_Electrica_P02,1.0,74.54561738663162,-1.0,34.55036074735324
1,EV_B13_C008_Mototaxi_Electrica_P02,0.0,74.54561738663162,-1.0,34.55036074735324
3,NONE,-1.0,-0.1,-1.0,-0.1
3,NONE,-1.0,-0.1,-1.0,-0.1
3,NONE,-1.0,-0.1,-1.0,-0.1
3,NONE,-1.0,-0.1,-1.0,-0.1
3,NONE,-1.0,-0.1,-1.0,-0.1
3,NONE,-1.0,-0.1,-1.0,-0.1
3,NONE,-1.0,-0.1,-1.0,-0.1
3,NONE,-1.0,-0.1,-1.0,-0.1
3,NONE,-1.0,-0.1,-1.0,-0.1
3,NONE,-1.0,-0.1,-1.0,-0.1
3,NONE,-1.0,-0.1,-1.0,-0.1
3,NONE,-1.0,-0.1,-1.0,-0.1
3,NONE,-1.0,-0.1,-1.0,-0.1
3,NONE,-1.0,-0.1,-1.0,-0.1
3,NONE,-1.0,-0.1,-1.0,-0.1
3,NONE,-1.0,-0.1,-1.0,-0.1
3,NONE,-1.0,-0.1,-1.0,-0.1
3,NONE,-1.0,-0.1,-1.0,-0.1
3,NONE,-1.0,-0.1,-1.0,-0.1
3,NONE,-1.0,-0.1,-1.0,-0.1
3,NONE,-1.0,-0.1,-1.0,-0.1
3,NONE,-1.0,-0.1,-1.0,-0.1
3,NONE,-1.0,-0.1,-1.0,-0.1
3,NONE,-1.0,-0.1,-1.0,-0.1
3,NONE,-1.0,-0.1,-1.0,-0.1
3,NONE,-1.0,-0.1,-1.0,-0.1
3,NONE,-1.0,-0.1,-1.0,-0.1
3,NONE,-1.0,-0.1,-1.0,-0.1
3,NONE,-1.0,-0.1,-1.0,-0.1
3,NONE,-1.0,-0.1,-1.0,-0.1
3,NONE,-1.0,-0.1,-1.0,-0.1
3,NONE,-1.0,-0.1,-1.0,-0.1
3,NONE,-1.0,-0.1,-1.0,-0.1
3,NONE,-1.0,-0.1,-1.0,-0.1
3,NONE,-1.0,-0.1,-1.0,-0.1
3,NONE,-1.0,-0.1,-1.0,-0.1
3,NONE,-1.0,-0.1,-1.0,-0.1
3,NONE,-1.0,-0.1,-1.0,-0.1
3,NONE,-1.0,-0.1,-1.0,-0.1
3,NONE,-1.0,-0.1,-1.0,-0.1
3,NONE,-1.0,-0.1,-1.0,-0.1
2,EV_B13_C008_Mototaxi_Electrica_P03,-1.0,-0.1,9.0,48.301257062279504
1,EV_B13_C008_Mototaxi_Electrica_P03,5.0,83.58182239039364,-1.0,48.301257062279504
1,EV_B13_C008_Mototaxi_Electrica_P03,4.0,83.58182239039364,-1.0,48.301257062279504
1,EV_B13_C008_Mototaxi_Electrica_P03,3.0,83.58182239039364,-1.0,48.301257062279504
1,EV_B13_C008_Mototaxi_Electrica_P03,2.0,83.58182239039364,-1.0,48.301257062279504
1,EV_B13_C008_Mototaxi_Electrica_P03,1.0,83.58182239039364,-1.0,48.301257062279504
1,EV_B13_C008_Mototaxi_Electrica_P03,0.0,83.58182239039364,-1.0,48.301257062279504
3,NONE,-1.0,-0.1,-1.0,-0.1
3,NONE,-1.0,-0.1,-1.0,-0.1
3,NONE,-1.0,-0.1,-1.0,-0.1
3,NONE,-1.0,-0.1,-1.0,-0.1
3,NONE,-1.0,-0.1,-1.0,-0.1
3,NONE,-1.0,-0.1,-1.0,-0.1
3,NONE,-1.0,-0.1,-1.0,-0.1
3,NONE,-1.0,-0.1,-1.0,-0.1
3,NONE,-1.0,-0.1,-1.0,-0.1
3,NONE,-1.0,-0.1,-1.0,-0.1
3,NONE,-1.0,-0.1,-1.0,-0.1
3,NONE,-1.0,-0.1,-1.0,-0.1
3,NONE,-1.0,-0.1,-1.0,-0.1
3,NONE,-1.0,-0.1,-1.0,-0.1
3,NONE,-1.0,-0.1,-1.0,-0.1
2,EV_B13_C008_Mototaxi_Electrica_P04,-1.0,-0.1,7.0,20.074124664076745
1,EV_B13_C008_Mototaxi_Electrica_P04,7.0,84.27026678906144,-1.0,20.074124664076745
1,EV_B13_C008_Mototaxi_Electrica_P04,6.0,84.27026678906144,-1.0,20.074124664076745
1,EV_B13_C008_Mototaxi_Electrica_P04,5.0,84.27026678906144,-1.0,20.074124664076745
1,EV_B13_C008_Mototaxi_Electrica_P04,4.0,84.27026678906144,-1.0,20.074124664076745
1,EV_B13_C008_Mototaxi_Electrica_P04,3.0,84.27026678906144,-1.0,20.074124664076745
1,EV_B13_C008_Mototaxi_Electrica_P04,2.0,84.27026678906144,-1.0,20.074124664076745
1,EV_B13_C008_Mototaxi_Electrica_P04,1.0,84.27026678906144,-1.0,20.074124664076745
1,EV_B13_C008_Mototaxi_Electrica_P04,0.0,84.27026678906144,-1.0,20.074124664076745
3,NONE,-1.0,-0.1,-1.0,-0.1
3,NONE,-1.0,-0.1,-1.0,-0.1
3,NONE,-1.0,-0.1,-1.0,-0.1
3,NONE,-1.0,-0.1,-1.0,-0.1
3,NONE,-1.0,-0.1,-1.0,-0.1
3,NONE,-1.0,-0.1,-1.0,-0.1
3,NONE,-1.0,-0.1,-1.0,-0.1
3,NONE,-1.0,-0.1,-1.0,-0.1
3,NONE,-1.0,-0.1,-1.0,-0.1
3,NONE,-1.0,-0.1,-1.0,-0.1
3,NONE,-1.0,-0.1,-1.0,-0.1
3,NONE,-1.0,-0.1,-1.0,-0.1
3,NONE,-1.0,-0.1,-1.0,-0.1
3,NONE,-1.0,-0.1,-1.0,-0.1
3,NONE,-1.0,-0.1,-1.0,-0.1
3,NONE,-1.0,-0.1,-1.0,-0.1
3,NONE,-1.0,-0.1,-1.0,-0.1
3,NONE,-1.0,-0.1,-1.0,-0.1
3,NONE,-1.0,-0.1,-1.0,-0.1
3,NONE,-1.0,-0.1,-1.0,-0.1
3,NONE,-1.0,-0.1,-1.0,-0.1
3,NONE,-1.0,-0.1,-1.0,-0.1
3,NONE,-1.0,-0.1,-1.0,-0.1
3,NONE,-1.0,-0.1,-1.0,-0.1
3,NONE,-1.0,-0.1,-1.0,-0.1
3,NONE,-1.0,-0.1,-1.0,-0.1
3,NONE,-1.0,-0.1,-1.0,-0.1
3,NONE,-1.0,-0.1,-1.0,-0.1
3,NONE,-1.0,-0.1,-1.0,-0.1
3,NONE,-1.0,-0.1,-1.0,-0.1
3,NONE,-1.0,-0.1,-1.0,-0.1
3,NONE,-1.0,-0.1,-1.0,-0.1
3,NONE,-1.0,-0.1,-1.0,-0.1
3,NONE,-1.0,-0.1,-1.0,-0.1
3,NONE,-1.0,-0.1,-1.0,-0.1
3,NONE,-1.0,-0.1,-1.0,-0.1
3,NONE,-1.0,-0.1,-1.0,-0.1
3,NONE,-1.0,-0.1,-1.0,-0.1
3,NONE,-1.0,-0.1,-1.0,-0.1
3,NONE,-1.0,-0.1,-1.0,-0.1
3,NONE,-1.0,-0.1,-1.0,-0.1
3,NONE,-1.0,-0.1,-1.0,-0.1
3,NONE,-1.0,-0.1,-1.0,-0.1
3,NONE,-1.0,-0.1,-1.0,-0.1
3,NONE,-1.0,-0.1,-1.0,-0.1
3,NONE,-1.0,-0.1,-1.0,-0.1
3,NONE,-1.0,-0.1,-1.0,-0.1
3,NONE,-1.0,-0.1,-1.0,-0.1
3,NONE,-1.0,-0.1,-1.0,-0.1
3,NONE,-1.0,-0.1,-1.0,-0.1
3,NONE,-1.0,-0.1,-1.0,-0.1
3,NONE,-1.0,-0.1,-1.0,-0.1
3,NONE,-1.0,-0.1,-1.0,-0.1
3,NONE,-1.0,-0.1,-1.0,-0.1
3,NONE,-1.0,-0.1,-1.0,-0.1
3,NONE,-1.0,-0.1,-1.0,-0.1
3,NONE,-1.0,-0.1,-1.0,-0.1
3,NONE,-1.0,-0.1,-1.0,-0.1
3,NONE,-1.0,-0.1,-1.0,-0.1
3,NONE,-1.0,-0.1,-1.0,-0.1
3,NONE,-1.0,-0.1,-1.0,-0.1
3,NONE,-1.0,-0.1,-1.0,-0.1
3,NONE,-1.0,-0.1,-1.0,-0.1
3,NONE,-1.0,-0.1,-1.0,-0.1
3,NONE,-1.0,-0.1,-1.0,-0.1
2,EV_B13_C008_Mototaxi_Electrica_P05,-1.0,-0.1,9.0,41.321349022984904
1,EV_B13_C008_Mototaxi_Electrica_P05,5.0,77.03092738831783,-1.0,41.321349022984904
1,EV_B13_C008_Mototaxi_Electrica_P05,4.0,77.03092738831783,-1.0,41.321349022984904
1,EV_B13_C008_Mototaxi_Electrica_P05,3.0,77.03092738831783,-1.0,41.321349022984904
1,EV_B13_C008_Mototaxi_Electrica_P05,2.0,77.03092738831783,-1.0,41.321349022984904
1,EV_B13_C008_Mototaxi_Electrica_P05,1.0,77.03092738831783,-1.0,41.321349022984904
1,EV_B13_C008_Mototaxi_Electrica_P05,0.0,77.03092738831783,-1.0,41.321349022984904
3,NONE,-1.0,-0.1,-1.0,-0.1
3,NONE,-1.0,-0.1,-1.0,-0.1
3,NONE,-1.0,-0.1,-1.0,-0.1
3,NONE,-1.0,-0.1,-1.0,-0.1
3,NONE,-1.0,-0.1,-1.0,-0.1
3,NONE,-1.0,-0.1,-1.0,-0.1
3,NONE,-1.0,-0.1,-1.0,-0.1
3,NONE,-1.0,-0.1,-1.0,-0.1
3,NONE,-1.0,-0.1,-1.0,-0.1
3,NONE,-1.0,-0.1,-1.0,-0.1
3,NONE,-1.0,-0.1,-1.0,-0.1
3,NONE,-1.0,-0.1,-1.0,-0.1
3,NONE,-1.0,-0.1,-1.0,-0.1
3,NONE,-1.0,-0.1,-1.0,-0.1
3,NONE,-1.0,-0.1,-1.0,-0.1
3,NONE,-1.0,-0.1,-1.0,-0.1
3,NONE,-1.0,-0.1,-1.0,-0.1
2,EV_B13_C008_Mototaxi_Electrica_P06,-1.0,-0.1,9.0,37.931831304740356
1,EV_B13_C008_Mototaxi_Electrica_P06,5.0,84.14561637991231,-1.0,37.931831304740356
1,EV_B13_C008_Mototaxi_Electrica_P06,4.0,84.14561637991231,-1.0,37.931831304740356
1,EV_B13_C008_Mototaxi_Electrica_P06,3.0,84.14561637991231,-1.0,37.931831304740356
1,EV_B13_C008_Mototaxi_Electrica_P06,2.0,84.14561637991231,-1.0,37.931831304740356
1,EV_B13_C008_Mototaxi_Electrica_P06,1.0,84.14561637991231,-1.0,37.931831304740356
1,EV_B13_C008_Mototaxi_Electrica_P06,0.0,84.14561637991231,-1.0,37.931831304740356
3,NONE,-1.0,-0.1,-1.0,-0.1
3,NONE,-1.0,-0.1,-1.0,-0.1
3,NONE,-1.0,-0.1,-1.0,-0.1
3,NONE,-1.0,-0.1,-1.0,-0.1
3,NONE,-1.0,-0.1,-1.0,-0.1
3,NONE,-1.0,-0.1,-1.0,-0.1
3,NONE,-1.0,-0.1,-1.0,-0.1
3,NONE,-1.0,-0.1,-1.0,-0.1
3,NONE,-1.0,-0.1,-1.0,-0.1
3,NONE,-1.0,-0.1,-1.0,-0.1
3,NONE,-1.0,-0.1,-1.0,-0.1
3,NONE,-1.0,-0.1,-1.0,-0.1
3,NONE,-1.0,-0.1,-1.0,-0.1
3,NONE,-1.0,-0.1,-1.0,-0.1
3,NONE,-1.0,-0.1,-1.0,-0.1
3,NONE,-1.0,-0.1,-1.0,-0.1
3,NONE,-1.0,-0.1,-1.0,-0.1
2,EV_B13_C008_Mototaxi_Electrica_P07,-1.0,-0.1,9.0,26.06567327337388
1,EV_B13_C008_Mototaxi_Electrica_P07,5.0,80.82974882049913,-1.0,26.06567327337388
1,EV_B13_C008_Mototaxi_Electrica_P07,4.0,80.82974882049913,-1.0,26.06567327337388
1,EV_B13_C008_Mototaxi_Electrica_P07,3.0,80.82974882049913,-1.0,26.06567327337388
1,EV_B13_C008_Mototaxi_Electrica_P07,2.0,80.82974882049913,-1.0,26.06567327337388
1,EV_B13_C008_Mototaxi_Electrica_P07,1.0,80.82974882049913,-1.0,26.06567327337388
1,EV_B13_C008_Mototaxi_Electrica_P07,0.0,80.82974882049913,-1.0,26.06567327337388
3,NONE,-1.0,-0.1,-1.0,-0.1
3,NONE,-1.0,-0.1,-1.0,-0.1
3,NONE,-1.0,-0.1,-1.0,-0.1
3,NONE,-1.0,-0.1,-1.0,-0.1
3,NONE,-1.0,-0.1,-1.0,-0.1
3,NONE,-1.0,-0.1,-1.0,-0.1
3,NONE,-1.0,-0.1,-1.0,-0.1
3,NONE,-1.0,-0.1,-1.0,-0.1
3,NONE,-1.0,-0.1,-1.0,-0.1
3,NONE,-1.0,-0.1,-1.0,-0.1
3,NONE,-1.0,-0.1,-1.0,-0.1
3,NONE,-1.0,-0.1,-1.0,-0.1
3,NONE,-1.0,-0.1,-1.0,-0.1
3,NONE,-1.0,-0.1,-1.0,-0.1
3,NONE,-1.0,-0.1,-1.0,-0.1
3,NONE,-1.0,-0.1,-1.0,-0.1
3,NONE,-1.0,-0.1,-1.0,-0.1
3,NONE,-1.0,-0.1,-1.0,-0.1
3,NONE,-1.0,-0.1,-1.0,-0.1
3,NONE,-1.0,-0.1,-1.0,-0.1
3,NONE,-1.0,-0.1,-1.0,-0.1
3,NONE,-1.0,-0.1,-1.0,-0.1
3,NONE,-1.0,-0.1,-1.0,-0.1
3,NONE,-1.0,-0.1,-1.0,-0.1
3,NONE,-1.0,-0.1,-1.0,-0.1
3,NONE,-1.0,-0.1,-1.0,-0.1
3,NONE,-1.0,-0.1,-1.0,-0.1
3,NONE,-1.0,-0.1,-1.0,-0.1
3,NONE,-1.0,-0.1,-1.0,-0.1
3,NONE,-1.0,-0.1,-1.0,-0.1
3,NONE,-1.0,-0.1,-1.0,-0.1
3,NONE,-1.0,-0.1,-1.0,-0.1
3,NONE,-1.0,-0.1,-1.0,-0.1
3,NONE,-1.0,-0.1,-1.0,-0.1
3,NONE,-1.0,-0.1,-1.0,-0.1
3,NONE,-1.0,-0.1,-1.0,-0.1
3,NONE,-1.0,-0.1,-1.0,-0.1
3,NONE,-1.0,-0.1,-1.0,-0.1
3,NONE,-1.0,-0.1,-1.0,-0.1
2,EV_B13_C008_Mototaxi_Electrica_P08,-1.0,-0.1,7.0,35.43862435527969
1,EV_B13_C008_Mototaxi_Electrica_P08,7.0,73.22840724575266,-1.0,35.43862435527969
1,EV_B13_C008_Mototaxi_Electrica_P08,6.0,73.22840724575266,-1.0,35.43862435527969
1,EV_B13_C008_Mototaxi_Electrica_P08,5.0,73.22840724575266,-1.0,35.43862435527969
1,EV_B13_C008_Mototaxi_Electrica_P08,4.0,73.22840724575266,-1.0,35.43862435527969
1,EV_B13_C008_Mototaxi_Electrica_P08,3.0,73.22840724575266,-1.0,35.43862435527969
1,EV_B13_C008_Mototaxi_Electrica_P08,2.0,73.22840724575266,-1.0,35.43862435527969
1,EV_B13_C008_Mototaxi_Electrica_P08,1.0,73.22840724575266,-1.0,35.43862435527969
1,EV_B13_C008_Mototaxi_Electrica_P08,0.0,73.22840724575266,-1.0,35.43862435527969
3,NONE,-1.0,-0.1,-1.0,-0.1
3,NONE,-1.0,-0.1,-1.0,-0.1
3,NONE,-1.0,-0.1,-1.0,-0.1
3,NONE,-1.0,-0.1,-1.0,-0.1
3,NONE,-1.0,-0.1,-1.0,-0.1
3,NONE,-1.0,-0.1,-1.0,-0.1
3,NONE,-1.0,-0.1,-1.0,-0.1
3,NONE,-1.0,-0.1,-1.0,-0.1
3,NONE,-1.0,-0.1,-1.0,-0.1
3,NONE,-1.0,-0.1,-1.0,-0.1
3,NONE,-1.0,-0.1,-1.0,-0.1
3,NONE,-1.0,-0.1,-1.0,-0.1
3,NONE,-1.0,-0.1,-1.0,-0.1
3,NONE,-1.0,-0.1,-1.0,-0.1
3,NONE,-1.0,-0.1,-1.0,-0.1
3,NONE,-1.0,-0.1,-1.0,-0.1
3,NONE,-1.0,-0.1,-1.0,-0.1
3,NONE,-1.0,-0.1,-1.0,-0.1
3,NONE,-1.0,-0.1,-1.0,-0.1
3,NONE,-1.0,-0.1,-1.0,-0.1
3,NONE,-1.0,-0.1,-1.0,-0.1
3,NONE,-1.0,-0.1,-1.0,-0.1
3,NONE,-1.0,-0.1,-1.0,-0.1
3,NONE,-1.0,-0.1,-1.0,-0.1
3,NONE,-1.0,-0.1,-1.0,-0.1
3,NONE,-1.0,-0.1,-1.0,-0.1
3,NONE,-1.0,-0.1,-1.0,-0.1
3,NONE,-1.0,-0.1,-1.0,-0.1
3,NONE,-1.0,-0.1,-1.0,-0.1
3,NONE,-1.0,-0.1,-1.0,-0.1
3,NONE,-1.0,-0.1,-1.0,-0.1
3,NONE,-1.0,-0.1,-1.0,-0.1
3,NONE,-1.0,-0.1,-1.0,-0.1
3,NONE,-1.0,-0.1,-1.0,-0.1
3,NONE,-1.0,-0.1,-1.0,-0.1
3,NONE,-1.0,-0.1,-1.0,-0.1
3,NONE,-1.0,-0.1,-1.0,-0.1
3,NONE,-1.0,-0.1,-1.0,-0.1
3,NONE,-1.0,-0.1,-1.0,-0.1
3,NONE,-1.0,-0.1,-1.0,-0.1
3,NONE,-1.0,-0.1,-1.0,-0.1
3,NONE,-1.0,-0.1,-1.0,-0.1
3,NONE,-1.0,-0.1,-1.0,-0.1
3,NONE,-1.0,-0.1,-1.0,-0.1
3,NONE,-1.0,-0.1,-1.0,-0.1
3,NONE,-1.0,-0.1,-1.0,-0.1
3,NONE,-1.0,-0.1,-1.0,-0.1
3,NONE,-1.0,-0.1,-1.0,-0.1
3,NONE,-1.0,-0.1,-1.0,-0.1
3,NONE,-1.0,-0.1,-1.0,-0.1
3,NONE,-1.0,-0.1,-1.0,-0.1
3,NONE,-1.0,-0.1,-1.0,-0.1
3,NONE,-1.0,-0.1,-1.0,-0.1
3,NONE,-1.0,-0.1,-1.0,-0.1
3,NONE,-1.0,-0.1,-1.0,-0.1
3,NONE,-1.0,-0.1,-1.0,-0.1
3,NONE,-1.0,-0.1,-1.0,-0.1
3,NONE,-1.0,-0.1,-1.0,-0.1
3,NONE,-1.0,-0.1,-1.0,-0.1
3,NONE,-1.0,-0.1,-1.0,-0.1
3,NONE,-1.0,-0.1,-1.0,-0.1
3,NONE,-1.0,-0.1,-1.0,-0.1
3,NONE,-1.0,-0.1,-1.0,-0.1
2,EV_B13_C008_Mototaxi_Electrica_P09,-1.0,-0.1,7.0,64.68481071088146
1,EV_B13_C008_Mototaxi_Electrica_P09,6.0,82.85585307070951,-1.0,64.68481071088146
1,EV_B13_C008_Mototaxi_Electrica_P09,5.0,82.85585307070951,-1.0,64.68481071088146
1,EV_B13_C008_Mototaxi_Electrica_P09,4.0,82.85585307070951,-1.0,64.68481071088146
1,EV_B13_C008_Mototaxi_Electrica_P09,3.0,82.85585307070951,-1.0,64.68481071088146
1,EV_B13_C008_Mototaxi_Electrica_P09,2.0,82.85585307070951,-1.0,64.68481071088146
1,EV_B13_C008_Mototaxi_Electrica_P09,1.0,82.85585307070951,-1.0,64.68481071088146
1,EV_B13_C008_Mototaxi_Electrica_P09,0.0,82.85585307070951,-1.0,64.68481071088146
3,NONE,-1.0,-0.1,-1.0,-0.1
3,NONE,-1.0,-0.1,-1.0,-0.1
3,NONE,-1.0,-0.1,-1.0,-0.1
3,NONE,-1.0,-0.1,-1.0,-0.1
3,NONE,-1.0,-0.1,-1.0,-0.1
3,NONE,-1.0,-0.1,-1.0,-0.1
3,NONE,-1.0,-0.1,-1.0,-0.1
3,NONE,-1.0,-0.1,-1.0,-0.1
3,NONE,-1.0,-0.1,-1.0,-0.1
3,NONE,-1.0,-0.1,-1.0,-0.1
3,NONE,-1.0,-0.1,-1.0,-0.1
3,NONE,-1.0,-0.1,-1.0,-0.1
3,NONE,-1.0,-0.1,-1.0,-0.1
3,NONE,-1.0,-0.1,-1.0,-0.1
3,NONE,-1.0,-0.1,-1.0,-0.1
3,NONE,-1.0,-0.1,-1.0,-0.1
3,NONE,-1.0,-0.1,-1.0,-0.1
2,EV_B13_C008_Mototaxi_Electrica_P10,-1.0,-0.1,8.0,54.73542164148223
1,EV_B13_C008_Mototaxi_Electrica_P10,6.0,81.48008853015318,-1.0,54.73542164148223
1,EV_B13_C008_Mototaxi_Electrica_P10,5.0,81.48008853015318,-1.0,54.73542164148223
1,EV_B13_C008_Mototaxi_Electrica_P10,4.0,81.48008853015318,-1.0,54.73542164148223
1,EV_B13_C008_Mototaxi_Electrica_P10,3.0,81.48008853015318,-1.0,54.73542164148223
1,EV_B13_C008_Mototaxi_Electrica_P10,2.0,81.48008853015318,-1.0,54.73542164148223
1,EV_B13_C008_Mototaxi_Electrica_P10,1.0,81.48008853015318,-1.0,54.73542164148223
1,EV_B13_C008_Mototaxi_Electrica_P10,0.0,81.48008853015318,-1.0,54.73542164148223
3,NONE,-1.0,-0.1,-1.0,-0.1
3,NONE,-1.0,-0.1,-1.0,-0.1
3,NONE,-1.0,-0.1,-1.0,-0.1
3,NONE,-1.0,-0.1,-1.0,-0.1
3,NONE,-1.0,-0.1,-1.0,-0.1
3,NONE,-1.0,-0.1,-1.0,-0.1
3,NONE,-1.0,-0.1,-1.0,-0.1
3,NONE,-1.0,-0.1,-1.0,-0.1
3,NONE,-1.0,-0.1,-1.0,-0.1
3,NONE,-1.0,-0.1,-1.0,-0.1
3,NONE,-1.0,-0.1,-1.0,-0.1
3,NONE,-1.0,-0.1,-1.0,-0.1
3,NONE,-1.0,-0.1,-1.0,-0.1
3,NONE,-1.0,-0.1,-1.0,-0.1
3,NONE,-1.0,-0.1,-1.0,-0.1
3,NONE,-1.0,-0.1,-1.0,-0.1
3,NONE,-1.0,-0.1,-1.0,-0.1
3,NONE,-1.0,-0.1,-1.0,-0.1
3,NONE,-1.0,-0.1,-1.0,-0.1
3,NONE,-1.0,-0.1,-1.0,-0.1
3,NONE,-1.0,-0.1,-1.0,-0.1
3,NONE,-1.0,-0.1,-1.0,-0.1
3,NONE,-1.0,-0.1,-1.0,-0.1
3,NONE,-1.0,-0.1,-1.0,-0.1
3,NONE,-1.0,-0.1,-1.0,-0.1
3,NONE,-1.0,-0.1,-1.0,-0.1
3,NONE,-1.0,-0.1,-1.0,-0.1
3,NONE,-1.0,-0.1,-1.0,-0.1
3,NONE,-1.0,-0.1,-1.0,-0.1
3,NONE,-1.0,-0.1,-1.0,-0.1
3,NONE,-1.0,-0.1,-1.0,-0.1
3,NONE,-1.0,-0.1,-1.0,-0.1
3,NONE,-1.0,-0.1,-1.0,-0.1
3,NONE,-1.0,-0.1,-1.0,-0.1
3,NONE,-1.0,-0.1,-1.0,-0.1
3,NONE,-1.0,-0.1,-1.0,-0.1
3,NONE,-1.0,-0.1,-1.0,-0.1
3,NONE,-1.0,-0.1,-1.0,-0.1
3,NONE,-1.0,-0.1,-1.0,-0.1
3,NONE,-1.0,-0.1,-1.0,-0.1
2,EV_B13_C008_Mototaxi_Electrica_P01,-1.0,-0.1,8.0,34.254911571013295
1,EV_B13_C008_Mototaxi_Electrica_P01,6.0,81.46483268403797,-1.0,34.254911571013295
1,EV_B13_C008_Mototaxi_Electrica_P01,5.0,81.46483268403797,-1.0,34.254911571013295
1,EV_B13_C008_Mototaxi_Electrica_P01,4.0,81.46483268403797,-1.0,34.254911571013295
1,EV_B13_C008_Mototaxi_Electrica_P01,3.0,81.46483268403797,-1.0,34.254911571013295
1,EV_B13_C008_Mototaxi_Electrica_P01,2.0,81.46483268403797,-1.0,34.254911571013295
1,EV_B13_C008_Mototaxi_Electrica_P01,1.0,81.46483268403797,-1.0,34.254911571013295
1,EV_B13_C008_Mototaxi_Electrica_P01,0.0,81.46483268403797,-1.0,34.254911571013295
3,NONE,-1.0,-0.1,-1.0,-0.1
3,NONE,-1.0,-0.1,-1.0,-0.1
3,NONE,-1.0,-0.1,-1.0,-0.1
3,NONE,-1.0,-0.1,-1.0,-0.1
3,NONE,-1.0,-0.1,-1.0,-0.1
3,NONE,-1.0,-0.1,-1.0,-0.1
3,NONE,-1.0,-0.1,-1.0,-0.1
3,NONE,-1.0,-0.1,-1.0,-0.1
3,NONE,-1.0,-0.1,-1.0,-0.1
3,NONE,-1.0,-0.1,-1.0,-0.1
3,NONE,-1.0,-0.1,-1.0,-0.1
3,NONE,-1.0,-0.1,-1.0,-0.1
3,NONE,-1.0,-0.1,-1.0,-0.1
3,NONE,-1.0,-0.1,-1.0,-0.1
3,NONE,-1.0,-0.1,-1.0,-0.1
3,NONE,-1.0,-0.1,-1.0,-0.1
3,NONE,-1.0,-0.1,-1.0,-0.1
3,NONE,-1.0,-0.1,-1.0,-0.1
3,NONE,-1.0,-0.1,-1.0,-0.1
3,NONE,-1.0,-0.1,-1.0,-0.1
3,NONE,-1.0,-0.1,-1.0,-0.1
3,NONE,-1.0,-0.1,-1.0,-0.1
3,NONE,-1.0,-0.1,-1.0,-0.1
3,NONE,-1.0,-0.1,-1.0,-0.1
3,NONE,-1.0,-0.1,-1.0,-0.1
3,NONE,-1.0,-0.1,-1.0,-0.1
3,NONE,-1.0,-0.1,-1.0,-0.1
3,NONE,-1.0,-0.1,-1.0,-0.1
3,NONE,-1.0,-0.1,-1.0,-0.1
3,NONE,-1.0,-0.1,-1.0,-0.1
3,NONE,-1.0,-0.1,-1.0,-0.1
3,NONE,-1.0,-0.1,-1.0,-0.1
3,NONE,-1.0,-0.1,-1.0,-0.1
3,NONE,-1.0,-0.1,-1.0,-0.1
3,NONE,-1.0,-0.1,-1.0,-0.1
3,NONE,-1.0,-0.1,-1.0,-0.1
3,NONE,-1.0,-0.1,-1.0,-0.1
3,NONE,-1.0,-0.1,-1.0,-0.1
3,NONE,-1.0,-0.1,-1.0,-0.1
3,NONE,-1.0,-0.1,-1.0,-0.1
3,NONE,-1.0,-0.1,-1.0,-0.1
3,NONE,-1.0,-0.1,-1.0,-0.1
3,NONE,-1.0,-0.1,-1.0,-0.1
3,NONE,-1.0,-0.1,-1.0,-0.1
3,NONE,-1.0,-0.1,-1.0,-0.1
3,NONE,-1.0,-0.1,-1.0,-0.1
3,NONE,-1.0,-0.1,-1.0,-0.1
3,NONE,-1.0,-0.1,-1.0,-0.1
3,NONE,-1.0,-0.1,-1.0,-0.1
3,NONE,-1.0,-0.1,-1.0,-0.1
3,NONE,-1.0,-0.1,-1.0,-0.1
3,NONE,-1.0,-0.1,-1.0,-0.1
3,NONE,-1.0,-0.1,-1.0,-0.1
3,NONE,-1.0,-0.1,-1.0,-0.1
3,NONE,-1.0,-0.1,-1.0,-0.1
3,NONE,-1.0,-0.1,-1.0,-0.1
3,NONE,-1.0,-0.1,-1.0,-0.1
3,NONE,-1.0,-0.1,-1.0,-0.1
3,NONE,-1.0,-0.1,-1.0,-0.1
3,NONE,-1.0,-0.1,-1.0,-0.1
3,NONE,-1.0,-0.1,-1.0,-0.1
3,NONE,-1.0,-0.1,-1.0,-0.1
3,NONE,-1.0,-0.1,-1.0,-0.1
3,NONE,-1.0,-0.1,-1.0,-0.1
3,NONE,-1.0,-0.1,-1.0,-0.1
3,NONE,-1.0,-0.1,-1.0,-0.1
3,NONE,-1.0,-0.1,-1.0,-0.1
3,NONE,-1.0,-0.1,-1.0,-0.1
3,NONE,-1.0,-0.1,-1.0,-0.1
3,NONE,-1.0,-0.1,-1.0,-0.1
3,NONE,-1.0,-0.1,-1.0,-0.1
3,NONE,-1.0,-0.1,-1.0,-0.1
3,NONE,-1.0,-0.1,-1.0,-0.1
3,NONE,-1.0,-0.1,-1.0,-0.1
3,NONE,-1.0,-0.1,-1.0,-0.1
3,NONE,-1.0,-0.1,-1.0,-0.1
3,NONE,-1.0,-0.1,-1.0,-0.1
3,NONE,-1.0,-0.1,-1.0,-0.1
3,NONE,-1.0,-0.1,-1.0,-0.1
3,NONE,-1.0,-0.1,-1.0,-0.1
3,NONE,-1.0,-0.1,-1.0,-0.1
3,NONE,-1.0,-0.1,-1.0,-0.1
3,NONE,-1.0,-0.1,-1.0,-0.1
3,NONE,-1.0,-0.1,-1.0,-0.1
3,NONE,-1.0,-0.1,-1.0,-0.1
3,NONE,-1.0,-0.1,-1.0,-0.1
3,NONE,-1.0,-0.1,-1.0,-0.1
3,NONE,-1.0,-0.1,-1.0,-0.1
3,NONE,-1.0,-0.1,-1.0,-0.1
3,NONE,-1.0,-0.1,-1.0,-0.1
3,NONE,-1.0,-0.1,-1.0,-0.1
3,NONE,-1.0,-0.1,-1.0,-0.1
3,NONE,-1.0,-0.1,-1.0,-0.1
3,NONE,-1.0,-0.1,-1.0,-0.1
3,NONE,-1.0,-0.1,-1.0,-0.1
3,NONE,-1.0,-0.1,-1.0,-0.1
3,NONE,-1.0,-0.1,-1.0,-0.1
3,NONE,-1.0,-0.1,-1.0,-0.1
3,NONE,-1.0,-0.1,-1.0,-0.1
3,NONE,-1.0,-0.1,-1.0,-0.1
3,NONE,-1.0,-0.1,-1.0,-0.1
3,NONE,-1.0,-0.1,-1.0,-0.1
3,NONE,-1.0,-0.1,-1.0,-0.1
3,NONE,-1.0,-0.1,-1.0,-0.1
3,NONE,-1.0,-0.1,-1.0,-0.1
3,NONE,-1.0,-0.1,-1.0,-0.1
3,NONE,-1.0,-0.1,-1.0,-0.1
3,NONE,-1.0,-0.1,-1.0,-0.1
3,NONE,-1.0,-0.1,-1.0,-0.1
3,NONE,-1.0,-0.1,-1.0,-0.1
3,NONE,-1.0,-0.1,-1.0,-0.1
3,NONE,-1.0,-0.1,-1.0,-0.1
3,NONE,-1.0,-0.1,-1.0,-0.1
3,NONE,-1.0,-0.1,-1.0,-0.1
3,NONE,-1.0,-0.1,-1.0,-0.1
3,NONE,-1.0,-0.1,-1.0,-0.1
3,NONE,-1.0,-0.1,-1.0,-0.1
3,NONE,-1.0,-0.1,-1.0,-0.1
3,NONE,-1.0,-0.1,-1.0,-0.1
3,NONE,-1.0,-0.1,-1.0,-0.1
3,NONE,-1.0,-0.1,-1.0,-0.1
3,NONE,-1.0,-0.1,-1.0,-0.1
3,NONE,-1.0,-0.1,-1.0,-0.1
3,NONE,-1.0,-0.1,-1.0,-0.1
3,NONE,-1.0,-0.1,-1.0,-0.1
3,NONE,-1.0,-0.1,-1.0,-0.1
3,NONE,-1.0,-0.1,-1.0,-0.1
3,NONE,-1.0,-0.1,-1.0,-0.1
3,NONE,-1.0,-0.1,-1.0,-0.1
3,NONE,-1.0,-0.1,-1.0,-0.1
3,NONE,-1.0,-0.1,-1.0,-0.1
3,NONE,-1.0,-0.1,-1.0,-0.1
3,NONE,-1.0,-0.1,-1.0,-0.1
3,NONE,-1.0,-0.1,-1.0,-0.1
3,NONE,-1.0,-0.1,-1.0,-0.1
3,NONE,-1.0,-0.1,-1.0,-0.1
3,NONE,-1.0,-0.1,-1.0,-0.1
2,EV_B13_C008_Mototaxi_Electrica_P02,-1.0,-0.1,9.0,43.95716391389327
1,EV_B13_C008_Mototaxi_Electrica_P02,5.0,86.42450426923737,-1.0,43.95716391389327
1,EV_B13_C008_Mototaxi_Electrica_P02,4.0,86.42450426923737,-1.0,43.95716391389327
1,EV_B13_C008_Mototaxi_Electrica_P02,3.0,86.42450426923737,-1.0,43.95716391389327
1,EV_B13_C008_Mototaxi_Electrica_P02,2.0,86.42450426923737,-1.0,43.95716391389327
1,EV_B13_C008_Mototaxi_Electrica_P02,1.0,86.42450426923737,-1.0,43.95716391389327
1,EV_B13_C008_Mototaxi_Electrica_P02,0.0,86.42450426923737,-1.0,43.95716391389327
3,NONE,-1.0,-0.1,-1.0,-0.1
3,NONE,-1.0,-0.1,-1.0,-0.1
3,NONE,-1.0,-0.1,-1.0,-0.1
3,NONE,-1.0,-0.1,-1.0,-0.1
3,NONE,-1.0,-0.1,-1.0,-0.1
3,NONE,-1.0,-0.1,-1.0,-0.1
3,NONE,-1.0,-0.1,-1.0,-0.1
3,NONE,-1.0,-0.1,-1.0,-0.1
3,NONE,-1.0,-0.1,-1.0,-0.1
3,NONE,-1.0,-0.1,-1.0,-0.1
3,NONE,-1.0,-0.1,-1.0,-0.1
3,NONE,-1.0,-0.1,-1.0,-0.1
3,NONE,-1.0,-0.1,-1.0,-0.1
3,NONE,-1.0,-0.1,-1.0,-0.1
3,NONE,-1.0,-0.1,-1.0,-0.1
3,NONE,-1.0,-0.1,-1.0,-0.1
3,NONE,-1.0,-0.1,-1.0,-0.1
2,EV_B13_C008_Mototaxi_Electrica_P03,-1.0,-0.1,9.0,44.108240690593796
1,EV_B13_C008_Mototaxi_Electrica_P03,5.0,82.09877461155938,-1.0,44.108240690593796
1,EV_B13_C008_Mototaxi_Electrica_P03,4.0,82.09877461155938,-1.0,44.108240690593796
1,EV_B13_C008_Mototaxi_Electrica_P03,3.0,82.09877461155938,-1.0,44.108240690593796
1,EV_B13_C008_Mototaxi_Electrica_P03,2.0,82.09877461155938,-1.0,44.108240690593796
1,EV_B13_C008_Mototaxi_Electrica_P03,1.0,82.09877461155938,-1.0,44.108240690593796
1,EV_B13_C008_Mototaxi_Electrica_P03,0.0,82.09877461155938,-1.0,44.108240690593796
3,NONE,-1.0,-0.1,-1.0,-0.1
3,NONE,-1.0,-0.1,-1.0,-0.1
3,NONE,-1.0,-0.1,-1.0,-0.1
3,NONE,-1.0,-0.1,-1.0,-0.1
3,NONE,-1.0,-0.1,-1.0,-0.1
3,NONE,-1.0,-0.1,-1.0,-0.1
3,NONE,-1.0,-0.1,-1.0,-0.1
3,NONE,-1.0,-0.1,-1.0,-0.1
3,NONE,-1.0,-0.1,-1.0,-0.1
3,NONE,-1.0,-0.1,-1.0,-0.1
3,NONE,-1.0,-0.1,-1.0,-0.1
3,NONE,-1.0,-0.1,-1.0,-0.1
3,NONE,-1.0,-0.1,-1.0,-0.1
3,NONE,-1.0,-0.1,-1.0,-0.1
3,NONE,-1.0,-0.1,-1.0,-0.1
3,NONE,-1.0,-0.1,-1.0,-0.1
3,NONE,-1.0,-0.1,-1.0,-0.1
3,NONE,-1.0,-0.1,-1.0,-0.1
3,NONE,-1.0,-0.1,-1.0,-0.1
3,NONE,-1.0,-0.1,-1.0,-0.1
3,NONE,-1.0,-0.1,-1.0,-0.1
3,NONE,-1.0,-0.1,-1.0,-0.1
3,NONE,-1.0,-0.1,-1.0,-0.1
3,NONE,-1.0,-0.1,-1.0,-0.1
3,NONE,-1.0,-0.1,-1.0,-0.1
3,NONE,-1.0,-0.1,-1.0,-0.1
3,NONE,-1.0,-0.1,-1.0,-0.1
3,NONE,-1.0,-0.1,-1.0,-0.1
3,NONE,-1.0,-0.1,-1.0,-0.1
3,NONE,-1.0,-0.1,-1.0,-0.1
3,NONE,-1.0,-0.1,-1.0,-0.1
3,NONE,-1.0,-0.1,-1.0,-0.1
3,NONE,-1.0,-0.1,-1.0,-0.1
3,NONE,-1.0,-0.1,-1.0,-0.1
3,NONE,-1.0,-0.1,-1.0,-0.1
3,NONE,-1.0,-0.1,-1.0,-0.1
3,NONE,-1.0,-0.1,-1.0,-0.1
3,NONE,-1.0,-0.1,-1.0,-0.1
3,NONE,-1.0,-0.1,-1.0,-0.1
3,NONE,-1.0,-0.1,-1.0,-0.1
3,NONE,-1.0,-0.1,-1.0,-0.1
3,NONE,-1.0,-0.1,-1.0,-0.1
3,NONE,-1.0,-0.1,-1.0,-0.1
3,NONE,-1.0,-0.1,-1.0,-0.1
3,NONE,-1.0,-0.1,-1.0,-0.1
3,NONE,-1.0,-0.1,-1.0,-0.1
3,NONE,-1.0,-0.1,-1.0,-0.1
3,NONE,-1.0,-0.1,-1.0,-0.1
3,NONE,-1.0,-0.1,-1.0,-0.1
3,NONE,-1.0,-0.1,-1.0,-0.1
3,NONE,-1.0,-0.1,-1.0,-0.1
3,NONE,-1.0,-0.1,-1.0,-0.1
3,NONE,-1.0,-0.1,-1.0,-0.1
3,NONE,-1.0,-0.1,-1.0,-0.1
3,NONE,-1.0,-0.1,-1.0,-0.1
3,NONE,-1.0,-0.1,-1.0,-0.1
3,NONE,-1.0,-0.1,-1.0,-0.1
3,NONE,-1.0,-0.1,-1.0,-0.1
3,NONE,-1.0,-0.1,-1.0,-0.1
3,NONE,-1.0,-0.1,-1.0,-0.1
3,NONE,-1.0,-0.1,-1.0,-0.1
3,NONE,-1.0,-0.1,-1.0,-0.1
3,NONE,-1.0,-0.1,-1.0,-0.1
3,NONE,-1.0,-0.1,-1.0,-0.1
3,NONE,-1.0,-0.1,-1.0,-0.1
3,NONE,-1.0,-0.1,-1.0,-0.1
3,NONE,-1.0,-0.1,-1.0,-0.1
3,NONE,-1.0,-0.1,-1.0,-0.1
3,NONE,-1.0,-0.1,-1.0,-0.1
3,NONE,-1.0,-0.1,-1.0,-0.1
3,NONE,-1.0,-0.1,-1.0,-0.1
3,NONE,-1.0,-0.1,-1.0,-0.1
3,NONE,-1.0,-0.1,-1.0,-0.1
3,NONE,-1.0,-0.1,-1.0,-0.1
3,NONE,-1.0,-0.1,-1.0,-0.1
3,NONE,-1.0,-0.1,-1.0,-0.1
3,NONE,-1.0,-0.1,-1.0,-0.1
3,NONE,-1.0,-0.1,-1.0,-0.1
3,NONE,-1.0,-0.1,-1.0,-0.1
3,NONE,-1.0,-0.1,-1.0,-0.1
3,NONE,-1.0,-0.1,-1.0,-0.1
3,NONE,-1.0,-0.1,-1.0,-0.1
3,NONE,-1.0,-0.1,-1.0,-0.1
3,NONE,-1.0,-0.1,-1.0,-0.1
3,NONE,-1.0,-0.1,-1.0,-0.1
3,NONE,-1.0,-0.1,-1.0,-0.1
3,NONE,-1.0,-0.1,-1.0,-0.1
2,EV_B13_C008_Mototaxi_Electrica_P04,-1.0,-0.1,7.0,43.17394584265079
1,EV_B13_C008_Mototaxi_Electrica_P04,7.0,79.13709371090285,-1.0,43.17394584265079
1,EV_B13_C008_Mototaxi_Electrica_P04,6.0,79.13709371090285,-1.0,43.17394584265079
1,EV_B13_C008_Mototaxi_Electrica_P04,5.0,79.13709371090285,-1.0,43.17394584265079
1,EV_B13_C008_Mototaxi_Electrica_P04,4.0,79.13709371090285,-1.0,43.17394584265079
1,EV_B13_C008_Mototaxi_Electrica_P04,3.0,79.13709371090285,-1.0,43.17394584265079
1,EV_B13_C008_Mototaxi_Electrica_P04,2.0,79.13709371090285,-1.0,43.17394584265079
1,EV_B13_C008_Mototaxi_Electrica_P04,1.0,79.13709371090285,-1.0,43.17394584265079
1,EV_B13_C008_Mototaxi_Electrica_P04,0.0,79.13709371090285,-1.0,43.17394584265079
3,NONE,-1.0,-0.1,-1.0,-0.1
3,NONE,-1.0,-0.1,-1.0,-0.1
3,NONE,-1.0,-0.1,-1.0,-0.1
3,NONE,-1.0,-0.1,-1.0,-0.1
3,NONE,-1.0,-0.1,-1.0,-0.1
3,NONE,-1.0,-0.1,-1.0,-0.1
3,NONE,-1.0,-0.1,-1.0,-0.1
3,NONE,-1.0,-0.1,-1.0,-0.1
3,NONE,-1.0,-0.1,-1.0,-0.1
3,NONE,-1.0,-0.1,-1.0,-0.1
3,NONE,-1.0,-0.1,-1.0,-0.1
3,NONE,-1.0,-0.1,-1.0,-0.1
3,NONE,-1.0,-0.1,-1.0,-0.1
3,NONE,-1.0,-0.1,-1.0,-0.1
3,NONE,-1.0,-0.1,-1.0,-0.1
3,NONE,-1.0,-0.1,-1.0,-0.1
3,NONE,-1.0,-0.1,-1.0,-0.1
3,NONE,-1.0,-0.1,-1.0,-0.1
3,NONE,-1.0,-0.1,-1.0,-0.1
3,NONE,-1.0,-0.1,-1.0,-0.1
3,NONE,-1.0,-0.1,-1.0,-0.1
3,NONE,-1.0,-0.1,-1.0,-0.1
3,NONE,-1.0,-0.1,-1.0,-0.1
3,NONE,-1.0,-0.1,-1.0,-0.1
3,NONE,-1.0,-0.1,-1.0,-0.1
3,NONE,-1.0,-0.1,-1.0,-0.1
3,NONE,-1.0,-0.1,-1.0,-0.1
3,NONE,-1.0,-0.1,-1.0,-0.1
3,NONE,-1.0,-0.1,-1.0,-0.1
3,NONE,-1.0,-0.1,-1.0,-0.1
3,NONE,-1.0,-0.1,-1.0,-0.1
3,NONE,-1.0,-0.1,-1.0,-0.1
3,NONE,-1.0,-0.1,-1.0,-0.1
3,NONE,-1.0,-0.1,-1.0,-0.1
3,NONE,-1.0,-0.1,-1.0,-0.1
3,NONE,-1.0,-0.1,-1.0,-0.1
3,NONE,-1.0,-0.1,-1.0,-0.1
3,NONE,-1.0,-0.1,-1.0,-0.1
3,NONE,-1.0,-0.1,-1.0,-0.1
3,NONE,-1.0,-0.1,-1.0,-0.1
3,NONE,-1.0,-0.1,-1.0,-0.1
3,NONE,-1.0,-0.1,-1.0,-0.1
3,NONE,-1.0,-0.1,-1.0,-0.1
3,NONE,-1.0,-0.1,-1.0,-0.1
3,NONE,-1.0,-0.1,-1.0,-0.1
3,NONE,-1.0,-0.1,-1.0,-0.1
3,NONE,-1.0,-0.1,-1.0,-0.1
3,NONE,-1.0,-0.1,-1.0,-0.1
3,NONE,-1.0,-0.1,-1.0,-0.1
3,NONE,-1.0,-0.1,-1.0,-0.1
3,NONE,-1.0,-0.1,-1.0,-0.1
3,NONE,-1.0,-0.1,-1.0,-0.1
3,NONE,-1.0,-0.1,-1.0,-0.1
3,NONE,-1.0,-0.1,-1.0,-0.1
3,NONE,-1.0,-0.1,-1.0,-0.1
3,NONE,-1.0,-0.1,-1.0,-0.1
3,NONE,-1.0,-0.1,-1.0,-0.1
3,NONE,-1.0,-0.1,-1.0,-0.1
3,NONE,-1.0,-0.1,-1.0,-0.1
3,NONE,-1.0,-0.1,-1.0,-0.1
3,NONE,-1.0,-0.1,-1.0,-0.1
3,NONE,-1.0,-0.1,-1.0,-0.1
3,NONE,-1.0,-0.1,-1.0,-0.1
3,NONE,-1.0,-0.1,-1.0,-0.1
3,NONE,-1.0,-0.1,-1.0,-0.1
3,NONE,-1.0,-0.1,-1.0,-0.1
3,NONE,-1.0,-0.1,-1.0,-0.1
3,NONE,-1.0,-0.1,-1.0,-0.1
3,NONE,-1.0,-0.1,-1.0,-0.1
3,NONE,-1.0,-0.1,-1.0,-0.1
3,NONE,-1.0,-0.1,-1.0,-0.1
3,NONE,-1.0,-0.1,-1.0,-0.1
3,NONE,-1.0,-0.1,-1.0,-0.1
3,NONE,-1.0,-0.1,-1.0,-0.1
3,NONE,-1.0,-0.1,-1.0,-0.1
3,NONE,-1.0,-0.1,-1.0,-0.1
3,NONE,-1.0,-0.1,-1.0,-0.1
3,NONE,-1.0,-0.1,-1.0,-0.1
3,NONE,-1.0,-0.1,-1.0,-0.1
3,NONE,-1.0,-0.1,-1.0,-0.1
3,NONE,-1.0,-0.1,-1.0,-0.1
3,NONE,-1.0,-0.1,-1.0,-0.1
3,NONE,-1.0,-0.1,-1.0,-0.1
3,NONE,-1.0,-0.1,-1.0,-0.1
3,NONE,-1.0,-0.1,-1.0,-0.1
3,NONE,-1.0,-0.1,-1.0,-0.1
3,NONE,-1.0,-0.1,-1.0,-0.1
3,NONE,-1.0,-0.1,-1.0,-0.1
3,NONE,-1.0,-0.1,-1.0,-0.1
3,NONE,-1.0,-0.1,-1.0,-0.1
3,NONE,-1.0,-0.1,-1.0,-0.1
3,NONE,-1.0,-0.1,-1.0,-0.1
3,NONE,-1.0,-0.1,-1.0,-0.1
3,NONE,-1.0,-0.1,-1.0,-0.1
3,NONE,-1.0,-0.1,-1.0,-0.1
3,NONE,-1.0,-0.1,-1.0,-0.1
3,NONE,-1.0,-0.1,-1.0,-0.1
3,NONE,-1.0,-0.1,-1.0,-0.1
3,NONE,-1.0,-0.1,-1.0,-0.1
3,NONE,-1.0,-0.1,-1.0,-0.1
3,NONE,-1.0,-0.1,-1.0,-0.1
3,NONE,-1.0,-0.1,-1.0,-0.1
3,NONE,-1.0,-0.1,-1.0,-0.1
3,NONE,-1.0,-0.1,-1.0,-0.1
3,NONE,-1.0,-0.1,-1.0,-0.1
3,NONE,-1.0,-0.1,-1.0,-0.1
3,NONE,-1.0,-0.1,-1.0,-0.1
3,NONE,-1.0,-0.1,-1.0,-0.1
3,NONE,-1.0,-0.1,-1.0,-0.1
3,NONE,-1.0,-0.1,-1.0,-0.1
3,NONE,-1.0,-0.1,-1.0,-0.1
3,NONE,-1.0,-0.1,-1.0,-0.1
3,NONE,-1.0,-0.1,-1.0,-0.1
3,NONE,-1.0,-0.1,-1.0,-0.1
3,NONE,-1.0,-0.1,-1.0,-0.1
3,NONE,-1.0,-0.1,-1.0,-0.1
3,NONE,-1.0,-0.1,-1.0,-0.1
3,NONE,-1.0,-0.1,-1.0,-0.1
3,NONE,-1.0,-0.1,-1.0,-0.1
3,NONE,-1.0,-0.1,-1.0,-0.1
3,NONE,-1.0,-0.1,-1.0,-0.1
3,NONE,-1.0,-0.1,-1.0,-0.1
3,NONE,-1.0,-0.1,-1.0,-0.1
3,NONE,-1.0,-0.1,-1.0,-0.1
3,NONE,-1.0,-0.1,-1.0,-0.1
3,NONE,-1.0,-0.1,-1.0,-0.1
3,NONE,-1.0,-0.1,-1.0,-0.1
3,NONE,-1.0,-0.1,-1.0,-0.1
3,NONE,-1.0,-0.1,-1.0,-0.1
3,NONE,-1.0,-0.1,-1.0,-0.1
3,NONE,-1.0,-0.1,-1.0,-0.1
3,NONE,-1.0,-0.1,-1.0,-0.1
3,NONE,-1.0,-0.1,-1.0,-0.1
3,NONE,-1.0,-0.1,-1.0,-0.1
3,NONE,-1.0,-0.1,-1.0,-0.1
3,NONE,-1.0,-0.1,-1.0,-0.1
3,NONE,-1.0,-0.1,-1.0,-0.1
3,NONE,-1.0,-0.1,-1.0,-0.1
3,NONE,-1.0,-0.1,-1.0,-0.1
3,NONE,-1.0,-0.1,-1.0,-0.1
3,NONE,-1.0,-0.1,-1.0,-0.1
3,NONE,-1.0,-0.1,-1.0,-0.1
3,NONE,-1.0,-0.1,-1.0,-0.1
3,NONE,-1.0,-0.1,-1.0,-0.1
3,NONE,-1.0,-0.1,-1.0,-0.1
3,NONE,-1.0,-0.1,-1.0,-0.1
3,NONE,-1.0,-0.1,-1.0,-0.1
3,NONE,-1.0,-0.1,-1.0,-0.1
3,NONE,-1.0,-0.1,-1.0,-0.1
3,NONE,-1.0,-0.1,-1.0,-0.1
3,NONE,-1.0,-0.1,-1.0,-0.1
3,NONE,-1.0,-0.1,-1.0,-0.1
3,NONE,-1.0,-0.1,-1.0,-0.1
3,NONE,-1.0,-0.1,-1.0,-0.1
3,NONE,-1.0,-0.1,-1.0,-0.1
3,NONE,-1.0,-0.1,-1.0,-0.1
3,NONE,-1.0,-0.1,-1.0,-0.1
3,NONE,-1.0,-0.1,-1.0,-0.1
3,NONE,-1.0,-0.1,-1.0,-0.1
3,NONE,-1.0,-0.1,-1.0,-0.1
3,NONE,-1.0,-0.1,-1.0,-0.1
3,NONE,-1.0,-0.1,-1.0,-0.1
3,NONE,-1.0,-0.1,-1.0,-0.1
3,NONE,-1.0,-0.1,-1.0,-0.1
3,NONE,-1.0,-0.1,-1.0,-0.1
3,NONE,-1.0,-0.1,-1.0,-0.1
3,NONE,-1.0,-0.1,-1.0,-0.1
3,NONE,-1.0,-0.1,-1.0,-0.1
3,NONE,-1.0,-0.1,-1.0,-0.1
3,NONE,-1.0,-0.1,-1.0,-0.1
3,NONE,-1.0,-0.1,-1.0,-0.1
3,NONE,-1.0,-0.1,-1.0,-0.1
3,NONE,-1.0,-0.1,-1.0,-0.1
3,NONE,-1.0,-0.1,-1.0,-0.1
3,NONE,-1.0,-0.1,-1.0,-0.1
3,NONE,-1.0,-0.1,-1.0,-0.1
3,NONE,-1.0,-0.1,-1.0,-0.1
3,NONE,-1.0,-0.1,-1.0,-0.1
3,NONE,-1.0,-0.1,-1.0,-0.1
3,NONE,-1.0,-0.1,-1.0,-0.1
3,NONE,-1.0,-0.1,-1.0,-0.1
3,NONE,-1.0,-0.1,-1.0,-0.1
3,NONE,-1.0,-0.1,-1.0,-0.1
2,EV_B13_C008_Mototaxi_Electrica_P05,-1.0,-0.1,7.0,14.698777423033604
1,EV_B13_C008_Mototaxi_Electrica_P05,7.0,91.49307889289233,-1.0,14.698777423033604
1,EV_B13_C008_Mototaxi_Electrica_P05,6.0,91.49307889289233,-1.0,14.698777423033604
1,EV_B13_C008_Mototaxi_Electrica_P05,5.0,91.49307889289233,-1.0,14.698777423033604
1,EV_B13_C008_Mototaxi_Electrica_P05,4.0,91.49307889289233,-1.0,14.698777423033604
1,EV_B13_C008_Mototaxi_Electrica_P05,3.0,91.49307889289233,-1.0,14.698777423033604
1,EV_B13_C008_Mototaxi_Electrica_P05,2.0,91.49307889289233,-1.0,14.698777423033604
1,EV_B13_C008_Mototaxi_Electrica_P05,1.0,91.49307889289233,-1.0,14.698777423033604
1,EV_B13_C008_Mototaxi_Electrica_P05,0.0,91.49307889289233,-1.0,14.698777423033604
3,NONE,-1.0,-0.1,-1.0,-0.1
3,NONE,-1.0,-0.1,-1.0,-0.1
3,NONE,-1.0,-0.1,-1.0,-0.1
3,NONE,-1.0,-0.1,-1.0,-0.1
3,NONE,-1.0,-0.1,-1.0,-0.1
3,NONE,-1.0,-0.1,-1.0,-0.1
3,NONE,-1.0,-0.1,-1.0,-0.1
3,NONE,-1.0,-0.1,-1.0,-0.1
3,NONE,-1.0,-0.1,-1.0,-0.1
3,NONE,-1.0,-0.1,-1.0,-0.1
3,NONE,-1.0,-0.1,-1.0,-0.1
3,NONE,-1.0,-0.1,-1.0,-0.1
3,NONE,-1.0,-0.1,-1.0,-0.1
3,NONE,-1.0,-0.1,-1.0,-0.1
3,NONE,-1.0,-0.1,-1.0,-0.1
3,NONE,-1.0,-0.1,-1.0,-0.1
2,EV_B13_C008_Mototaxi_Electrica_P06,-1.0,-0.1,8.0,27.316113104308194
1,EV_B13_C008_Mototaxi_Electrica_P06,6.0,75.85114796334626,-1.0,27.316113104308194
1,EV_B13_C008_Mototaxi_Electrica_P06,5.0,75.85114796334626,-1.0,27.316113104308194
1,EV_B13_C008_Mototaxi_Electrica_P06,4.0,75.85114796334626,-1.0,27.316113104308194
1,EV_B13_C008_Mototaxi_Electrica_P06,3.0,75.85114796334626,-1.0,27.316113104308194
1,EV_B13_C008_Mototaxi_Electrica_P06,2.0,75.85114796334626,-1.0,27.316113104308194
1,EV_B13_C008_Mototaxi_Electrica_P06,1.0,75.85114796334626,-1.0,27.316113104308194
1,EV_B13_C008_Mototaxi_Electrica_P06,0.0,75.85114796334626,-1.0,27.316113104308194
3,NONE,-1.0,-0.1,-1.0,-0.1
3,NONE,-1.0,-0.1,-1.0,-0.1
3,NONE,-1.0,-0.1,-1.0,-0.1
3,NONE,-1.0,-0.1,-1.0,-0.1
3,NONE,-1.0,-0.1,-1.0,-0.1
3,NONE,-1.0,-0.1,-1.0,-0.1
3,NONE,-1.0,-0.1,-1.0,-0.1
3,NONE,-1.0,-0.1,-1.0,-0.1
3,NONE,-1.0,-0.1,-1.0,-0.1
3,NONE,-1.0,-0.1,-1.0,-0.1
3,NONE,-1.0,-0.1,-1.0,-0.1
3,NONE,-1.0,-0.1,-1.0,-0.1
3,NONE,-1.0,-0.1,-1.0,-0.1
3,NONE,-1.0,-0.1,-1.0,-0.1
3,NONE,-1.0,-0.1,-1.0,-0.1
3,NONE,-1.0,-0.1,-1.0,-0.1
3,NONE,-1.0,-0.1,-1.0,-0.1
2,EV_B13_C008_Mototaxi_Electrica_P07,-1.0,-0.1,9.0,35.809475835274796
1,EV_B13_C008_Mototaxi_Electrica_P07,5.0,87.71529218369587,-1.0,35.809475835274796
1,EV_B13_C008_Mototaxi_Electrica_P07,4.0,87.71529218369587,-1.0,35.809475835274796
1,EV_B13_C008_Mototaxi_Electrica_P07,3.0,87.71529218369587,-1.0,35.809475835274796
1,EV_B13_C008_Mototaxi_Electrica_P07,2.0,87.71529218369587,-1.0,35.809475835274796
1,EV_B13_C008_Mototaxi_Electrica_P07,1.0,87.71529218369587,-1.0,35.809475835274796
1,EV_B13_C008_Mototaxi_Electrica_P07,0.0,87.71529218369587,-1.0,35.809475835274796
3,NONE,-1.0,-0.1,-1.0,-0.1
3,NONE,-1.0,-0.1,-1.0,-0.1
3,NONE,-1.0,-0.1,-1.0,-0.1
3,NONE,-1.0,-0.1,-1.0,-0.1
3,NONE,-1.0,-0.1,-1.0,-0.1
3,NONE,-1.0,-0.1,-1.0,-0.1
3,NONE,-1.0,-0.1,-1.0,-0.1
3,NONE,-1.0,-0.1,-1.0,-0.1
3,NONE,-1.0,-0.1,-1.0,-0.1
3,NONE,-1.0,-0.1,-1.0,-0.1
3,NONE,-1.0,-0.1,-1.0,-0.1
3,NONE,-1.0,-0.1,-1.0,-0.1
3,NONE,-1.0,-0.1,-1.0,-0.1
3,NONE,-1.0,-0.1,-1.0,-0.1
3,NONE,-1.0,-0.1,-1.0,-0.1
3,NONE,-1.0,-0.1,-1.0,-0.1
3,NONE,-1.0,-0.1,-1.0,-0.1
3,NONE,-1.0,-0.1,-1.0,-0.1
3,NONE,-1.0,-0.1,-1.0,-0.1
3,NONE,-1.0,-0.1,-1.0,-0.1
3,NONE,-1.0,-0.1,-1.0,-0.1
3,NONE,-1.0,-0.1,-1.0,-0.1
3,NONE,-1.0,-0.1,-1.0,-0.1
3,NONE,-1.0,-0.1,-1.0,-0.1
3,NONE,-1.0,-0.1,-1.0,-0.1
3,NONE,-1.0,-0.1,-1.0,-0.1
3,NONE,-1.0,-0.1,-1.0,-0.1
3,NONE,-1.0,-0.1,-1.0,-0.1
3,NONE,-1.0,-0.1,-1.0,-0.1
3,NONE,-1.0,-0.1,-1.0,-0.1
3,NONE,-1.0,-0.1,-1.0,-0.1
3,NONE,-1.0,-0.1,-1.0,-0.1
3,NONE,-1.0,-0.1,-1.0,-0.1
3,NONE,-1.0,-0.1,-1.0,-0.1
3,NONE,-1.0,-0.1,-1.0,-0.1
3,NONE,-1.0,-0.1,-1.0,-0.1
3,NONE,-1.0,-0.1,-1.0,-0.1
3,NONE,-1.0,-0.1,-1.0,-0.1
3,NONE,-1.0,-0.1,-1.0,-0.1
3,NONE,-1.0,-0.1,-1.0,-0.1
3,NONE,-1.0,-0.1,-1.0,-0.1
3,NONE,-1.0,-0.1,-1.0,-0.1
3,NONE,-1.0,-0.1,-1.0,-0.1
3,NONE,-1.0,-0.1,-1.0,-0.1
3,NONE,-1.0,-0.1,-1.0,-0.1
3,NONE,-1.0,-0.1,-1.0,-0.1
3,NONE,-1.0,-0.1,-1.0,-0.1
3,NONE,-1.0,-0.1,-1.0,-0.1
3,NONE,-1.0,-0.1,-1.0,-0.1
3,NONE,-1.0,-0.1,-1.0,-0.1
3,NONE,-1.0,-0.1,-1.0,-0.1
3,NONE,-1.0,-0.1,-1.0,-0.1
3,NONE,-1.0,-0.1,-1.0,-0.1
3,NONE,-1.0,-0.1,-1.0,-0.1
3,NONE,-1.0,-0.1,-1.0,-0.1
3,NONE,-1.0,-0.1,-1.0,-0.1
3,NONE,-1.0,-0.1,-1.0,-0.1
3,NONE,-1.0,-0.1,-1.0,-0.1
3,NONE,-1.0,-0.1,-1.0,-0.1
3,NONE,-1.0,-0.1,-1.0,-0.1
3,NONE,-1.0,-0.1,-1.0,-0.1
3,NONE,-1.0,-0.1,-1.0,-0.1
3,NONE,-1.0,-0.1,-1.0,-0.1
3,NONE,-1.0,-0.1,-1.0,-0.1
3,NONE,-1.0,-0.1,-1.0,-0.1
3,NONE,-1.0,-0.1,-1.0,-0.1
3,NONE,-1.0,-0.1,-1.0,-0.1
3,NONE,-1.0,-0.1,-1.0,-0.1
3,NONE,-1.0,-0.1,-1.0,-0.1
3,NONE,-1.0,-0.1,-1.0,-0.1
3,NONE,-1.0,-0.1,-1.0,-0.1
3,NONE,-1.0,-0.1,-1.0,-0.1
3,NONE,-1.0,-0.1,-1.0,-0.1
3,NONE,-1.0,-0.1,-1.0,-0.1
3,NONE,-1.0,-0.1,-1.0,-0.1
3,NONE,-1.0,-0.1,-1.0,-0.1
3,NONE,-1.0,-0.1,-1.0,-0.1
3,NONE,-1.0,-0.1,-1.0,-0.1
3,NONE,-1.0,-0.1,-1.0,-0.1
3,NONE,-1.0,-0.1,-1.0,-0.1
3,NONE,-1.0,-0.1,-1.0,-0.1
3,NONE,-1.0,-0.1,-1.0,-0.1
3,NONE,-1.0,-0.1,-1.0,-0.1
3,NONE,-1.0,-0.1,-1.0,-0.1
3,NONE,-1.0,-0.1,-1.0,-0.1
3,NONE,-1.0,-0.1,-1.0,-0.1
3,NONE,-1.0,-0.1,-1.0,-0.1
3,NONE,-1.0,-0.1,-1.0,-0.1
3,NONE,-1.0,-0.1,-1.0,-0.1
2,EV_B13_C008_Mototaxi_Electrica_P08,-1.0,-0.1,9.0,35.935583652989926
1,EV_B13_C008_Mototaxi_Electrica_P08,5.0,76.33958881050674,-1.0,35.935583652989926
1,EV_B13_C008_Mototaxi_Electrica_P08,4.0,76.33958881050674,-1.0,35.935583652989926
1,EV_B13_C008_Mototaxi_Electrica_P08,3.0,76.33958881050674,-1.0,35.935583652989926
1,EV_B13_C008_Mototaxi_Electrica_P08,2.0,76.33958881050674,-1.0,35.935583652989926
1,EV_B13_C008_Mototaxi_Electrica_P08,1.0,76.33958881050674,-1.0,35.935583652989926
1,EV_B13_C008_Mototaxi_Electrica_P08,0.0,76.33958881050674,-1.0,35.935583652989926
3,NONE,-1.0,-0.1,-1.0,-0.1
3,NONE,-1.0,-0.1,-1.0,-0.1
3,NONE,-1.0,-0.1,-1.0,-0.1
3,NONE,-1.0,-0.1,-1.0,-0.1
3,NONE,-1.0,-0.1,-1.0,-0.1
3,NONE,-1.0,-0.1,-1.0,-0.1
3,NONE,-1.0,-0.1,-1.0,-0.1
3,NONE,-1.0,-0.1,-1.0,-0.1
3,NONE,-1.0,-0.1,-1.0,-0.1
3,NONE,-1.0,-0.1,-1.0,-0.1
3,NONE,-1.0,-0.1,-1.0,-0.1
3,NONE,-1.0,-0.1,-1.0,-0.1
3,NONE,-1.0,-0.1,-1.0,-0.1
3,NONE,-1.0,-0.1,-1.0,-0.1
3,NONE,-1.0,-0.1,-1.0,-0.1
3,NONE,-1.0,-0.1,-1.0,-0.1
3,NONE,-1.0,-0.1,-1.0,-0.1
3,NONE,-1.0,-0.1,-1.0,-0.1
3,NONE,-1.0,-0.1,-1.0,-0.1
3,NONE,-1.0,-0.1,-1.0,-0.1
3,NONE,-1.0,-0.1,-1.0,-0.1
3,NONE,-1.0,-0.1,-1.0,-0.1
3,NONE,-1.0,-0.1,-1.0,-0.1
3,NONE,-1.0,-0.1,-1.0,-0.1
3,NONE,-1.0,-0.1,-1.0,-0.1
3,NONE,-1.0,-0.1,-1.0,-0.1
3,NONE,-1.0,-0.1,-1.0,-0.1
3,NONE,-1.0,-0.1,-1.0,-0.1
3,NONE,-1.0,-0.1,-1.0,-0.1
3,NONE,-1.0,-0.1,-1.0,-0.1
3,NONE,-1.0,-0.1,-1.0,-0.1
3,NONE,-1.0,-0.1,-1.0,-0.1
3,NONE,-1.0,-0.1,-1.0,-0.1
3,NONE,-1.0,-0.1,-1.0,-0.1
3,NONE,-1.0,-0.1,-1.0,-0.1
3,NONE,-1.0,-0.1,-1.0,-0.1
3,NONE,-1.0,-0.1,-1.0,-0.1
3,NONE,-1.0,-0.1,-1.0,-0.1
3,NONE,-1.0,-0.1,-1.0,-0.1
3,NONE,-1.0,-0.1,-1.0,-0.1
2,EV_B13_C008_Mototaxi_Electrica_P09,-1.0,-0.1,8.0,48.445578989827396
1,EV_B13_C008_Mototaxi_Electrica_P09,6.0,93.16122544614394,-1.0,48.445578989827396
1,EV_B13_C008_Mototaxi_Electrica_P09,5.0,93.16122544614394,-1.0,48.445578989827396
1,EV_B13_C008_Mototaxi_Electrica_P09,4.0,93.16122544614394,-1.0,48.445578989827396
1,EV_B13_C008_Mototaxi_Electrica_P09,3.0,93.16122544614394,-1.0,48.445578989827396
1,EV_B13_C008_Mototaxi_Electrica_P09,2.0,93.16122544614394,-1.0,48.445578989827396
1,EV_B13_C008_Mototaxi_Electrica_P09,1.0,93.16122544614394,-1.0,48.445578989827396
1,EV_B13_C008_Mototaxi_Electrica_P09,0.0,93.16122544614394,-1.0,48.445578989827396
3,NONE,-1.0,-0.1,-1.0,-0.1
3,NONE,-1.0,-0.1,-1.0,-0.1
3,NONE,-1.0,-0.1,-1.0,-0.1
3,NONE,-1.0,-0.1,-1.0,-0.1
3,NONE,-1.0,-0.1,-1.0,-0.1
3,NONE,-1.0,-0.1,-1.0,-0.1
3,NONE,-1.0,-0.1,-1.0,-0.1
3,NONE,-1.0,-0.1,-1.0,-0.1
3,NONE,-1.0,-0.1,-1.0,-0.1
3,NONE,-1.0,-0.1,-1.0,-0.1
3,NONE,-1.0,-0.1,-1.0,-0.1
3,NONE,-1.0,-0.1,-1.0,-0.1
3,NONE,-1.0,-0.1,-1.0,-0.1
3,NONE,-1.0,-0.1,-1.0,-0.1
3,NONE,-1.0,-0.1,-1.0,-0.1
3,NONE,-1.0,-0.1,-1.0,-0.1
2,EV_B13_C008_Mototaxi_Electrica_P10,-1.0,-0.1,8.0,41.57760641550757
1,EV_B13_C008_Mototaxi_Electrica_P10,6.0,77.19446642466067,-1.0,41.57760641550757
1,EV_B13_C008_Mototaxi_Electrica_P10,5.0,77.19446642466067,-1.0,41.57760641550757
1,EV_B13_C008_Mototaxi_Electrica_P10,4.0,77.19446642466067,-1.0,41.57760641550757
1,EV_B13_C008_Mototaxi_Electrica_P10,3.0,77.19446642466067,-1.0,41.57760641550757
1,EV_B13_C008_Mototaxi_Electrica_P10,2.0,77.19446642466067,-1.0,41.57760641550757
1,EV_B13_C008_Mototaxi_Electrica_P10,1.0,77.19446642466067,-1.0,41.57760641550757
1,EV_B13_C008_Mototaxi_Electrica_P10,0.0,77.19446642466067,-1.0,41.57760641550757
3,NONE,-1.0,-0.1,-1.0,-0.1
3,NONE,-1.0,-0.1,-1.0,-0.1
3,NONE,-1.0,-0.1,-1.0,-0.1
3,NONE,-1.0,-0.1,-1.0,-0.1
3,NONE,-1.0,-0.1,-1.0,-0.1
3,NONE,-1.0,-0.1,-1.0,-0.1
3,NONE,-1.0,-0.1,-1.0,-0.1
3,NONE,-1.0,-0.1,-1.0,-0.1
3,NONE,-1.0,-0.1,-1.0,-0.1
3,NONE,-1.0,-0.1,-1.0,-0.1
3,NONE,-1.0,-0.1,-1.0,-0.1
3,NONE,-1.0,-0.1,-1.0,-0.1
3,NONE,-1.0,-0.1,-1.0,-0.1
3,NONE,-1.0,-0.1,-1.0,-0.1
3,NONE,-1.0,-0.1,-1.0,-0.1
3,NONE,-1.0,-0.1,-1.0,-0.1
3,NONE,-1.0,-0.1,-1.0,-0.1
2,EV_B13_C008_Mototaxi_Electrica_P01,-1.0,-0.1,9.0,25.446561159899076
1,EV_B13_C008_Mototaxi_Electrica_P01,5.0,76.11281950354437,-1.0,25.446561159899076
1,EV_B13_C008_Mototaxi_Electrica_P01,4.0,76.11281950354437,-1.0,25.446561159899076
1,EV_B13_C008_Mototaxi_Electrica_P01,3.0,76.11281950354437,-1.0,25.446561159899076
1,EV_B13_C008_Mototaxi_Electrica_P01,2.0,76.11281950354437,-1.0,25.446561159899076
1,EV_B13_C008_Mototaxi_Electrica_P01,1.0,76.11281950354437,-1.0,25.446561159899076
1,EV_B13_C008_Mototaxi_Electrica_P01,0.0,76.11281950354437,-1.0,25.446561159899076
3,NONE,-1.0,-0.1,-1.0,-0.1
3,NONE,-1.0,-0.1,-1.0,-0.1
3,NONE,-1.0,-0.1,-1.0,-0.1
3,NONE,-1.0,-0.1,-1.0,-0.1
3,NONE,-1.0,-0.1,-1.0,-0.1
3,NONE,-1.0,-0.1,-1.0,-0.1
3,NONE,-1.0,-0.1,-1.0,-0.1
3,NONE,-1.0,-0.1,-1.0,-0.1
3,NONE,-1.0,-0.1,-1.0,-0.1
3,NONE,-1.0,-0.1,-1.0,-0.1
3,NONE,-1.0,-0.1,-1.0,-0.1
3,NONE,-1.0,-0.1,-1.0,-0.1
3,NONE,-1.0,-0.1,-1.0,-0.1
3,NONE,-1.0,-0.1,-1.0,-0.1
3,NONE,-1.0,-0.1,-1.0,-0.1
3,NONE,-1.0,-0.1,-1.0,-0.1
3,NONE,-1.0,-0.1,-1.0,-0.1
3,NONE,-1.0,-0.1,-1.0,-0.1
3,NONE,-1.0,-0.1,-1.0,-0.1
3,NONE,-1.0,-0.1,-1.0,-0.1
3,NONE,-1.0,-0.1,-1.0,-0.1
3,NONE,-1.0,-0.1,-1.0,-0.1
3,NONE,-1.0,-0.1,-1.0,-0.1
3,NONE,-1.0,-0.1,-1.0,-0.1
3,NONE,-1.0,-0.1,-1.0,-0.1
3,NONE,-1.0,-0.1,-1.0,-0.1
3,NONE,-1.0,-0.1,-1.0,-0.1
3,NONE,-1.0,-0.1,-1.0,-0.1
3,NONE,-1.0,-0.1,-1.0,-0.1
3,NONE,-1.0,-0.1,-1.0,-0.1
3,NONE,-1.0,-0.1,-1.0,-0.1
3,NONE,-1.0,-0.1,-1.0,-0.1
3,NONE,-1.0,-0.1,-1.0,-0.1
3,NONE,-1.0,-0.1,-1.0,-0.1
3,NONE,-1.0,-0.1,-1.0,-0.1
3,NONE,-1.0,-0.1,-1.0,-0.1
3,NONE,-1.0,-0.1,-1.0,-0.1
3,NONE,-1.0,-0.1,-1.0,-0.1
3,NONE,-1.0,-0.1,-1.0,-0.1
3,NONE,-1.0,-0.1,-1.0,-0.1
3,NONE,-1.0,-0.1,-1.0,-0.1
3,NONE,-1.0,-0.1,-1.0,-0.1
3,NONE,-1.0,-0.1,-1.0,-0.1
3,NONE,-1.0,-0.1,-1.0,-0.1
3,NONE,-1.0,-0.1,-1.0,-0.1
3,NONE,-1.0,-0.1,-1.0,-0.1
3,NONE,-1.0,-0.1,-1.0,-0.1
3,NONE,-1.0,-0.1,-1.0,-0.1
3,NONE,-1.0,-0.1,-1.0,-0.1
3,NONE,-1.0,-0.1,-1.0,-0.1
3,NONE,-1.0,-0.1,-1.0,-0.1
3,NONE,-1.0,-0.1,-1.0,-0.1
3,NONE,-1.0,-0.1,-1.0,-0.1
3,NONE,-1.0,-0.1,-1.0,-0.1
3,NONE,-1.0,-0.1,-1.0,-0.1
3,NONE,-1.0,-0.1,-1.0,-0.1
3,NONE,-1.0,-0.1,-1.0,-0.1
3,NONE,-1.0,-0.1,-1.0,-0.1
3,NONE,-1.0,-0.1,-1.0,-0.1
3,NONE,-1.0,-0.1,-1.0,-0.1
3,NONE,-1.0,-0.1,-1.0,-0.1
3,NONE,-1.0,-0.1,-1.0,-0.1
3,NONE,-1.0,-0.1,-1.0,-0.1
3,NONE,-1.0,-0.1,-1.0,-0.1
2,EV_B13_C008_Mototaxi_Electrica_P02,-1.0,-0.1,8.0,27.050880989909174
1,EV_B13_C008_Mototaxi_Electrica_P02,6.0,78.31590500413986,-1.0,27.050880989909174
1,EV_B13_C008_Mototaxi_Electrica_P02,5.0,78.31590500413986,-1.0,27.050880989909174
1,EV_B13_C008_Mototaxi_Electrica_P02,4.0,78.31590500413986,-1.0,27.050880989909174
1,EV_B13_C008_Mototaxi_Electrica_P02,3.0,78.31590500413986,-1.0,27.050880989909174
1,EV_B13_C008_Mototaxi_Electrica_P02,2.0,78.31590500413986,-1.0,27.050880989909174
1,EV_B13_C008_Mototaxi_Electrica_P02,1.0,78.31590500413986,-1.0,27.050880989909174
1,EV_B13_C008_Mototaxi_Electrica_P02,0.0,78.31590500413986,-1.0,27.050880989909174
3,NONE,-1.0,-0.1,-1.0,-0.1
3,NONE,-1.0,-0.1,-1.0,-0.1
3,NONE,-1.0,-0.1,-1.0,-0.1
3,NONE,-1.0,-0.1,-1.0,-0.1
3,NONE,-1.0,-0.1,-1.0,-0.1
3,NONE,-1.0,-0.1,-1.0,-0.1
3,NONE,-1.0,-0.1,-1.0,-0.1
3,NONE,-1.0,-0.1,-1.0,-0.1
3,NONE,-1.0,-0.1,-1.0,-0.1
3,NONE,-1.0,-0.1,-1.0,-0.1
3,NONE,-1.0,-0.1,-1.0,-0.1
3,NONE,-1.0,-0.1,-1.0,-0.1
3,NONE,-1.0,-0.1,-1.0,-0.1
3,NONE,-1.0,-0.1,-1.0,-0.1
3,NONE,-1.0,-0.1,-1.0,-0.1
3,NONE,-1.0,-0.1,-1.0,-0.1
3,NONE,-1.0,-0.1,-1.0,-0.1
3,NONE,-1.0,-0.1,-1.0,-0.1
3,NONE,-1.0,-0.1,-1.0,-0.1
2,EV_B13_C008_Mototaxi_Electrica_P03,-1.0,-0.1,11.0,24.9916140350269
1,EV_B13_C008_Mototaxi_Electrica_P03,3.0,83.10278868549274,-1.0,24.9916140350269
1,EV_B13_C008_Mototaxi_Electrica_P03,2.0,83.10278868549274,-1.0,24.9916140350269
1,EV_B13_C008_Mototaxi_Electrica_P03,1.0,83.10278868549274,-1.0,24.9916140350269
1,EV_B13_C008_Mototaxi_Electrica_P03,0.0,83.10278868549274,-1.0,24.9916140350269
3,NONE,-1.0,-0.1,-1.0,-0.1
3,NONE,-1.0,-0.1,-1.0,-0.1
3,NONE,-1.0,-0.1,-1.0,-0.1
3,NONE,-1.0,-0.1,-1.0,-0.1
3,NONE,-1.0,-0.1,-1.0,-0.1
3,NONE,-1.0,-0.1,-1.0,-0.1
3,NONE,-1.0,-0.1,-1.0,-0.1
3,NONE,-1.0,-0.1,-1.0,-0.1
3,NONE,-1.0,-0.1,-1.0,-0.1
3,NONE,-1.0,-0.1,-1.0,-0.1
3,NONE,-1.0,-0.1,-1.0,-0.1
3,NONE,-1.0,-0.1,-1.0,-0.1
3,NONE,-1.0,-0.1,-1.0,-0.1
3,NONE,-1.0,-0.1,-1.0,-0.1
3,NONE,-1.0,-0.1,-1.0,-0.1
3,NONE,-1.0,-0.1,-1.0,-0.1
2,EV_B13_C008_Mototaxi_Electrica_P04,-1.0,-0.1,8.0,47.334299900400104
1,EV_B13_C008_Mototaxi_Electrica_P04,6.0,86.89581374118892,-1.0,47.334299900400104
1,EV_B13_C008_Mototaxi_Electrica_P04,5.0,86.89581374118892,-1.0,47.334299900400104
1,EV_B13_C008_Mototaxi_Electrica_P04,4.0,86.89581374118892,-1.0,47.334299900400104
1,EV_B13_C008_Mototaxi_Electrica_P04,3.0,86.89581374118892,-1.0,47.334299900400104
1,EV_B13_C008_Mototaxi_Electrica_P04,2.0,86.89581374118892,-1.0,47.334299900400104
1,EV_B13_C008_Mototaxi_Electrica_P04,1.0,86.89581374118892,-1.0,47.334299900400104
1,EV_B13_C008_Mototaxi_Electrica_P04,0.0,86.89581374118892,-1.0,47.334299900400104
3,NONE,-1.0,-0.1,-1.0,-0.1
3,NONE,-1.0,-0.1,-1.0,-0.1
3,NONE,-1.0,-0.1,-1.0,-0.1
3,NONE,-1.0,-0.1,-1.0,-0.1
3,NONE,-1.0,-0.1,-1.0,-0.1
3,NONE,-1.0,-0.1,-1.0,-0.1
3,NONE,-1.0,-0.1,-1.0,-0.1
3,NONE,-1.0,-0.1,-1.0,-0.1
3,NONE,-1.0,-0.1,-1.0,-0.1
3,NONE,-1.0,-0.1,-1.0,-0.1
3,NONE,-1.0,-0.1,-1.0,-0.1
3,NONE,-1.0,-0.1,-1.0,-0.1
3,NONE,-1.0,-0.1,-1.0,-0.1
3,NONE,-1.0,-0.1,-1.0,-0.1
3,NONE,-1.0,-0.1,-1.0,-0.1
2,EV_B13_C008_Mototaxi_Electrica_P05,-1.0,-0.1,7.0,39.50145054694684
1,EV_B13_C008_Mototaxi_Electrica_P05,7.0,81.28237995969845,-1.0,39.50145054694684
1,EV_B13_C008_Mototaxi_Electrica_P05,6.0,81.28237995969845,-1.0,39.50145054694684
1,EV_B13_C008_Mototaxi_Electrica_P05,5.0,81.28237995969845,-1.0,39.50145054694684
1,EV_B13_C008_Mototaxi_Electrica_P05,4.0,81.28237995969845,-1.0,39.50145054694684
1,EV_B13_C008_Mototaxi_Electrica_P05,3.0,81.28237995969845,-1.0,39.50145054694684
1,EV_B13_C008_Mototaxi_Electrica_P05,2.0,81.28237995969845,-1.0,39.50145054694684
1,EV_B13_C008_Mototaxi_Electrica_P05,1.0,81.28237995969845,-1.0,39.50145054694684
1,EV_B13_C008_Mototaxi_Electrica_P05,0.0,81.28237995969845,-1.0,39.50145054694684
3,NONE,-1.0,-0.1,-1.0,-0.1
3,NONE,-1.0,-0.1,-1.0,-0.1
3,NONE,-1.0,-0.1,-1.0,-0.1
3,NONE,-1.0,-0.1,-1.0,-0.1
3,NONE,-1.0,-0.1,-1.0,-0.1
3,NONE,-1.0,-0.1,-1.0,-0.1
3,NONE,-1.0,-0.1,-1.0,-0.1
3,NONE,-1.0,-0.1,-1.0,-0.1
3,NONE,-1.0,-0.1,-1.0,-0.1
3,NONE,-1.0,-0.1,-1.0,-0.1
3,NONE,-1.0,-0.1,-1.0,-0.1
3,NONE,-1.0,-0.1,-1.0,-0.1
3,NONE,-1.0,-0.1,-1.0,-0.1
3,NONE,-1.0,-0.1,-1.0,-0.1
3,NONE,-1.0,-0.1,-1.0,-0.1
2,EV_B13_C008_Mototaxi_Electrica_P06,-1.0,-0.1,7.0,41.94871227757747
1,EV_B13_C008_Mototaxi_Electrica_P06,7.0,86.62136478675237,-1.0,41.94871227757747
1,EV_B13_C008_Mototaxi_Electrica_P06,6.0,86.62136478675237,-1.0,41.94871227757747
1,EV_B13_C008_Mototaxi_Electrica_P06,5.0,86.62136478675237,-1.0,41.94871227757747
1,EV_B13_C008_Mototaxi_Electrica_P06,4.0,86.62136478675237,-1.0,41.94871227757747
1,EV_B13_C008_Mototaxi_Electrica_P06,3.0,86.62136478675237,-1.0,41.94871227757747
1,EV_B13_C008_Mototaxi_Electrica_P06,2.0,86.62136478675237,-1.0,41.94871227757747
1,EV_B13_C008_Mototaxi_Electrica_P06,1.0,86.62136478675237,-1.0,41.94871227757747
1,EV_B13_C008_Mototaxi_Electrica_P06,0.0,86.62136478675237,-1.0,41.94871227757747
3,NONE,-1.0,-0.1,-1.0,-0.1
3,NONE,-1.0,-0.1,-1.0,-0.1
3,NONE,-1.0,-0.1,-1.0,-0.1
3,NONE,-1.0,-0.1,-1.0,-0.1
3,NONE,-1.0,-0.1,-1.0,-0.1
3,NONE,-1.0,-0.1,-1.0,-0.1
3,NONE,-1.0,-0.1,-1.0,-0.1
3,NONE,-1.0,-0.1,-1.0,-0.1
3,NONE,-1.0,-0.1,-1.0,-0.1
3,NONE,-1.0,-0.1,-1.0,-0.1
3,NONE,-1.0,-0.1,-1.0,-0.1
3,NONE,-1.0,-0.1,-1.0,-0.1
3,NONE,-1.0,-0.1,-1.0,-0.1
3,NONE,-1.0,-0.1,-1.0,-0.1
3,NONE,-1.0,-0.1,-1.0,-0.1
3,NONE,-1.0,-0.1,-1.0,-0.1
3,NONE,-1.0,-0.1,-1.0,-0.1
3,NONE,-1.0,-0.1,-1.0,-0.1
3,NONE,-1.0,-0.1,-1.0,-0.1
3,NONE,-1.0,-0.1,-1.0,-0.1
3,NONE,-1.0,-0.1,-1.0,-0.1
3,NONE,-1.0,-0.1,-1.0,-0.1
3,NONE,-1.0,-0.1,-1.0,-0.1
3,NONE,-1.0,-0.1,-1.0,-0.1
3,NONE,-1.0,-0.1,-1.0,-0.1
3,NONE,-1.0,-0.1,-1.0,-0.1
3,NONE,-1.0,-0.1,-1.0,-0.1
3,NONE,-1.0,-0.1,-1.0,-0.1
3,NONE,-1.0,-0.1,-1.0,-0.1
3,NONE,-1.0,-0.1,-1.0,-0.1
3,NONE,-1.0,-0.1,-1.0,-0.1
3,NONE,-1.0,-0.1,-1.0,-0.1
3,NONE,-1.0,-0.1,-1.0,-0.1
3,NONE,-1.0,-0.1,-1.0,-0.1
3,NONE,-1.0,-0.1,-1.0,-0.1
3,NONE,-1.0,-0.1,-1.0,-0.1
3,NONE,-1.0,-0.1,-1.0,-0.1
3,NONE,-1.0,-0.1,-1.0,-0.1
3,NONE,-1.0,-0.1,-1.0,-0.1
3,NONE,-1.0,-0.1,-1.0,-0.1
3,NONE,-1.0,-0.1,-1.0,-0.1
3,NONE,-1.0,-0.1,-1.0,-0.1
3,NONE,-1.0,-0.1,-1.0,-0.1
3,NONE,-1.0,-0.1,-1.0,-0.1
3,NONE,-1.0,-0.1,-1.0,-0.1
3,NONE,-1.0,-0.1,-1.0,-0.1
3,NONE,-1.0,-0.1,-1.0,-0.1
3,NONE,-1.0,-0.1,-1.0,-0.1
3,NONE,-1.0,-0.1,-1.0,-0.1
3,NONE,-1.0,-0.1,-1.0,-0.1
3,NONE,-1.0,-0.1,-1.0,-0.1
3,NONE,-1.0,-0.1,-1.0,-0.1
3,NONE,-1.0,-0.1,-1.0,-0.1
3,NONE,-1.0,-0.1,-1.0,-0.1
3,NONE,-1.0,-0.1,-1.0,-0.1
3,NONE,-1.0,-0.1,-1.0,-0.1
3,NONE,-1.0,-0.1,-1.0,-0.1
3,NONE,-1.0,-0.1,-1.0,-0.1
3,NONE,-1.0,-0.1,-1.0,-0.1
3,NONE,-1.0,-0.1,-1.0,-0.1
3,NONE,-1.0,-0.1,-1.0,-0.1
3,NONE,-1.0,-0.1,-1.0,-0.1
3,NONE,-1.0,-0.1,-1.0,-0.1
3,NONE,-1.0,-0.1,-1.0,-0.1
3,NONE,-1.0,-0.1,-1.0,-0.1
3,NONE,-1.0,-0.1,-1.0,-0.1
3,NONE,-1.0,-0.1,-1.0,-0.1
3,NONE,-1.0,-0.1,-1.0,-0.1
3,NONE,-1.0,-0.1,-1.0,-0.1
3,NONE,-1.0,-0.1,-1.0,-0.1
3,NONE,-1.0,-0.1,-1.0,-0.1
3,NONE,-1.0,-0.1,-1.0,-0.1
3,NONE,-1.0,-0.1,-1.0,-0.1
3,NONE,-1.0,-0.1,-1.0,-0.1
3,NONE,-1.0,-0.1,-1.0,-0.1
3,NONE,-1.0,-0.1,-1.0,-0.1
3,NONE,-1.0,-0.1,-1.0,-0.1
3,NONE,-1.0,-0.1,-1.0,-0.1
3,NONE,-1.0,-0.1,-1.0,-0.1
3,NONE,-1.0,-0.1,-1.0,-0.1
3,NONE,-1.0,-0.1,-1.0,-0.1
3,NONE,-1.0,-0.1,-1.0,-0.1
3,NONE,-1.0,-0.1,-1.0,-0.1
3,NONE,-1.0,-0.1,-1.0,-0.1
3,NONE,-1.0,-0.1,-1.0,-0.1
3,NONE,-1.0,-0.1,-1.0,-0.1
3,NONE,-1.0,-0.1,-1.0,-0.1
3,NONE,-1.0,-0.1,-1.0,-0.1
2,EV_B13_C008_Mototaxi_Electrica_P07,-1.0,-0.1,8.0,24.067731650014352
1,EV_B13_C008_Mototaxi_Electrica_P07,6.0,76.89127855673775,-1.0,24.067731650014352
1,EV_B13_C008_Mototaxi_Electrica_P07,5.0,76.89127855673775,-1.0,24.067731650014352
1,EV_B13_C008_Mototaxi_Electrica_P07,4.0,76.89127855673775,-1.0,24.067731650014352
1,EV_B13_C008_Mototaxi_Electrica_P07,3.0,76.89127855673775,-1.0,24.067731650014352
1,EV_B13_C008_Mototaxi_Electrica_P07,2.0,76.89127855673775,-1.0,24.067731650014352
1,EV_B13_C008_Mototaxi_Electrica_P07,1.0,76.89127855673775,-1.0,24.067731650014352
1,EV_B13_C008_Mototaxi_Electrica_P07,0.0,76.89127855673775,-1.0,24.067731650014352
3,NONE,-1.0,-0.1,-1.0,-0.1
3,NONE,-1.0,-0.1,-1.0,-0.1
3,NONE,-1.0,-0.1,-1.0,-0.1
3,NONE,-1.0,-0.1,-1.0,-0.1
3,NONE,-1.0,-0.1,-1.0,-0.1
3,NONE,-1.0,-0.1,-1.0,-0.1
3,NONE,-1.0,-0.1,-1.0,-0.1
3,NONE,-1.0,-0.1,-1.0,-0.1
3,NONE,-1.0,-0.1,-1.0,-0.1
3,NONE,-1.0,-0.1,-1.0,-0.1
3,NONE,-1.0,-0.1,-1.0,-0.1
3,NONE,-1.0,-0.1,-1.0,-0.1
3,NONE,-1.0,-0.1,-1.0,-0.1
3,NONE,-1.0,-0.1,-1.0,-0.1
3,NONE,-1.0,-0.1,-1.0,-0.1
3,NONE,-1.0,-0.1,-1.0,-0.1
3,NONE,-1.0,-0.1,-1.0,-0.1
2,EV_B13_C008_Mototaxi_Electrica_P08,-1.0,-0.1,9.0,39.101330820653644
1,EV_B13_C008_Mototaxi_Electrica_P08,5.0,75.74322396702486,-1.0,39.101330820653644
1,EV_B13_C008_Mototaxi_Electrica_P08,4.0,75.74322396702486,-1.0,39.101330820653644
1,EV_B13_C008_Mototaxi_Electrica_P08,3.0,75.74322396702486,-1.0,39.101330820653644
1,EV_B13_C008_Mototaxi_Electrica_P08,2.0,75.74322396702486,-1.0,39.101330820653644
1,EV_B13_C008_Mototaxi_Electrica_P08,1.0,75.74322396702486,-1.0,39.101330820653644
1,EV_B13_C008_Mototaxi_Electrica_P08,0.0,75.74322396702486,-1.0,39.101330820653644
3,NONE,-1.0,-0.1,-1.0,-0.1
3,NONE,-1.0,-0.1,-1.0,-0.1
3,NONE,-1.0,-0.1,-1.0,-0.1
3,NONE,-1.0,-0.1,-1.0,-0.1
3,NONE,-1.0,-0.1,-1.0,-0.1
3,NONE,-1.0,-0.1,-1.0,-0.1
3,NONE,-1.0,-0.1,-1.0,-0.1
3,NONE,-1.0,-0.1,-1.0,-0.1
3,NONE,-1.0,-0.1,-1.0,-0.1
3,NONE,-1.0,-0.1,-1.0,-0.1
3,NONE,-1.0,-0.1,-1.0,-0.1
3,NONE,-1.0,-0.1,-1.0,-0.1
3,NONE,-1.0,-0.1,-1.0,-0.1
3,NONE,-1.0,-0.1,-1.0,-0.1
3,NONE,-1.0,-0.1,-1.0,-0.1
2,EV_B13_C008_Mototaxi_Electrica_P09,-1.0,-0.1,7.0,23.743322826177543
1,EV_B13_C008_Mototaxi_Electrica_P09,7.0,83.60920598054541,-1.0,23.743322826177543
1,EV_B13_C008_Mototaxi_Electrica_P09,6.0,83.60920598054541,-1.0,23.743322826177543
1,EV_B13_C008_Mototaxi_Electrica_P09,5.0,83.60920598054541,-1.0,23.743322826177543
1,EV_B13_C008_Mototaxi_Electrica_P09,4.0,83.60920598054541,-1.0,23.743322826177543
1,EV_B13_C008_Mototaxi_Electrica_P09,3.0,83.60920598054541,-1.0,23.743322826177543
1,EV_B13_C008_Mototaxi_Electrica_P09,2.0,83.60920598054541,-1.0,23.743322826177543
1,EV_B13_C008_Mototaxi_Electrica_P09,1.0,83.60920598054541,-1.0,23.743322826177543
1,EV_B13_C008_Mototaxi_Electrica_P09,0.0,83.60920598054541,-1.0,23.743322826177543
3,NONE,-1.0,-0.1,-1.0,-0.1
3,NONE,-1.0,-0.1,-1.0,-0.1
3,NONE,-1.0,-0.1,-1.0,-0.1
3,NONE,-1.0,-0.1,-1.0,-0.1
3,NONE,-1.0,-0.1,-1.0,-0.1
3,NONE,-1.0,-0.1,-1.0,-0.1
3,NONE,-1.0,-0.1,-1.0,-0.1
3,NONE,-1.0,-0.1,-1.0,-0.1
3,NONE,-1.0,-0.1,-1.0,-0.1
3,NONE,-1.0,-0.1,-1.0,-0.1
3,NONE,-1.0,-0.1,-1.0,-0.1
3,NONE,-1.0,-0.1,-1.0,-0.1
3,NONE,-1.0,-0.1,-1.0,-0.1
3,NONE,-1.0,-0.1,-1.0,-0.1
3,NONE,-1.0,-0.1,-1.0,-0.1
3,NONE,-1.0,-0.1,-1.0,-0.1
3,NONE,-1.0,-0.1,-1.0,-0.1
3,NONE,-1.0,-0.1,-1.0,-0.1
2,EV_B13_C008_Mototaxi_Electrica_P10,-1.0,-0.1,10.0,45.55089278684066
1,EV_B13_C008_Mototaxi_Electrica_P10,4.0,82.5128990401511,-1.0,45.55089278684066
1,EV_B13_C008_Mototaxi_Electrica_P10,3.0,82.5128990401511,-1.0,45.55089278684066
1,EV_B13_C008_Mototaxi_Electrica_P10,2.0,82.5128990401511,-1.0,45.55089278684066
1,EV_B13_C008_Mototaxi_Electrica_P10,1.0,82.5128990401511,-1.0,45.55089278684066
1,EV_B13_C008_Mototaxi_Electrica_P10,0.0,82.5128990401511,-1.0,45.55089278684066
3,NONE,-1.0,-0.1,-1.0,-0.1
3,NONE,-1.0,-0.1,-1.0,-0.1
3,NONE,-1.0,-0.1,-1.0,-0.1
3,NONE,-1.0,-0.1,-1.0,-0.1
3,NONE,-1.0,-0.1,-1.0,-0.1
3,NONE,-1.0,-0.1,-1.0,-0.1
3,NONE,-1.0,-0.1,-1.0,-0.1
3,NONE,-1.0,-0.1,-1.0,-0.1
3,NONE,-1.0,-0.1,-1.0,-0.1
3,NONE,-1.0,-0.1,-1.0,-0.1
3,NONE,-1.0,-0.1,-1.0,-0.1
3,NONE,-1.0,-0.1,-1.0,-0.1
3,NONE,-1.0,-0.1,-1.0,-0.1
3,NONE,-1.0,-0.1,-1.0,-0.1
3,NONE,-1.0,-0.1,-1.0,-0.1
3,NONE,-1.0,-0.1,-1.0,-0.1
3,NONE,-1.0,-0.1,-1.0,-0.1
3,NONE,-1.0,-0.1,-1.0,-0.1
3,NONE,-1.0,-0.1,-1.0,-0.1
3,NONE,-1.0,-0.1,-1.0,-0.1
3,NONE,-1.0,-0.1,-1.0,-0.1
3,NONE,-1.0,-0.1,-1.0,-0.1
3,NONE,-1.0,-0.1,-1.0,-0.1
3,NONE,-1.0,-0.1,-1.0,-0.1
3,NONE,-1.0,-0.1,-1.0,-0.1
3,NONE,-1.0,-0.1,-1.0,-0.1
3,NONE,-1.0,-0.1,-1.0,-0.1
3,NONE,-1.0,-0.1,-1.0,-0.1
3,NONE,-1.0,-0.1,-1.0,-0.1
3,NONE,-1.0,-0.1,-1.0,-0.1
3,NONE,-1.0,-0.1,-1.0,-0.1
3,NONE,-1.0,-0.1,-1.0,-0.1
3,NONE,-1.0,-0.1,-1.0,-0.1
3,NONE,-1.0,-0.1,-1.0,-0.1
3,NONE,-1.0,-0.1,-1.0,-0.1
3,NONE,-1.0,-0.1,-1.0,-0.1
3,NONE,-1.0,-0.1,-1.0,-0.1
3,NONE,-1.0,-0.1,-1.0,-0.1
3,NONE,-1.0,-0.1,-1.0,-0.1
3,NONE,-1.0,-0.1,-1.0,-0.1
3,NONE,-1.0,-0.1,-1.0,-0.1
3,NONE,-1.0,-0.1,-1.0,-0.1
3,NONE,-1.0,-0.1,-1.0,-0.1
3,NONE,-1.0,-0.1,-1.0,-0.1
3,NONE,-1.0,-0.1,-1.0,-0.1
3,NONE,-1.0,-0.1,-1.0,-0.1
3,NONE,-1.0,-0.1,-1.0,-0.1
3,NONE,-1.0,-0.1,-1.0,-0.1
3,NONE,-1.0,-0.1,-1.0,-0.1
3,NONE,-1.0,-0.1,-1.0,-0.1
3,NONE,-1.0,-0.1,-1.0,-0.1
3,NONE,-1.0,-0.1,-1.0,-0.1
3,NONE,-1.0,-0.1,-1.0,-0.1
3,NONE,-1.0,-0.1,-1.0,-0.1
3,NONE,-1.0,-0.1,-1.0,-0.1
3,NONE,-1.0,-0.1,-1.0,-0.1
3,NONE,-1.0,-0.1,-1.0,-0.1
3,NONE,-1.0,-0.1,-1.0,-0.1
3,NONE,-1.0,-0.1,-1.0,-0.1
3,NONE,-1.0,-0.1,-1.0,-0.1
3,NONE,-1.0,-0.1,-1.0,-0.1
3,NONE,-1.0,-0.1,-1.0,-0.1
3,NONE,-1.0,-0.1,-1.0,-0.1
2,EV_B13_C008_Mototaxi_Electrica_P01,-1.0,-0.1,7.0,17.937274347419983
1,EV_B13_C008_Mototaxi_Electrica_P01,7.0,76.67180805124595,-1.0,17.937274347419983
1,EV_B13_C008_Mototaxi_Electrica_P01,6.0,76.67180805124595,-1.0,17.937274347419983
1,EV_B13_C008_Mototaxi_Electrica_P01,5.0,76.67180805124595,-1.0,17.937274347419983
1,EV_B13_C008_Mototaxi_Electrica_P01,4.0,76.67180805124595,-1.0,17.937274347419983
1,EV_B13_C008_Mototaxi_Electrica_P01,3.0,76.67180805124595,-1.0,17.937274347419983
1,EV_B13_C008_Mototaxi_Electrica_P01,2.0,76.67180805124595,-1.0,17.937274347419983
1,EV_B13_C008_Mototaxi_Electrica_P01,1.0,76.67180805124595,-1.0,17.937274347419983
1,EV_B13_C008_Mototaxi_Electrica_P01,0.0,76.67180805124595,-1.0,17.937274347419983
3,NONE,-1.0,-0.1,-1.0,-0.1
3,NONE,-1.0,-0.1,-1.0,-0.1
3,NONE,-1.0,-0.1,-1.0,-0.1
3,NONE,-1.0,-0.1,-1.0,-0.1
3,NONE,-1.0,-0.1,-1.0,-0.1
3,NONE,-1.0,-0.1,-1.0,-0.1
3,NONE,-1.0,-0.1,-1.0,-0.1
3,NONE,-1.0,-0.1,-1.0,-0.1
3,NONE,-1.0,-0.1,-1.0,-0.1
3,NONE,-1.0,-0.1,-1.0,-0.1
3,NONE,-1.0,-0.1,-1.0,-0.1
3,NONE,-1.0,-0.1,-1.0,-0.1
3,NONE,-1.0,-0.1,-1.0,-0.1
3,NONE,-1.0,-0.1,-1.0,-0.1
3,NONE,-1.0,-0.1,-1.0,-0.1
3,NONE,-1.0,-0.1,-1.0,-0.1
2,EV_B13_C008_Mototaxi_Electrica_P02,-1.0,-0.1,8.0,26.80601422165324
1,EV_B13_C008_Mototaxi_Electrica_P02,6.0,85.8192320233274,-1.0,26.80601422165324
1,EV_B13_C008_Mototaxi_Electrica_P02,5.0,85.8192320233274,-1.0,26.80601422165324
1,EV_B13_C008_Mototaxi_Electrica_P02,4.0,85.8192320233274,-1.0,26.80601422165324
1,EV_B13_C008_Mototaxi_Electrica_P02,3.0,85.8192320233274,-1.0,26.80601422165324
1,EV_B13_C008_Mototaxi_Electrica_P02,2.0,85.8192320233274,-1.0,26.80601422165324
1,EV_B13_C008_Mototaxi_Electrica_P02,1.0,85.8192320233274,-1.0,26.80601422165324
1,EV_B13_C008_Mototaxi_Electrica_P02,0.0,85.8192320233274,-1.0,26.80601422165324
3,NONE,-1.0,-0.1,-1.0,-0.1
3,NONE,-1.0,-0.1,-1.0,-0.1
3,NONE,-1.0,-0.1,-1.0,-0.1
3,NONE,-1.0,-0.1,-1.0,-0.1
3,NONE,-1.0,-0.1,-1.0,-0.1
3,NONE,-1.0,-0.1,-1.0,-0.1
3,NONE,-1.0,-0.1,-1.0,-0.1
3,NONE,-1.0,-0.1,-1.0,-0.1
3,NONE,-1.0,-0.1,-1.0,-0.1
3,NONE,-1.0,-0.1,-1.0,-0.1
3,NONE,-1.0,-0.1,-1.0,-0.1
3,NONE,-1.0,-0.1,-1.0,-0.1
3,NONE,-1.0,-0.1,-1.0,-0.1
3,NONE,-1.0,-0.1,-1.0,-0.1
3,NONE,-1.0,-0.1,-1.0,-0.1
3,NONE,-1.0,-0.1,-1.0,-0.1
3,NONE,-1.0,-0.1,-1.0,-0.1
3,NONE,-1.0,-0.1,-1.0,-0.1
3,NONE,-1.0,-0.1,-1.0,-0.1
3,NONE,-1.0,-0.1,-1.0,-0.1
3,NONE,-1.0,-0.1,-1.0,-0.1
3,NONE,-1.0,-0.1,-1.0,-0.1
3,NONE,-1.0,-0.1,-1.0,-0.1
3,NONE,-1.0,-0.1,-1.0,-0.1
3,NONE,-1.0,-0.1,-1.0,-0.1
3,NONE,-1.0,-0.1,-1.0,-0.1
3,NONE,-1.0,-0.1,-1.0,-0.1
3,NONE,-1.0,-0.1,-1.0,-0.1
3,NONE,-1.0,-0.1,-1.0,-0.1
3,NONE,-1.0,-0.1,-1.0,-0.1
3,NONE,-1.0,-0.1,-1.0,-0.1
3,NONE,-1.0,-0.1,-1.0,-0.1
3,NONE,-1.0,-0.1,-1.0,-0.1
3,NONE,-1.0,-0.1,-1.0,-0.1
3,NONE,-1.0,-0.1,-1.0,-0.1
3,NONE,-1.0,-0.1,-1.0,-0.1
3,NONE,-1.0,-0.1,-1.0,-0.1
3,NONE,-1.0,-0.1,-1.0,-0.1
3,NONE,-1.0,-0.1,-1.0,-0.1
3,NONE,-1.0,-0.1,-1.0,-0.1
2,EV_B13_C008_Mototaxi_Electrica_P03,-1.0,-0.1,8.0,36.90038526817943
1,EV_B13_C008_Mototaxi_Electrica_P03,6.0,78.03572152807877,-1.0,36.90038526817943
1,EV_B13_C008_Mototaxi_Electrica_P03,5.0,78.03572152807877,-1.0,36.90038526817943
1,EV_B13_C008_Mototaxi_Electrica_P03,4.0,78.03572152807877,-1.0,36.90038526817943
1,EV_B13_C008_Mototaxi_Electrica_P03,3.0,78.03572152807877,-1.0,36.90038526817943
1,EV_B13_C008_Mototaxi_Electrica_P03,2.0,78.03572152807877,-1.0,36.90038526817943
1,EV_B13_C008_Mototaxi_Electrica_P03,1.0,78.03572152807877,-1.0,36.90038526817943
1,EV_B13_C008_Mototaxi_Electrica_P03,0.0,78.03572152807877,-1.0,36.90038526817943
3,NONE,-1.0,-0.1,-1.0,-0.1
3,NONE,-1.0,-0.1,-1.0,-0.1
3,NONE,-1.0,-0.1,-1.0,-0.1
3,NONE,-1.0,-0.1,-1.0,-0.1
3,NONE,-1.0,-0.1,-1.0,-0.1
3,NONE,-1.0,-0.1,-1.0,-0.1
3,NONE,-1.0,-0.1,-1.0,-0.1
3,NONE,-1.0,-0.1,-1.0,-0.1
3,NONE,-1.0,-0.1,-1.0,-0.1
3,NONE,-1.0,-0.1,-1.0,-0.1
3,NONE,-1.0,-0.1,-1.0,-0.1
3,NONE,-1.0,-0.1,-1.0,-0.1
3,NONE,-1.0,-0.1,-1.0,-0.1
3,NONE,-1.0,-0.1,-1.0,-0.1
3,NONE,-1.0,-0.1,-1.0,-0.1
3,NONE,-1.0,-0.1,-1.0,-0.1
3,NONE,-1.0,-0.1,-1.0,-0.1
3,NONE,-1.0,-0.1,-1.0,-0.1
3,NONE,-1.0,-0.1,-1.0,-0.1
3,NONE,-1.0,-0.1,-1.0,-0.1
3,NONE,-1.0,-0.1,-1.0,-0.1
3,NONE,-1.0,-0.1,-1.0,-0.1
3,NONE,-1.0,-0.1,-1.0,-0.1
3,NONE,-1.0,-0.1,-1.0,-0.1
3,NONE,-1.0,-0.1,-1.0,-0.1
3,NONE,-1.0,-0.1,-1.0,-0.1
3,NONE,-1.0,-0.1,-1.0,-0.1
3,NONE,-1.0,-0.1,-1.0,-0.1
3,NONE,-1.0,-0.1,-1.0,-0.1
3,NONE,-1.0,-0.1,-1.0,-0.1
3,NONE,-1.0,-0.1,-1.0,-0.1
3,NONE,-1.0,-0.1,-1.0,-0.1
3,NONE,-1.0,-0.1,-1.0,-0.1
3,NONE,-1.0,-0.1,-1.0,-0.1
3,NONE,-1.0,-0.1,-1.0,-0.1
3,NONE,-1.0,-0.1,-1.0,-0.1
3,NONE,-1.0,-0.1,-1.0,-0.1
3,NONE,-1.0,-0.1,-1.0,-0.1
3,NONE,-1.0,-0.1,-1.0,-0.1
3,NONE,-1.0,-0.1,-1.0,-0.1
3,NONE,-1.0,-0.1,-1.0,-0.1
3,NONE,-1.0,-0.1,-1.0,-0.1
3,NONE,-1.0,-0.1,-1.0,-0.1
3,NONE,-1.0,-0.1,-1.0,-0.1
3,NONE,-1.0,-0.1,-1.0,-0.1
3,NONE,-1.0,-0.1,-1.0,-0.1
3,NONE,-1.0,-0.1,-1.0,-0.1
3,NONE,-1.0,-0.1,-1.0,-0.1
3,NONE,-1.0,-0.1,-1.0,-0.1
3,NONE,-1.0,-0.1,-1.0,-0.1
3,NONE,-1.0,-0.1,-1.0,-0.1
3,NONE,-1.0,-0.1,-1.0,-0.1
3,NONE,-1.0,-0.1,-1.0,-0.1
3,NONE,-1.0,-0.1,-1.0,-0.1
3,NONE,-1.0,-0.1,-1.0,-0.1
3,NONE,-1.0,-0.1,-1.0,-0.1
3,NONE,-1.0,-0.1,-1.0,-0.1
3,NONE,-1.0,-0.1,-1.0,-0.1
3,NONE,-1.0,-0.1,-1.0,-0.1
3,NONE,-1.0,-0.1,-1.0,-0.1
3,NONE,-1.0,-0.1,-1.0,-0.1
3,NONE,-1.0,-0.1,-1.0,-0.1
3,NONE,-1.0,-0.1,-1.0,-0.1
3,NONE,-1.0,-0.1,-1.0,-0.1
3,NONE,-1.0,-0.1,-1.0,-0.1
3,NONE,-1.0,-0.1,-1.0,-0.1
3,NONE,-1.0,-0.1,-1.0,-0.1
3,NONE,-1.0,-0.1,-1.0,-0.1
3,NONE,-1.0,-0.1,-1.0,-0.1
3,NONE,-1.0,-0.1,-1.0,-0.1
3,NONE,-1.0,-0.1,-1.0,-0.1
3,NONE,-1.0,-0.1,-1.0,-0.1
3,NONE,-1.0,-0.1,-1.0,-0.1
3,NONE,-1.0,-0.1,-1.0,-0.1
3,NONE,-1.0,-0.1,-1.0,-0.1
3,NONE,-1.0,-0.1,-1.0,-0.1
3,NONE,-1.0,-0.1,-1.0,-0.1
3,NONE,-1.0,-0.1,-1.0,-0.1
3,NONE,-1.0,-0.1,-1.0,-0.1
3,NONE,-1.0,-0.1,-1.0,-0.1
3,NONE,-1.0,-0.1,-1.0,-0.1
3,NONE,-1.0,-0.1,-1.0,-0.1
3,NONE,-1.0,-0.1,-1.0,-0.1
3,NONE,-1.0,-0.1,-1.0,-0.1
3,NONE,-1.0,-0.1,-1.0,-0.1
3,NONE,-1.0,-0.1,-1.0,-0.1
3,NONE,-1.0,-0.1,-1.0,-0.1
3,NONE,-1.0,-0.1,-1.0,-0.1
2,EV_B13_C008_Mototaxi_Electrica_P04,-1.0,-0.1,8.0,42.12908928579347
1,EV_B13_C008_Mototaxi_Electrica_P04,6.0,83.0532121986496,-1.0,42.12908928579347
1,EV_B13_C008_Mototaxi_Electrica_P04,5.0,83.0532121986496,-1.0,42.12908928579347
1,EV_B13_C008_Mototaxi_Electrica_P04,4.0,83.0532121986496,-1.0,42.12908928579347
1,EV_B13_C008_Mototaxi_Electrica_P04,3.0,83.0532121986496,-1.0,42.12908928579347
1,EV_B13_C008_Mototaxi_Electrica_P04,2.0,83.0532121986496,-1.0,42.12908928579347
1,EV_B13_C008_Mototaxi_Electrica_P04,1.0,83.0532121986496,-1.0,42.12908928579347
1,EV_B13_C008_Mototaxi_Electrica_P04,0.0,83.0532121986496,-1.0,42.12908928579347
3,NONE,-1.0,-0.1,-1.0,-0.1
3,NONE,-1.0,-0.1,-1.0,-0.1
3,NONE,-1.0,-0.1,-1.0,-0.1
3,NONE,-1.0,-0.1,-1.0,-0.1
3,NONE,-1.0,-0.1,-1.0,-0.1
3,NONE,-1.0,-0.1,-1.0,-0.1
3,NONE,-1.0,-0.1,-1.0,-0.1
3,NONE,-1.0,-0.1,-1.0,-0.1
3,NONE,-1.0,-0.1,-1.0,-0.1
3,NONE,-1.0,-0.1,-1.0,-0.1
3,NONE,-1.0,-0.1,-1.0,-0.1
3,NONE,-1.0,-0.1,-1.0,-0.1
3,NONE,-1.0,-0.1,-1.0,-0.1
3,NONE,-1.0,-0.1,-1.0,-0.1
3,NONE,-1.0,-0.1,-1.0,-0.1
3,NONE,-1.0,-0.1,-1.0,-0.1
3,NONE,-1.0,-0.1,-1.0,-0.1
3,NONE,-1.0,-0.1,-1.0,-0.1
3,NONE,-1.0,-0.1,-1.0,-0.1
3,NONE,-1.0,-0.1,-1.0,-0.1
3,NONE,-1.0,-0.1,-1.0,-0.1
3,NONE,-1.0,-0.1,-1.0,-0.1
3,NONE,-1.0,-0.1,-1.0,-0.1
3,NONE,-1.0,-0.1,-1.0,-0.1
3,NONE,-1.0,-0.1,-1.0,-0.1
3,NONE,-1.0,-0.1,-1.0,-0.1
3,NONE,-1.0,-0.1,-1.0,-0.1
3,NONE,-1.0,-0.1,-1.0,-0.1
3,NONE,-1.0,-0.1,-1.0,-0.1
3,NONE,-1.0,-0.1,-1.0,-0.1
3,NONE,-1.0,-0.1,-1.0,-0.1
3,NONE,-1.0,-0.1,-1.0,-0.1
3,NONE,-1.0,-0.1,-1.0,-0.1
3,NONE,-1.0,-0.1,-1.0,-0.1
3,NONE,-1.0,-0.1,-1.0,-0.1
3,NONE,-1.0,-0.1,-1.0,-0.1
3,NONE,-1.0,-0.1,-1.0,-0.1
3,NONE,-1.0,-0.1,-1.0,-0.1
3,NONE,-1.0,-0.1,-1.0,-0.1
3,NONE,-1.0,-0.1,-1.0,-0.1
3,NONE,-1.0,-0.1,-1.0,-0.1
3,NONE,-1.0,-0.1,-1.0,-0.1
3,NONE,-1.0,-0.1,-1.0,-0.1
3,NONE,-1.0,-0.1,-1.0,-0.1
3,NONE,-1.0,-0.1,-1.0,-0.1
3,NONE,-1.0,-0.1,-1.0,-0.1
3,NONE,-1.0,-0.1,-1.0,-0.1
3,NONE,-1.0,-0.1,-1.0,-0.1
3,NONE,-1.0,-0.1,-1.0,-0.1
3,NONE,-1.0,-0.1,-1.0,-0.1
3,NONE,-1.0,-0.1,-1.0,-0.1
3,NONE,-1.0,-0.1,-1.0,-0.1
3,NONE,-1.0,-0.1,-1.0,-0.1
3,NONE,-1.0,-0.1,-1.0,-0.1
3,NONE,-1.0,-0.1,-1.0,-0.1
3,NONE,-1.0,-0.1,-1.0,-0.1
3,NONE,-1.0,-0.1,-1.0,-0.1
3,NONE,-1.0,-0.1,-1.0,-0.1
3,NONE,-1.0,-0.1,-1.0,-0.1
3,NONE,-1.0,-0.1,-1.0,-0.1
3,NONE,-1.0,-0.1,-1.0,-0.1
3,NONE,-1.0,-0.1,-1.0,-0.1
3,NONE,-1.0,-0.1,-1.0,-0.1
3,NONE,-1.0,-0.1,-1.0,-0.1
3,NONE,-1.0,-0.1,-1.0,-0.1
3,NONE,-1.0,-0.1,-1.0,-0.1
2,EV_B13_C008_Mototaxi_Electrica_P05,-1.0,-0.1,10.0,39.26213818291528
1,EV_B13_C008_Mototaxi_Electrica_P05,4.0,77.67719994777976,-1.0,39.26213818291528
1,EV_B13_C008_Mototaxi_Electrica_P05,3.0,77.67719994777976,-1.0,39.26213818291528
1,EV_B13_C008_Mototaxi_Electrica_P05,2.0,77.67719994777976,-1.0,39.26213818291528
1,EV_B13_C008_Mototaxi_Electrica_P05,1.0,77.67719994777976,-1.0,39.26213818291528
1,EV_B13_C008_Mototaxi_Electrica_P05,0.0,77.67719994777976,-1.0,39.26213818291528
3,NONE,-1.0,-0.1,-1.0,-0.1
3,NONE,-1.0,-0.1,-1.0,-0.1
3,NONE,-1.0,-0.1,-1.0,-0.1
3,NONE,-1.0,-0.1,-1.0,-0.1
3,NONE,-1.0,-0.1,-1.0,-0.1
3,NONE,-1.0,-0.1,-1.0,-0.1
3,NONE,-1.0,-0.1,-1.0,-0.1
3,NONE,-1.0,-0.1,-1.0,-0.1
3,NONE,-1.0,-0.1,-1.0,-0.1
3,NONE,-1.0,-0.1,-1.0,-0.1
3,NONE,-1.0,-0.1,-1.0,-0.1
3,NONE,-1.0,-0.1,-1.0,-0.1
3,NONE,-1.0,-0.1,-1.0,-0.1
3,NONE,-1.0,-0.1,-1.0,-0.1
3,NONE,-1.0,-0.1,-1.0,-0.1
2,EV_B13_C008_Mototaxi_Electrica_P06,-1.0,-0.1,7.0,33.657253583624716
1,EV_B13_C008_Mototaxi_Electrica_P06,6.0,78.57709756009038,-1.0,33.657253583624716
1,EV_B13_C008_Mototaxi_Electrica_P06,5.0,78.57709756009038,-1.0,33.657253583624716
1,EV_B13_C008_Mototaxi_Electrica_P06,4.0,78.57709756009038,-1.0,33.657253583624716
1,EV_B13_C008_Mototaxi_Electrica_P06,3.0,78.57709756009038,-1.0,33.657253583624716
1,EV_B13_C008_Mototaxi_Electrica_P06,2.0,78.57709756009038,-1.0,33.657253583624716
1,EV_B13_C008_Mototaxi_Electrica_P06,1.0,78.57709756009038,-1.0,33.657253583624716
1,EV_B13_C008_Mototaxi_Electrica_P06,0.0,78.57709756009038,-1.0,33.657253583624716
3,NONE,-1.0,-0.1,-1.0,-0.1
3,NONE,-1.0,-0.1,-1.0,-0.1
3,NONE,-1.0,-0.1,-1.0,-0.1
3,NONE,-1.0,-0.1,-1.0,-0.1
3,NONE,-1.0,-0.1,-1.0,-0.1
3,NONE,-1.0,-0.1,-1.0,-0.1
3,NONE,-1.0,-0.1,-1.0,-0.1
3,NONE,-1.0,-0.1,-1.0,-0.1
3,NONE,-1.0,-0.1,-1.0,-0.1
3,NONE,-1.0,-0.1,-1.0,-0.1
3,NONE,-1.0,-0.1,-1.0,-0.1
3,NONE,-1.0,-0.1,-1.0,-0.1
3,NONE,-1.0,-0.1,-1.0,-0.1
3,NONE,-1.0,-0.1,-1.0,-0.1
3,NONE,-1.0,-0.1,-1.0,-0.1
3,NONE,-1.0,-0.1,-1.0,-0.1
3,NONE,-1.0,-0.1,-1.0,-0.1
3,NONE,-1.0,-0.1,-1.0,-0.1
3,NONE,-1.0,-0.1,-1.0,-0.1
3,NONE,-1.0,-0.1,-1.0,-0.1
3,NONE,-1.0,-0.1,-1.0,-0.1
3,NONE,-1.0,-0.1,-1.0,-0.1
3,NONE,-1.0,-0.1,-1.0,-0.1
3,NONE,-1.0,-0.1,-1.0,-0.1
3,NONE,-1.0,-0.1,-1.0,-0.1
3,NONE,-1.0,-0.1,-1.0,-0.1
3,NONE,-1.0,-0.1,-1.0,-0.1
3,NONE,-1.0,-0.1,-1.0,-0.1
3,NONE,-1.0,-0.1,-1.0,-0.1
3,NONE,-1.0,-0.1,-1.0,-0.1
3,NONE,-1.0,-0.1,-1.0,-0.1
3,NONE,-1.0,-0.1,-1.0,-0.1
3,NONE,-1.0,-0.1,-1.0,-0.1
3,NONE,-1.0,-0.1,-1.0,-0.1
3,NONE,-1.0,-0.1,-1.0,-0.1
3,NONE,-1.0,-0.1,-1.0,-0.1
3,NONE,-1.0,-0.1,-1.0,-0.1
3,NONE,-1.0,-0.1,-1.0,-0.1
3,NONE,-1.0,-0.1,-1.0,-0.1
3,NONE,-1.0,-0.1,-1.0,-0.1
3,NONE,-1.0,-0.1,-1.0,-0.1
3,NONE,-1.0,-0.1,-1.0,-0.1
3,NONE,-1.0,-0.1,-1.0,-0.1
3,NONE,-1.0,-0.1,-1.0,-0.1
3,NONE,-1.0,-0.1,-1.0,-0.1
3,NONE,-1.0,-0.1,-1.0,-0.1
3,NONE,-1.0,-0.1,-1.0,-0.1
3,NONE,-1.0,-0.1,-1.0,-0.1
3,NONE,-1.0,-0.1,-1.0,-0.1
3,NONE,-1.0,-0.1,-1.0,-0.1
3,NONE,-1.0,-0.1,-1.0,-0.1
3,NONE,-1.0,-0.1,-1.0,-0.1
3,NONE,-1.0,-0.1,-1.0,-0.1
3,NONE,-1.0,-0.1,-1.0,-0.1
3,NONE,-1.0,-0.1,-1.0,-0.1
3,NONE,-1.0,-0.1,-1.0,-0.1
3,NONE,-1.0,-0.1,-1.0,-0.1
3,NONE,-1.0,-0.1,-1.0,-0.1
3,NONE,-1.0,-0.1,-1.0,-0.1
3,NONE,-1.0,-0.1,-1.0,-0.1
3,NONE,-1.0,-0.1,-1.0,-0.1
3,NONE,-1.0,-0.1,-1.0,-0.1
3,NONE,-1.0,-0.1,-1.0,-0.1
3,NONE,-1.0,-0.1,-1.0,-0.1
3,NONE,-1.0,-0.1,-1.0,-0.1
2,EV_B13_C008_Mototaxi_Electrica_P07,-1.0,-0.1,8.0,31.44303279868026
1,EV_B13_C008_Mototaxi_Electrica_P07,6.0,80.70940284428843,-1.0,31.44303279868026
1,EV_B13_C008_Mototaxi_Electrica_P07,5.0,80.70940284428843,-1.0,31.44303279868026
1,EV_B13_C008_Mototaxi_Electrica_P07,4.0,80.70940284428843,-1.0,31.44303279868026
1,EV_B13_C008_Mototaxi_Electrica_P07,3.0,80.70940284428843,-1.0,31.44303279868026
1,EV_B13_C008_Mototaxi_Electrica_P07,2.0,80.70940284428843,-1.0,31.44303279868026
1,EV_B13_C008_Mototaxi_Electrica_P07,1.0,80.70940284428843,-1.0,31.44303279868026
1,EV_B13_C008_Mototaxi_Electrica_P07,0.0,80.70940284428843,-1.0,31.44303279868026
3,NONE,-1.0,-0.1,-1.0,-0.1
3,NONE,-1.0,-0.1,-1.0,-0.1
3,NONE,-1.0,-0.1,-1.0,-0.1
3,NONE,-1.0,-0.1,-1.0,-0.1
3,NONE,-1.0,-0.1,-1.0,-0.1
3,NONE,-1.0,-0.1,-1.0,-0.1
3,NONE,-1.0,-0.1,-1.0,-0.1
3,NONE,-1.0,-0.1,-1.0,-0.1
3,NONE,-1.0,-0.1,-1.0,-0.1
3,NONE,-1.0,-0.1,-1.0,-0.1
3,NONE,-1.0,-0.1,-1.0,-0.1
3,NONE,-1.0,-0.1,-1.0,-0.1
3,NONE,-1.0,-0.1,-1.0,-0.1
3,NONE,-1.0,-0.1,-1.0,-0.1
3,NONE,-1.0,-0.1,-1.0,-0.1
3,NONE,-1.0,-0.1,-1.0,-0.1
3,NONE,-1.0,-0.1,-1.0,-0.1
3,NONE,-1.0,-0.1,-1.0,-0.1
3,NONE,-1.0,-0.1,-1.0,-0.1
3,NONE,-1.0,-0.1,-1.0,-0.1
3,NONE,-1.0,-0.1,-1.0,-0.1
3,NONE,-1.0,-0.1,-1.0,-0.1
3,NONE,-1.0,-0.1,-1.0,-0.1
3,NONE,-1.0,-0.1,-1.0,-0.1
3,NONE,-1.0,-0.1,-1.0,-0.1
3,NONE,-1.0,-0.1,-1.0,-0.1
3,NONE,-1.0,-0.1,-1.0,-0.1
3,NONE,-1.0,-0.1,-1.0,-0.1
3,NONE,-1.0,-0.1,-1.0,-0.1
3,NONE,-1.0,-0.1,-1.0,-0.1
3,NONE,-1.0,-0.1,-1.0,-0.1
3,NONE,-1.0,-0.1,-1.0,-0.1
3,NONE,-1.0,-0.1,-1.0,-0.1
3,NONE,-1.0,-0.1,-1.0,-0.1
3,NONE,-1.0,-0.1,-1.0,-0.1
3,NONE,-1.0,-0.1,-1.0,-0.1
3,NONE,-1.0,-0.1,-1.0,-0.1
3,NONE,-1.0,-0.1,-1.0,-0.1
3,NONE,-1.0,-0.1,-1.0,-0.1
3,NONE,-1.0,-0.1,-1.0,-0.1
3,NONE,-1.0,-0.1,-1.0,-0.1
2,EV_B13_C008_Mototaxi_Electrica_P08,-1.0,-0.1,9.0,42.73891396428827
1,EV_B13_C008_Mototaxi_Electrica_P08,5.0,85.5249237549549,-1.0,42.73891396428827
1,EV_B13_C008_Mototaxi_Electrica_P08,4.0,85.5249237549549,-1.0,42.73891396428827
1,EV_B13_C008_Mototaxi_Electrica_P08,3.0,85.5249237549549,-1.0,42.73891396428827
1,EV_B13_C008_Mototaxi_Electrica_P08,2.0,85.5249237549549,-1.0,42.73891396428827
1,EV_B13_C008_Mototaxi_Electrica_P08,1.0,85.5249237549549,-1.0,42.73891396428827
1,EV_B13_C008_Mototaxi_Electrica_P08,0.0,85.5249237549549,-1.0,42.73891396428827
3,NONE,-1.0,-0.1,-1.0,-0.1
3,NONE,-1.0,-0.1,-1.0,-0.1
3,NONE,-1.0,-0.1,-1.0,-0.1
3,NONE,-1.0,-0.1,-1.0,-0.1
3,NONE,-1.0,-0.1,-1.0,-0.1
3,NONE,-1.0,-0.1,-1.0,-0.1
3,NONE,-1.0,-0.1,-1.0,-0.1
3,NONE,-1.0,-0.1,-1.0,-0.1
3,NONE,-1.0,-0.1,-1.0,-0.1
3,NONE,-1.0,-0.1,-1.0,-0.1
3,NONE,-1.0,-0.1,-1.0,-0.1
3,NONE,-1.0,-0.1,-1.0,-0.1
3,NONE,-1.0,-0.1,-1.0,-0.1
3,NONE,-1.0,-0.1,-1.0,-0.1
3,NONE,-1.0,-0.1,-1.0,-0.1
3,NONE,-1.0,-0.1,-1.0,-0.1
3,NONE,-1.0,-0.1,-1.0,-0.1
3,NONE,-1.0,-0.1,-1.0,-0.1
3,NONE,-1.0,-0.1,-1.0,-0.1
3,NONE,-1.0,-0.1,-1.0,-0.1
3,NONE,-1.0,-0.1,-1.0,-0.1
3,NONE,-1.0,-0.1,-1.0,-0.1
3,NONE,-1.0,-0.1,-1.0,-0.1
3,NONE,-1.0,-0.1,-1.0,-0.1
3,NONE,-1.0,-0.1,-1.0,-0.1
3,NONE,-1.0,-0.1,-1.0,-0.1
3,NONE,-1.0,-0.1,-1.0,-0.1
3,NONE,-1.0,-0.1,-1.0,-0.1
3,NONE,-1.0,-0.1,-1.0,-0.1
3,NONE,-1.0,-0.1,-1.0,-0.1
3,NONE,-1.0,-0.1,-1.0,-0.1
3,NONE,-1.0,-0.1,-1.0,-0.1
3,NONE,-1.0,-0.1,-1.0,-0.1
3,NONE,-1.0,-0.1,-1.0,-0.1
3,NONE,-1.0,-0.1,-1.0,-0.1
3,NONE,-1.0,-0.1,-1.0,-0.1
3,NONE,-1.0,-0.1,-1.0,-0.1
3,NONE,-1.0,-0.1,-1.0,-0.1
3,NONE,-1.0,-0.1,-1.0,-0.1
3,NONE,-1.0,-0.1,-1.0,-0.1
3,NONE,-1.0,-0.1,-1.0,-0.1
2,EV_B13_C008_Mototaxi_Electrica_P09,-1.0,-0.1,9.0,64.08996740824429
1,EV_B13_C008_Mototaxi_Electrica_P09,5.0,72.65919662509883,-1.0,64.08996740824429
1,EV_B13_C008_Mototaxi_Electrica_P09,4.0,72.65919662509883,-1.0,64.08996740824429
1,EV_B13_C008_Mototaxi_Electrica_P09,3.0,72.65919662509883,-1.0,64.08996740824429
1,EV_B13_C008_Mototaxi_Electrica_P09,2.0,72.65919662509883,-1.0,64.08996740824429
1,EV_B13_C008_Mototaxi_Electrica_P09,1.0,72.65919662509883,-1.0,64.08996740824429
1,EV_B13_C008_Mototaxi_Electrica_P09,0.0,72.65919662509883,-1.0,64.08996740824429
3,NONE,-1.0,-0.1,-1.0,-0.1
3,NONE,-1.0,-0.1,-1.0,-0.1
3,NONE,-1.0,-0.1,-1.0,-0.1
3,NONE,-1.0,-0.1,-1.0,-0.1
3,NONE,-1.0,-0.1,-1.0,-0.1
3,NONE,-1.0,-0.1,-1.0,-0.1
3,NONE,-1.0,-0.1,-1.0,-0.1
3,NONE,-1.0,-0.1,-1.0,-0.1
3,NONE,-1.0,-0.1,-1.0,-0.1
3,NONE,-1.0,-0.1,-1.0,-0.1
3,NONE,-1.0,-0.1,-1.0,-0.1
3,NONE,-1.0,-0.1,-1.0,-0.1
3,NONE,-1.0,-0.1,-1.0,-0.1
3,NONE,-1.0,-0.1,-1.0,-0.1
3,NONE,-1.0,-0.1,-1.0,-0.1
3,NONE,-1.0,-0.1,-1.0,-0.1
3,NONE,-1.0,-0.1,-1.0,-0.1
3,NONE,-1.0,-0.1,-1.0,-0.1
3,NONE,-1.0,-0.1,-1.0,-0.1
3,NONE,-1.0,-0.1,-1.0,-0.1
3,NONE,-1.0,-0.1,-1.0,-0.1
3,NONE,-1.0,-0.1,-1.0,-0.1
3,NONE,-1.0,-0.1,-1.0,-0.1
3,NONE,-1.0,-0.1,-1.0,-0.1
3,NONE,-1.0,-0.1,-1.0,-0.1
3,NONE,-1.0,-0.1,-1.0,-0.1
3,NONE,-1.0,-0.1,-1.0,-0.1
3,NONE,-1.0,-0.1,-1.0,-0.1
3,NONE,-1.0,-0.1,-1.0,-0.1
3,NONE,-1.0,-0.1,-1.0,-0.1
3,NONE,-1.0,-0.1,-1.0,-0.1
3,NONE,-1.0,-0.1,-1.0,-0.1
3,NONE,-1.0,-0.1,-1.0,-0.1
3,NONE,-1.0,-0.1,-1.0,-0.1
3,NONE,-1.0,-0.1,-1.0,-0.1
3,NONE,-1.0,-0.1,-1.0,-0.1
3,NONE,-1.0,-0.1,-1.0,-0.1
3,NONE,-1.0,-0.1,-1.0,-0.1
3,NONE,-1.0,-0.1,-1.0,-0.1
3,NONE,-1.0,-0.1,-1.0,-0.1
3,NONE,-1.0,-0.1,-1.0,-0.1
3,NONE,-1.0,-0.1,-1.0,-0.1
3,NONE,-1.0,-0.1,-1.0,-0.1
3,NONE,-1.0,-0.1,-1.0,-0.1
3,NONE,-1.0,-0.1,-1.0,-0.1
3,NONE,-1.0,-0.1,-1.0,-0.1
3,NONE,-1.0,-0.1,-1.0,-0.1
3,NONE,-1.0,-0.1,-1.0,-0.1
3,NONE,-1.0,-0.1,-1.0,-0.1
3,NONE,-1.0,-0.1,-1.0,-0.1
3,NONE,-1.0,-0.1,-1.0,-0.1
3,NONE,-1.0,-0.1,-1.0,-0.1
3,NONE,-1.0,-0.1,-1.0,-0.1
3,NONE,-1.0,-0.1,-1.0,-0.1
3,NONE,-1.0,-0.1,-1.0,-0.1
3,NONE,-1.0,-0.1,-1.0,-0.1
3,NONE,-1.0,-0.1,-1.0,-0.1
3,NONE,-1.0,-0.1,-1.0,-0.1
3,NONE,-1.0,-0.1,-1.0,-0.1
3,NONE,-1.0,-0.1,-1.0,-0.1
3,NONE,-1.0,-0.1,-1.0,-0.1
3,NONE,-1.0,-0.1,-1.0,-0.1
3,NONE,-1.0,-0.1,-1.0,-0.1
3,NONE,-1.0,-0.1,-1.0,-0.1
3,NONE,-1.0,-0.1,-1.0,-0.1
2,EV_B13_C008_Mototaxi_Electrica_P10,-1.0,-0.1,9.0,23.32043051079574
1,EV_B13_C008_Mototaxi_Electrica_P10,5.0,67.19388556513272,-1.0,23.32043051079574
1,EV_B13_C008_Mototaxi_Electrica_P10,4.0,67.19388556513272,-1.0,23.32043051079574
1,EV_B13_C008_Mototaxi_Electrica_P10,3.0,67.19388556513272,-1.0,23.32043051079574
1,EV_B13_C008_Mototaxi_Electrica_P10,2.0,67.19388556513272,-1.0,23.32043051079574
1,EV_B13_C008_Mototaxi_Electrica_P10,1.0,67.19388556513272,-1.0,23.32043051079574
1,EV_B13_C008_Mototaxi_Electrica_P10,0.0,67.19388556513272,-1.0,23.32043051079574
3,NONE,-1.0,-0.1,-1.0,-0.1
3,NONE,-1.0,-0.1,-1.0,-0.1
3,NONE,-1.0,-0.1,-1.0,-0.1
3,NONE,-1.0,-0.1,-1.0,-0.1
3,NONE,-1.0,-0.1,-1.0,-0.1
3,NONE,-1.0,-0.1,-1.0,-0.1
3,NONE,-1.0,-0.1,-1.0,-0.1
3,NONE,-1.0,-0.1,-1.0,-0.1
3,NONE,-1.0,-0.1,-1.0,-0.1
3,NONE,-1.0,-0.1,-1.0,-0.1
3,NONE,-1.0,-0.1,-1.0,-0.1
3,NONE,-1.0,-0.1,-1.0,-0.1
3,NONE,-1.0,-0.1,-1.0,-0.1
3,NONE,-1.0,-0.1,-1.0,-0.1
3,NONE,-1.0,-0.1,-1.0,-0.1
3,NONE,-1.0,-0.1,-1.0,-0.1
3,NONE,-1.0,-0.1,-1.0,-0.1
3,NONE,-1.0,-0.1,-1.0,-0.1
3,NONE,-1.0,-0.1,-1.0,-0.1
2,EV_B13_C008_Mototaxi_Electrica_P01,-1.0,-0.1,11.0,17.792491932892478
1,EV_B13_C008_Mototaxi_Electrica_P01,3.0,83.42448725772356,-1.0,17.792491932892478
1,EV_B13_C008_Mototaxi_Electrica_P01,2.0,83.42448725772356,-1.0,17.792491932892478
1,EV_B13_C008_Mototaxi_Electrica_P01,1.0,83.42448725772356,-1.0,17.792491932892478
1,EV_B13_C008_Mototaxi_Electrica_P01,0.0,83.42448725772356,-1.0,17.792491932892478
3,NONE,-1.0,-0.1,-1.0,-0.1
3,NONE,-1.0,-0.1,-1.0,-0.1
3,NONE,-1.0,-0.1,-1.0,-0.1
3,NONE,-1.0,-0.1,-1.0,-0.1
3,NONE,-1.0,-0.1,-1.0,-0.1
3,NONE,-1.0,-0.1,-1.0,-0.1
3,NONE,-1.0,-0.1,-1.0,-0.1
3,NONE,-1.0,-0.1,-1.0,-0.1
3,NONE,-1.0,-0.1,-1.0,-0.1
3,NONE,-1.0,-0.1,-1.0,-0.1
3,NONE,-1.0,-0.1,-1.0,-0.1
3,NONE,-1.0,-0.1,-1.0,-0.1
3,NONE,-1.0,-0.1,-1.0,-0.1
3,NONE,-1.0,-0.1,-1.0,-0.1
3,NONE,-1.0,-0.1,-1.0,-0.1
3,NONE,-1.0,-0.1,-1.0,-0.1
3,NONE,-1.0,-0.1,-1.0,-0.1
3,NONE,-1.0,-0.1,-1.0,-0.1
2,EV_B13_C008_Mototaxi_Electrica_P02,-1.0,-0.1,10.0,34.415712353125
1,EV_B13_C008_Mototaxi_Electrica_P02,4.0,79.14250145770934,-1.0,34.415712353125
1,EV_B13_C008_Mototaxi_Electrica_P02,3.0,79.14250145770934,-1.0,34.415712353125
1,EV_B13_C008_Mototaxi_Electrica_P02,2.0,79.14250145770934,-1.0,34.415712353125
1,EV_B13_C008_Mototaxi_Electrica_P02,1.0,79.14250145770934,-1.0,34.415712353125
1,EV_B13_C008_Mototaxi_Electrica_P02,0.0,79.14250145770934,-1.0,34.415712353125
3,NONE,-1.0,-0.1,-1.0,-0.1
3,NONE,-1.0,-0.1,-1.0,-0.1
3,NONE,-1.0,-0.1,-1.0,-0.1
3,NONE,-1.0,-0.1,-1.0,-0.1
3,NONE,-1.0,-0.1,-1.0,-0.1
3,NONE,-1.0,-0.1,-1.0,-0.1
3,NONE,-1.0,-0.1,-1.0,-0.1
3,NONE,-1.0,-0.1,-1.0,-0.1
3,NONE,-1.0,-0.1,-1.0,-0.1
3,NONE,-1.0,-0.1,-1.0,-0.1
3,NONE,-1.0,-0.1,-1.0,-0.1
3,NONE,-1.0,-0.1,-1.0,-0.1
3,NONE,-1.0,-0.1,-1.0,-0.1
3,NONE,-1.0,-0.1,-1.0,-0.1
3,NONE,-1.0,-0.1,-1.0,-0.1
3,NONE,-1.0,-0.1,-1.0,-0.1
3,NONE,-1.0,-0.1,-1.0,-0.1
3,NONE,-1.0,-0.1,-1.0,-0.1
3,NONE,-1.0,-0.1,-1.0,-0.1
3,NONE,-1.0,-0.1,-1.0,-0.1
3,NONE,-1.0,-0.1,-1.0,-0.1
3,NONE,-1.0,-0.1,-1.0,-0.1
3,NONE,-1.0,-0.1,-1.0,-0.1
3,NONE,-1.0,-0.1,-1.0,-0.1
3,NONE,-1.0,-0.1,-1.0,-0.1
3,NONE,-1.0,-0.1,-1.0,-0.1
3,NONE,-1.0,-0.1,-1.0,-0.1
3,NONE,-1.0,-0.1,-1.0,-0.1
3,NONE,-1.0,-0.1,-1.0,-0.1
3,NONE,-1.0,-0.1,-1.0,-0.1
3,NONE,-1.0,-0.1,-1.0,-0.1
3,NONE,-1.0,-0.1,-1.0,-0.1
3,NONE,-1.0,-0.1,-1.0,-0.1
3,NONE,-1.0,-0.1,-1.0,-0.1
3,NONE,-1.0,-0.1,-1.0,-0.1
3,NONE,-1.0,-0.1,-1.0,-0.1
3,NONE,-1.0,-0.1,-1.0,-0.1
3,NONE,-1.0,-0.1,-1.0,-0.1
3,NONE,-1.0,-0.1,-1.0,-0.1
3,NONE,-1.0,-0.1,-1.0,-0.1
3,NONE,-1.0,-0.1,-1.0,-0.1
3,NONE,-1.0,-0.1,-1.0,-0.1
3,NONE,-1.0,-0.1,-1.0,-0.1
3,NONE,-1.0,-0.1,-1.0,-0.1
3,NONE,-1.0,-0.1,-1.0,-0.1
3,NONE,-1.0,-0.1,-1.0,-0.1
3,NONE,-1.0,-0.1,-1.0,-0.1
3,NONE,-1.0,-0.1,-1.0,-0.1
3,NONE,-1.0,-0.1,-1.0,-0.1
3,NONE,-1.0,-0.1,-1.0,-0.1
3,NONE,-1.0,-0.1,-1.0,-0.1
3,NONE,-1.0,-0.1,-1.0,-0.1
3,NONE,-1.0,-0.1,-1.0,-0.1
3,NONE,-1.0,-0.1,-1.0,-0.1
3,NONE,-1.0,-0.1,-1.0,-0.1
3,NONE,-1.0,-0.1,-1.0,-0.1
3,NONE,-1.0,-0.1,-1.0,-0.1
3,NONE,-1.0,-0.1,-1.0,-0.1
3,NONE,-1.0,-0.1,-1.0,-0.1
3,NONE,-1.0,-0.1,-1.0,-0.1
3,NONE,-1.0,-0.1,-1.0,-0.1
3,NONE,-1.0,-0.1,-1.0,-0.1
3,NONE,-1.0,-0.1,-1.0,-0.1
3,NONE,-1.0,-0.1,-1.0,-0.1
3,NONE,-1.0,-0.1,-1.0,-0.1
3,NONE,-1.0,-0.1,-1.0,-0.1
3,NONE,-1.0,-0.1,-1.0,-0.1
3,NONE,-1.0,-0.1,-1.0,-0.1
3,NONE,-1.0,-0.1,-1.0,-0.1
3,NONE,-1.0,-0.1,-1.0,-0.1
3,NONE,-1.0,-0.1,-1.0,-0.1
3,NONE,-1.0,-0.1,-1.0,-0.1
3,NONE,-1.0,-0.1,-1.0,-0.1
3,NONE,-1.0,-0.1,-1.0,-0.1
3,NONE,-1.0,-0.1,-1.0,-0.1
3,NONE,-1.0,-0.1,-1.0,-0.1
3,NONE,-1.0,-0.1,-1.0,-0.1
3,NONE,-1.0,-0.1,-1.0,-0.1
3,NONE,-1.0,-0.1,-1.0,-0.1
3,NONE,-1.0,-0.1,-1.0,-0.1
3,NONE,-1.0,-0.1,-1.0,-0.1
3,NONE,-1.0,-0.1,-1.0,-0.1
3,NONE,-1.0,-0.1,-1.0,-0.1
3,NONE,-1.0,-0.1,-1.0,-0.1
3,NONE,-1.0,-0.1,-1.0,-0.1
3,NONE,-1.0,-0.1,-1.0,-0.1
3,NONE,-1.0,-0.1,-1.0,-0.1
3,NONE,-1.0,-0.1,-1.0,-0.1
3,NONE,-1.0,-0.1,-1.0,-0.1
3,NONE,-1.0,-0.1,-1.0,-0.1
3,NONE,-1.0,-0.1,-1.0,-0.1
3,NONE,-1.0,-0.1,-1.0,-0.1
3,NONE,-1.0,-0.1,-1.0,-0.1
3,NONE,-1.0,-0.1,-1.0,-0.1
3,NONE,-1.0,-0.1,-1.0,-0.1
3,NONE,-1.0,-0.1,-1.0,-0.1
3,NONE,-1.0,-0.1,-1.0,-0.1
3,NONE,-1.0,-0.1,-1.0,-0.1
3,NONE,-1.0,-0.1,-1.0,-0.1
3,NONE,-1.0,-0.1,-1.0,-0.1
3,NONE,-1.0,-0.1,-1.0,-0.1
3,NONE,-1.0,-0.1,-1.0,-0.1
3,NONE,-1.0,-0.1,-1.0,-0.1
3,NONE,-1.0,-0.1,-1.0,-0.1
3,NONE,-1.0,-0.1,-1.0,-0.1
3,NONE,-1.0,-0.1,-1.0,-0.1
3,NONE,-1.0,-0.1,-1.0,-0.1
3,NONE,-1.0,-0.1,-1.0,-0.1
3,NONE,-1.0,-0.1,-1.0,-0.1
3,NONE,-1.0,-0.1,-1.0,-0.1
3,NONE,-1.0,-0.1,-1.0,-0.1
3,NONE,-1.0,-0.1,-1.0,-0.1
3,NONE,-1.0,-0.1,-1.0,-0.1
2,EV_B13_C008_Mototaxi_Electrica_P03,-1.0,-0.1,9.0,23.890073014678325
1,EV_B13_C008_Mototaxi_Electrica_P03,5.0,85.94782653935145,-1.0,23.890073014678325
1,EV_B13_C008_Mototaxi_Electrica_P03,4.0,85.94782653935145,-1.0,23.890073014678325
1,EV_B13_C008_Mototaxi_Electrica_P03,3.0,85.94782653935145,-1.0,23.890073014678325
1,EV_B13_C008_Mototaxi_Electrica_P03,2.0,85.94782653935145,-1.0,23.890073014678325
1,EV_B13_C008_Mototaxi_Electrica_P03,1.0,85.94782653935145,-1.0,23.890073014678325
1,EV_B13_C008_Mototaxi_Electrica_P03,0.0,85.94782653935145,-1.0,23.890073014678325
3,NONE,-1.0,-0.1,-1.0,-0.1
3,NONE,-1.0,-0.1,-1.0,-0.1
3,NONE,-1.0,-0.1,-1.0,-0.1
3,NONE,-1.0,-0.1,-1.0,-0.1
3,NONE,-1.0,-0.1,-1.0,-0.1
3,NONE,-1.0,-0.1,-1.0,-0.1
3,NONE,-1.0,-0.1,-1.0,-0.1
3,NONE,-1.0,-0.1,-1.0,-0.1
3,NONE,-1.0,-0.1,-1.0,-0.1
3,NONE,-1.0,-0.1,-1.0,-0.1
3,NONE,-1.0,-0.1,-1.0,-0.1
3,NONE,-1.0,-0.1,-1.0,-0.1
3,NONE,-1.0,-0.1,-1.0,-0.1
3,NONE,-1.0,-0.1,-1.0,-0.1
3,NONE,-1.0,-0.1,-1.0,-0.1
3,NONE,-1.0,-0.1,-1.0,-0.1
2,EV_B13_C008_Mototaxi_Electrica_P04,-1.0,-0.1,8.0,39.784399186236925
1,EV_B13_C008_Mototaxi_Electrica_P04,6.0,90.23085737724917,-1.0,39.784399186236925
1,EV_B13_C008_Mototaxi_Electrica_P04,5.0,90.23085737724917,-1.0,39.784399186236925
1,EV_B13_C008_Mototaxi_Electrica_P04,4.0,90.23085737724917,-1.0,39.784399186236925
1,EV_B13_C008_Mototaxi_Electrica_P04,3.0,90.23085737724917,-1.0,39.784399186236925
1,EV_B13_C008_Mototaxi_Electrica_P04,2.0,90.23085737724917,-1.0,39.784399186236925
1,EV_B13_C008_Mototaxi_Electrica_P04,1.0,90.23085737724917,-1.0,39.784399186236925
1,EV_B13_C008_Mototaxi_Electrica_P04,0.0,90.23085737724917,-1.0,39.784399186236925
3,NONE,-1.0,-0.1,-1.0,-0.1
3,NONE,-1.0,-0.1,-1.0,-0.1
3,NONE,-1.0,-0.1,-1.0,-0.1
3,NONE,-1.0,-0.1,-1.0,-0.1
3,NONE,-1.0,-0.1,-1.0,-0.1
3,NONE,-1.0,-0.1,-1.0,-0.1
3,NONE,-1.0,-0.1,-1.0,-0.1
3,NONE,-1.0,-0.1,-1.0,-0.1
3,NONE,-1.0,-0.1,-1.0,-0.1
3,NONE,-1.0,-0.1,-1.0,-0.1
3,NONE,-1.0,-0.1,-1.0,-0.1
3,NONE,-1.0,-0.1,-1.0,-0.1
3,NONE,-1.0,-0.1,-1.0,-0.1
3,NONE,-1.0,-0.1,-1.0,-0.1
3,NONE,-1.0,-0.1,-1.0,-0.1
3,NONE,-1.0,-0.1,-1.0,-0.1
2,EV_B13_C008_Mototaxi_Electrica_P05,-1.0,-0.1,8.0,50.81109900394431
1,EV_B13_C008_Mototaxi_Electrica_P05,6.0,85.87034404882192,-1.0,50.81109900394431
1,EV_B13_C008_Mototaxi_Electrica_P05,5.0,85.87034404882192,-1.0,50.81109900394431
1,EV_B13_C008_Mototaxi_Electrica_P05,4.0,85.87034404882192,-1.0,50.81109900394431
1,EV_B13_C008_Mototaxi_Electrica_P05,3.0,85.87034404882192,-1.0,50.81109900394431
1,EV_B13_C008_Mototaxi_Electrica_P05,2.0,85.87034404882192,-1.0,50.81109900394431
1,EV_B13_C008_Mototaxi_Electrica_P05,1.0,85.87034404882192,-1.0,50.81109900394431
1,EV_B13_C008_Mototaxi_Electrica_P05,0.0,85.87034404882192,-1.0,50.81109900394431
3,NONE,-1.0,-0.1,-1.0,-0.1
3,NONE,-1.0,-0.1,-1.0,-0.1
3,NONE,-1.0,-0.1,-1.0,-0.1
3,NONE,-1.0,-0.1,-1.0,-0.1
3,NONE,-1.0,-0.1,-1.0,-0.1
3,NONE,-1.0,-0.1,-1.0,-0.1
3,NONE,-1.0,-0.1,-1.0,-0.1
3,NONE,-1.0,-0.1,-1.0,-0.1
3,NONE,-1.0,-0.1,-1.0,-0.1
3,NONE,-1.0,-0.1,-1.0,-0.1
3,NONE,-1.0,-0.1,-1.0,-0.1
3,NONE,-1.0,-0.1,-1.0,-0.1
3,NONE,-1.0,-0.1,-1.0,-0.1
3,NONE,-1.0,-0.1,-1.0,-0.1
3,NONE,-1.0,-0.1,-1.0,-0.1
3,NONE,-1.0,-0.1,-1.0,-0.1
2,EV_B13_C008_Mototaxi_Electrica_P06,-1.0,-0.1,8.0,33.111784437284996
1,EV_B13_C008_Mototaxi_Electrica_P06,6.0,90.07694909756482,-1.0,33.111784437284996
1,EV_B13_C008_Mototaxi_Electrica_P06,5.0,90.07694909756482,-1.0,33.111784437284996
1,EV_B13_C008_Mototaxi_Electrica_P06,4.0,90.07694909756482,-1.0,33.111784437284996
1,EV_B13_C008_Mototaxi_Electrica_P06,3.0,90.07694909756482,-1.0,33.111784437284996
1,EV_B13_C008_Mototaxi_Electrica_P06,2.0,90.07694909756482,-1.0,33.111784437284996
1,EV_B13_C008_Mototaxi_Electrica_P06,1.0,90.07694909756482,-1.0,33.111784437284996
1,EV_B13_C008_Mototaxi_Electrica_P06,0.0,90.07694909756482,-1.0,33.111784437284996
3,NONE,-1.0,-0.1,-1.0,-0.1
3,NONE,-1.0,-0.1,-1.0,-0.1
3,NONE,-1.0,-0.1,-1.0,-0.1
3,NONE,-1.0,-0.1,-1.0,-0.1
3,NONE,-1.0,-0.1,-1.0,-0.1
3,NONE,-1.0,-0.1,-1.0,-0.1
3,NONE,-1.0,-0.1,-1.0,-0.1
3,NONE,-1.0,-0.1,-1.0,-0.1
3,NONE,-1.0,-0.1,-1.0,-0.1
3,NONE,-1.0,-0.1,-1.0,-0.1
3,NONE,-1.0,-0.1,-1.0,-0.1
3,NONE,-1.0,-0.1,-1.0,-0.1
3,NONE,-1.0,-0.1,-1.0,-0.1
3,NONE,-1.0,-0.1,-1.0,-0.1
3,NONE,-1.0,-0.1,-1.0,-0.1
3,NONE,-1.0,-0.1,-1.0,-0.1
3,NONE,-1.0,-0.1,-1.0,-0.1
3,NONE,-1.0,-0.1,-1.0,-0.1
3,NONE,-1.0,-0.1,-1.0,-0.1
3,NONE,-1.0,-0.1,-1.0,-0.1
3,NONE,-1.0,-0.1,-1.0,-0.1
3,NONE,-1.0,-0.1,-1.0,-0.1
3,NONE,-1.0,-0.1,-1.0,-0.1
3,NONE,-1.0,-0.1,-1.0,-0.1
3,NONE,-1.0,-0.1,-1.0,-0.1
3,NONE,-1.0,-0.1,-1.0,-0.1
3,NONE,-1.0,-0.1,-1.0,-0.1
3,NONE,-1.0,-0.1,-1.0,-0.1
3,NONE,-1.0,-0.1,-1.0,-0.1
3,NONE,-1.0,-0.1,-1.0,-0.1
3,NONE,-1.0,-0.1,-1.0,-0.1
3,NONE,-1.0,-0.1,-1.0,-0.1
3,NONE,-1.0,-0.1,-1.0,-0.1
3,NONE,-1.0,-0.1,-1.0,-0.1
3,NONE,-1.0,-0.1,-1.0,-0.1
3,NONE,-1.0,-0.1,-1.0,-0.1
3,NONE,-1.0,-0.1,-1.0,-0.1
3,NONE,-1.0,-0.1,-1.0,-0.1
3,NONE,-1.0,-0.1,-1.0,-0.1
3,NONE,-1.0,-0.1,-1.0,-0.1
3,NONE,-1.0,-0.1,-1.0,-0.1
3,NONE,-1.0,-0.1,-1.0,-0.1
3,NONE,-1.0,-0.1,-1.0,-0.1
3,NONE,-1.0,-0.1,-1.0,-0.1
3,NONE,-1.0,-0.1,-1.0,-0.1
3,NONE,-1.0,-0.1,-1.0,-0.1
3,NONE,-1.0,-0.1,-1.0,-0.1
3,NONE,-1.0,-0.1,-1.0,-0.1
3,NONE,-1.0,-0.1,-1.0,-0.1
3,NONE,-1.0,-0.1,-1.0,-0.1
3,NONE,-1.0,-0.1,-1.0,-0.1
3,NONE,-1.0,-0.1,-1.0,-0.1
3,NONE,-1.0,-0.1,-1.0,-0.1
3,NONE,-1.0,-0.1,-1.0,-0.1
3,NONE,-1.0,-0.1,-1.0,-0.1
3,NONE,-1.0,-0.1,-1.0,-0.1
3,NONE,-1.0,-0.1,-1.0,-0.1
3,NONE,-1.0,-0.1,-1.0,-0.1
3,NONE,-1.0,-0.1,-1.0,-0.1
3,NONE,-1.0,-0.1,-1.0,-0.1
3,NONE,-1.0,-0.1,-1.0,-0.1
3,NONE,-1.0,-0.1,-1.0,-0.1
3,NONE,-1.0,-0.1,-1.0,-0.1
3,NONE,-1.0,-0.1,-1.0,-0.1
3,NONE,-1.0,-0.1,-1.0,-0.1
3,NONE,-1.0,-0.1,-1.0,-0.1
3,NONE,-1.0,-0.1,-1.0,-0.1
3,NONE,-1.0,-0.1,-1.0,-0.1
3,NONE,-1.0,-0.1,-1.0,-0.1
3,NONE,-1.0,-0.1,-1.0,-0.1
3,NONE,-1.0,-0.1,-1.0,-0.1
3,NONE,-1.0,-0.1,-1.0,-0.1
3,NONE,-1.0,-0.1,-1.0,-0.1
3,NONE,-1.0,-0.1,-1.0,-0.1
3,NONE,-1.0,-0.1,-1.0,-0.1
3,NONE,-1.0,-0.1,-1.0,-0.1
3,NONE,-1.0,-0.1,-1.0,-0.1
3,NONE,-1.0,-0.1,-1.0,-0.1
3,NONE,-1.0,-0.1,-1.0,-0.1
3,NONE,-1.0,-0.1,-1.0,-0.1
3,NONE,-1.0,-0.1,-1.0,-0.1
3,NONE,-1.0,-0.1,-1.0,-0.1
3,NONE,-1.0,-0.1,-1.0,-0.1
3,NONE,-1.0,-0.1,-1.0,-0.1
3,NONE,-1.0,-0.1,-1.0,-0.1
3,NONE,-1.0,-0.1,-1.0,-0.1
3,NONE,-1.0,-0.1,-1.0,-0.1
2,EV_B13_C008_Mototaxi_Electrica_P07,-1.0,-0.1,7.0,28.065254060305264
1,EV_B13_C008_Mototaxi_Electrica_P07,6.0,92.53881996884347,-1.0,28.065254060305264
1,EV_B13_C008_Mototaxi_Electrica_P07,5.0,92.53881996884347,-1.0,28.065254060305264
1,EV_B13_C008_Mototaxi_Electrica_P07,4.0,92.53881996884347,-1.0,28.065254060305264
1,EV_B13_C008_Mototaxi_Electrica_P07,3.0,92.53881996884347,-1.0,28.065254060305264
1,EV_B13_C008_Mototaxi_Electrica_P07,2.0,92.53881996884347,-1.0,28.065254060305264
1,EV_B13_C008_Mototaxi_Electrica_P07,1.0,92.53881996884347,-1.0,28.065254060305264
1,EV_B13_C008_Mototaxi_Electrica_P07,0.0,92.53881996884347,-1.0,28.065254060305264
3,NONE,-1.0,-0.1,-1.0,-0.1
3,NONE,-1.0,-0.1,-1.0,-0.1
3,NONE,-1.0,-0.1,-1.0,-0.1
3,NONE,-1.0,-0.1,-1.0,-0.1
3,NONE,-1.0,-0.1,-1.0,-0.1
3,NONE,-1.0,-0.1,-1.0,-0.1
3,NONE,-1.0,-0.1,-1.0,-0.1
3,NONE,-1.0,-0.1,-1.0,-0.1
3,NONE,-1.0,-0.1,-1.0,-0.1
3,NONE,-1.0,-0.1,-1.0,-0.1
3,NONE,-1.0,-0.1,-1.0,-0.1
3,NONE,-1.0,-0.1,-1.0,-0.1
3,NONE,-1.0,-0.1,-1.0,-0.1
3,NONE,-1.0,-0.1,-1.0,-0.1
3,NONE,-1.0,-0.1,-1.0,-0.1
3,NONE,-1.0,-0.1,-1.0,-0.1
3,NONE,-1.0,-0.1,-1.0,-0.1
2,EV_B13_C008_Mototaxi_Electrica_P08,-1.0,-0.1,8.0,54.6484147843861
1,EV_B13_C008_Mototaxi_Electrica_P08,6.0,83.62980342657865,-1.0,54.6484147843861
1,EV_B13_C008_Mototaxi_Electrica_P08,5.0,83.62980342657865,-1.0,54.6484147843861
1,EV_B13_C008_Mototaxi_Electrica_P08,4.0,83.62980342657865,-1.0,54.6484147843861
1,EV_B13_C008_Mototaxi_Electrica_P08,3.0,83.62980342657865,-1.0,54.6484147843861
1,EV_B13_C008_Mototaxi_Electrica_P08,2.0,83.62980342657865,-1.0,54.6484147843861
1,EV_B13_C008_Mototaxi_Electrica_P08,1.0,83.62980342657865,-1.0,54.6484147843861
1,EV_B13_C008_Mototaxi_Electrica_P08,0.0,83.62980342657865,-1.0,54.6484147843861
3,NONE,-1.0,-0.1,-1.0,-0.1
3,NONE,-1.0,-0.1,-1.0,-0.1
3,NONE,-1.0,-0.1,-1.0,-0.1
3,NONE,-1.0,-0.1,-1.0,-0.1
3,NONE,-1.0,-0.1,-1.0,-0.1
3,NONE,-1.0,-0.1,-1.0,-0.1
3,NONE,-1.0,-0.1,-1.0,-0.1
3,NONE,-1.0,-0.1,-1.0,-0.1
3,NONE,-1.0,-0.1,-1.0,-0.1
3,NONE,-1.0,-0.1,-1.0,-0.1
3,NONE,-1.0,-0.1,-1.0,-0.1
3,NONE,-1.0,-0.1,-1.0,-0.1
3,NONE,-1.0,-0.1,-1.0,-0.1
3,NONE,-1.0,-0.1,-1.0,-0.1
3,NONE,-1.0,-0.1,-1.0,-0.1
3,NONE,-1.0,-0.1,-1.0,-0.1
3,NONE,-1.0,-0.1,-1.0,-0.1
2,EV_B13_C008_Mototaxi_Electrica_P09,-1.0,-0.1,9.0,25.281643946245637
1,EV_B13_C008_Mototaxi_Electrica_P09,5.0,88.2308495812986,-1.0,25.281643946245637
1,EV_B13_C008_Mototaxi_Electrica_P09,4.0,88.2308495812986,-1.0,25.281643946245637
1,EV_B13_C008_Mototaxi_Electrica_P09,3.0,88.2308495812986,-1.0,25.281643946245637
1,EV_B13_C008_Mototaxi_Electrica_P09,2.0,88.2308495812986,-1.0,25.281643946245637
1,EV_B13_C008_Mototaxi_Electrica_P09,1.0,88.2308495812986,-1.0,25.281643946245637
1,EV_B13_C008_Mototaxi_Electrica_P09,0.0,88.2308495812986,-1.0,25.281643946245637
3,NONE,-1.0,-0.1,-1.0,-0.1
3,NONE,-1.0,-0.1,-1.0,-0.1
3,NONE,-1.0,-0.1,-1.0,-0.1
3,NONE,-1.0,-0.1,-1.0,-0.1
3,NONE,-1.0,-0.1,-1.0,-0.1
3,NONE,-1.0,-0.1,-1.0,-0.1
3,NONE,-1.0,-0.1,-1.0,-0.1
3,NONE,-1.0,-0.1,-1.0,-0.1
3,NONE,-1.0,-0.1,-1.0,-0.1
3,NONE,-1.0,-0.1,-1.0,-0.1
3,NONE,-1.0,-0.1,-1.0,-0.1
3,NONE,-1.0,-0.1,-1.0,-0.1
3,NONE,-1.0,-0.1,-1.0,-0.1
3,NONE,-1.0,-0.1,-1.0,-0.1
3,NONE,-1.0,-0.1,-1.0,-0.1
3,NONE,-1.0,-0.1,-1.0,-0.1
3,NONE,-1.0,-0.1,-1.0,-0.1
3,NONE,-1.0,-0.1,-1.0,-0.1
3,NONE,-1.0,-0.1,-1.0,-0.1
3,NONE,-1.0,-0.1,-1.0,-0.1
3,NONE,-1.0,-0.1,-1.0,-0.1
3,NONE,-1.0,-0.1,-1.0,-0.1
3,NONE,-1.0,-0.1,-1.0,-0.1
3,NONE,-1.0,-0.1,-1.0,-0.1
3,NONE,-1.0,-0.1,-1.0,-0.1
3,NONE,-1.0,-0.1,-1.0,-0.1
3,NONE,-1.0,-0.1,-1.0,-0.1
3,NONE,-1.0,-0.1,-1.0,-0.1
3,NONE,-1.0,-0.1,-1.0,-0.1
3,NONE,-1.0,-0.1,-1.0,-0.1
3,NONE,-1.0,-0.1,-1.0,-0.1
3,NONE,-1.0,-0.1,-1.0,-0.1
3,NONE,-1.0,-0.1,-1.0,-0.1
3,NONE,-1.0,-0.1,-1.0,-0.1
3,NONE,-1.0,-0.1,-1.0,-0.1
3,NONE,-1.0,-0.1,-1.0,-0.1
3,NONE,-1.0,-0.1,-1.0,-0.1
3,NONE,-1.0,-0.1,-1.0,-0.1
3,NONE,-1.0,-0.1,-1.0,-0.1
3,NONE,-1.0,-0.1,-1.0,-0.1
2,EV_B13_C008_Mototaxi_Electrica_P10,-1.0,-0.1,8.0,26.08735897777538
1,EV_B13_C008_Mototaxi_Electrica_P10,6.0,83.35058915677196,-1.0,26.08735897777538
1,EV_B13_C008_Mototaxi_Electrica_P10,5.0,83.35058915677196,-1.0,26.08735897777538
1,EV_B13_C008_Mototaxi_Electrica_P10,4.0,83.35058915677196,-1.0,26.08735897777538
1,EV_B13_C008_Mototaxi_Electrica_P10,3.0,83.35058915677196,-1.0,26.08735897777538
1,EV_B13_C008_Mototaxi_Electrica_P10,2.0,83.35058915677196,-1.0,26.08735897777538
1,EV_B13_C008_Mototaxi_Electrica_P10,1.0,83.35058915677196,-1.0,26.08735897777538
1,EV_B13_C008_Mototaxi_Electrica_P10,0.0,83.35058915677196,-1.0,26.08735897777538
3,NONE,-1.0,-0.1,-1.0,-0.1
3,NONE,-1.0,-0.1,-1.0,-0.1
3,NONE,-1.0,-0.1,-1.0,-0.1
3,NONE,-1.0,-0.1,-1.0,-0.1
3,NONE,-1.0,-0.1,-1.0,-0.1
3,NONE,-1.0,-0.1,-1.0,-0.1
3,NONE,-1.0,-0.1,-1.0,-0.1
3,NONE,-1.0,-0.1,-1.0,-0.1
3,NONE,-1.0,-0.1,-1.0,-0.1
3,NONE,-1.0,-0.1,-1.0,-0.1
3,NONE,-1.0,-0.1,-1.0,-0.1
3,NONE,-1.0,-0.1,-1.0,-0.1
3,NONE,-1.0,-0.1,-1.0,-0.1
3,NONE,-1.0,-0.1,-1.0,-0.1
3,NONE,-1.0,-0.1,-1.0,-0.1
3,NONE,-1.0,-0.1,-1.0,-0.1
3,NONE,-1.0,-0.1,-1.0,-0.1
3,NONE,-1.0,-0.1,-1.0,-0.1
3,NONE,-1.0,-0.1,-1.0,-0.1
3,NONE,-1.0,-0.1,-1.0,-0.1
3,NONE,-1.0,-0.1,-1.0,-0.1
3,NONE,-1.0,-0.1,-1.0,-0.1
3,NONE,-1.0,-0.1,-1.0,-0.1
3,NONE,-1.0,-0.1,-1.0,-0.1
3,NONE,-1.0,-0.1,-1.0,-0.1
3,NONE,-1.0,-0.1,-1.0,-0.1
3,NONE,-1.0,-0.1,-1.0,-0.1
3,NONE,-1.0,-0.1,-1.0,-0.1
3,NONE,-1.0,-0.1,-1.0,-0.1
3,NONE,-1.0,-0.1,-1.0,-0.1
3,NONE,-1.0,-0.1,-1.0,-0.1
3,NONE,-1.0,-0.1,-1.0,-0.1
3,NONE,-1.0,-0.1,-1.0,-0.1
3,NONE,-1.0,-0.1,-1.0,-0.1
3,NONE,-1.0,-0.1,-1.0,-0.1
3,NONE,-1.0,-0.1,-1.0,-0.1
3,NONE,-1.0,-0.1,-1.0,-0.1
3,NONE,-1.0,-0.1,-1.0,-0.1
3,NONE,-1.0,-0.1,-1.0,-0.1
3,NONE,-1.0,-0.1,-1.0,-0.1
3,NONE,-1.0,-0.1,-1.0,-0.1
3,NONE,-1.0,-0.1,-1.0,-0.1
3,NONE,-1.0,-0.1,-1.0,-0.1
3,NONE,-1.0,-0.1,-1.0,-0.1
3,NONE,-1.0,-0.1,-1.0,-0.1
3,NONE,-1.0,-0.1,-1.0,-0.1
3,NONE,-1.0,-0.1,-1.0,-0.1
3,NONE,-1.0,-0.1,-1.0,-0.1
3,NONE,-1.0,-0.1,-1.0,-0.1
3,NONE,-1.0,-0.1,-1.0,-0.1
3,NONE,-1.0,-0.1,-1.0,-0.1
3,NONE,-1.0,-0.1,-1.0,-0.1
3,NONE,-1.0,-0.1,-1.0,-0.1
3,NONE,-1.0,-0.1,-1.0,-0.1
3,NONE,-1.0,-0.1,-1.0,-0.1
3,NONE,-1.0,-0.1,-1.0,-0.1
3,NONE,-1.0,-0.1,-1.0,-0.1
3,NONE,-1.0,-0.1,-1.0,-0.1
3,NONE,-1.0,-0.1,-1.0,-0.1
3,NONE,-1.0,-0.1,-1.0,-0.1
3,NONE,-1.0,-0.1,-1.0,-0.1
3,NONE,-1.0,-0.1,-1.0,-0.1
3,NONE,-1.0,-0.1,-1.0,-0.1
3,NONE,-1.0,-0.1,-1.0,-0.1
2,EV_B13_C008_Mototaxi_Electrica_P01,-1.0,-0.1,8.0,8.008646445731095
1,EV_B13_C008_Mototaxi_Electrica_P01,6.0,84.80994028577192,-1.0,8.008646445731095
1,EV_B13_C008_Mototaxi_Electrica_P01,5.0,84.80994028577192,-1.0,8.008646445731095
1,EV_B13_C008_Mototaxi_Electrica_P01,4.0,84.80994028577192,-1.0,8.008646445731095
1,EV_B13_C008_Mototaxi_Electrica_P01,3.0,84.80994028577192,-1.0,8.008646445731095
1,EV_B13_C008_Mototaxi_Electrica_P01,2.0,84.80994028577192,-1.0,8.008646445731095
1,EV_B13_C008_Mototaxi_Electrica_P01,1.0,84.80994028577192,-1.0,8.008646445731095
1,EV_B13_C008_Mototaxi_Electrica_P01,0.0,84.80994028577192,-1.0,8.008646445731095
3,NONE,-1.0,-0.1,-1.0,-0.1
3,NONE,-1.0,-0.1,-1.0,-0.1
3,NONE,-1.0,-0.1,-1.0,-0.1
3,NONE,-1.0,-0.1,-1.0,-0.1
3,NONE,-1.0,-0.1,-1.0,-0.1
3,NONE,-1.0,-0.1,-1.0,-0.1
3,NONE,-1.0,-0.1,-1.0,-0.1
3,NONE,-1.0,-0.1,-1.0,-0.1
3,NONE,-1.0,-0.1,-1.0,-0.1
3,NONE,-1.0,-0.1,-1.0,-0.1
3,NONE,-1.0,-0.1,-1.0,-0.1
3,NONE,-1.0,-0.1,-1.0,-0.1
3,NONE,-1.0,-0.1,-1.0,-0.1
3,NONE,-1.0,-0.1,-1.0,-0.1
3,NONE,-1.0,-0.1,-1.0,-0.1
3,NONE,-1.0,-0.1,-1.0,-0.1
3,NONE,-1.0,-0.1,-1.0,-0.1
3,NONE,-1.0,-0.1,-1.0,-0.1
3,NONE,-1.0,-0.1,-1.0,-0.1
3,NONE,-1.0,-0.1,-1.0,-0.1
3,NONE,-1.0,-0.1,-1.0,-0.1
3,NONE,-1.0,-0.1,-1.0,-0.1
3,NONE,-1.0,-0.1,-1.0,-0.1
3,NONE,-1.0,-0.1,-1.0,-0.1
3,NONE,-1.0,-0.1,-1.0,-0.1
3,NONE,-1.0,-0.1,-1.0,-0.1
3,NONE,-1.0,-0.1,-1.0,-0.1
3,NONE,-1.0,-0.1,-1.0,-0.1
3,NONE,-1.0,-0.1,-1.0,-0.1
3,NONE,-1.0,-0.1,-1.0,-0.1
3,NONE,-1.0,-0.1,-1.0,-0.1
3,NONE,-1.0,-0.1,-1.0,-0.1
3,NONE,-1.0,-0.1,-1.0,-0.1
3,NONE,-1.0,-0.1,-1.0,-0.1
3,NONE,-1.0,-0.1,-1.0,-0.1
3,NONE,-1.0,-0.1,-1.0,-0.1
3,NONE,-1.0,-0.1,-1.0,-0.1
3,NONE,-1.0,-0.1,-1.0,-0.1
3,NONE,-1.0,-0.1,-1.0,-0.1
2,EV_B13_C008_Mototaxi_Electrica_P02,-1.0,-0.1,7.0,20.00653802878966
1,EV_B13_C008_Mototaxi_Electrica_P02,7.0,81.74274107231065,-1.0,20.00653802878966
1,EV_B13_C008_Mototaxi_Electrica_P02,6.0,81.74274107231065,-1.0,20.00653802878966
1,EV_B13_C008_Mototaxi_Electrica_P02,5.0,81.74274107231065,-1.0,20.00653802878966
1,EV_B13_C008_Mototaxi_Electrica_P02,4.0,81.74274107231065,-1.0,20.00653802878966
1,EV_B13_C008_Mototaxi_Electrica_P02,3.0,81.74274107231065,-1.0,20.00653802878966
1,EV_B13_C008_Mototaxi_Electrica_P02,2.0,81.74274107231065,-1.0,20.00653802878966
1,EV_B13_C008_Mototaxi_Electrica_P02,1.0,81.74274107231065,-1.0,20.00653802878966
1,EV_B13_C008_Mototaxi_Electrica_P02,0.0,81.74274107231065,-1.0,20.00653802878966
3,NONE,-1.0,-0.1,-1.0,-0.1
3,NONE,-1.0,-0.1,-1.0,-0.1
3,NONE,-1.0,-0.1,-1.0,-0.1
3,NONE,-1.0,-0.1,-1.0,-0.1
3,NONE,-1.0,-0.1,-1.0,-0.1
3,NONE,-1.0,-0.1,-1.0,-0.1
3,NONE,-1.0,-0.1,-1.0,-0.1
3,NONE,-1.0,-0.1,-1.0,-0.1
3,NONE,-1.0,-0.1,-1.0,-0.1
3,NONE,-1.0,-0.1,-1.0,-0.1
3,NONE,-1.0,-0.1,-1.0,-0.1
3,NONE,-1.0,-0.1,-1.0,-0.1
3,NONE,-1.0,-0.1,-1.0,-0.1
3,NONE,-1.0,-0.1,-1.0,-0.1
3,NONE,-1.0,-0.1,-1.0,-0.1
3,NONE,-1.0,-0.1,-1.0,-0.1
3,NONE,-1.0,-0.1,-1.0,-0.1
3,NONE,-1.0,-0.1,-1.0,-0.1
3,NONE,-1.0,-0.1,-1.0,-0.1
3,NONE,-1.0,-0.1,-1.0,-0.1
3,NONE,-1.0,-0.1,-1.0,-0.1
3,NONE,-1.0,-0.1,-1.0,-0.1
3,NONE,-1.0,-0.1,-1.0,-0.1
3,NONE,-1.0,-0.1,-1.0,-0.1
3,NONE,-1.0,-0.1,-1.0,-0.1
3,NONE,-1.0,-0.1,-1.0,-0.1
3,NONE,-1.0,-0.1,-1.0,-0.1
3,NONE,-1.0,-0.1,-1.0,-0.1
3,NONE,-1.0,-0.1,-1.0,-0.1
3,NONE,-1.0,-0.1,-1.0,-0.1
3,NONE,-1.0,-0.1,-1.0,-0.1
3,NONE,-1.0,-0.1,-1.0,-0.1
3,NONE,-1.0,-0.1,-1.0,-0.1
3,NONE,-1.0,-0.1,-1.0,-0.1
3,NONE,-1.0,-0.1,-1.0,-0.1
3,NONE,-1.0,-0.1,-1.0,-0.1
3,NONE,-1.0,-0.1,-1.0,-0.1
3,NONE,-1.0,-0.1,-1.0,-0.1
3,NONE,-1.0,-0.1,-1.0,-0.1
2,EV_B13_C008_Mototaxi_Electrica_P03,-1.0,-0.1,7.0,24.484593193485942
1,EV_B13_C008_Mototaxi_Electrica_P03,6.0,79.65254436724265,-1.0,24.484593193485942
1,EV_B13_C008_Mototaxi_Electrica_P03,5.0,79.65254436724265,-1.0,24.484593193485942
1,EV_B13_C008_Mototaxi_Electrica_P03,4.0,79.65254436724265,-1.0,24.484593193485942
1,EV_B13_C008_Mototaxi_Electrica_P03,3.0,79.65254436724265,-1.0,24.484593193485942
1,EV_B13_C008_Mototaxi_Electrica_P03,2.0,79.65254436724265,-1.0,24.484593193485942
1,EV_B13_C008_Mototaxi_Electrica_P03,1.0,79.65254436724265,-1.0,24.484593193485942
1,EV_B13_C008_Mototaxi_Electrica_P03,0.0,79.65254436724265,-1.0,24.484593193485942
3,NONE,-1.0,-0.1,-1.0,-0.1
3,NONE,-1.0,-0.1,-1.0,-0.1
3,NONE,-1.0,-0.1,-1.0,-0.1
3,NONE,-1.0,-0.1,-1.0,-0.1
3,NONE,-1.0,-0.1,-1.0,-0.1
3,NONE,-1.0,-0.1,-1.0,-0.1
3,NONE,-1.0,-0.1,-1.0,-0.1
3,NONE,-1.0,-0.1,-1.0,-0.1
3,NONE,-1.0,-0.1,-1.0,-0.1
3,NONE,-1.0,-0.1,-1.0,-0.1
3,NONE,-1.0,-0.1,-1.0,-0.1
3,NONE,-1.0,-0.1,-1.0,-0.1
3,NONE,-1.0,-0.1,-1.0,-0.1
3,NONE,-1.0,-0.1,-1.0,-0.1
3,NONE,-1.0,-0.1,-1.0,-0.1
3,NONE,-1.0,-0.1,-1.0,-0.1
3,NONE,-1.0,-0.1,-1.0,-0.1
3,NONE,-1.0,-0.1,-1.0,-0.1
3,NONE,-1.0,-0.1,-1.0,-0.1
3,NONE,-1.0,-0.1,-1.0,-0.1
3,NONE,-1.0,-0.1,-1.0,-0.1
3,NONE,-1.0,-0.1,-1.0,-0.1
3,NONE,-1.0,-0.1,-1.0,-0.1
3,NONE,-1.0,-0.1,-1.0,-0.1
3,NONE,-1.0,-0.1,-1.0,-0.1
3,NONE,-1.0,-0.1,-1.0,-0.1
3,NONE,-1.0,-0.1,-1.0,-0.1
3,NONE,-1.0,-0.1,-1.0,-0.1
3,NONE,-1.0,-0.1,-1.0,-0.1
3,NONE,-1.0,-0.1,-1.0,-0.1
3,NONE,-1.0,-0.1,-1.0,-0.1
3,NONE,-1.0,-0.1,-1.0,-0.1
3,NONE,-1.0,-0.1,-1.0,-0.1
3,NONE,-1.0,-0.1,-1.0,-0.1
3,NONE,-1.0,-0.1,-1.0,-0.1
3,NONE,-1.0,-0.1,-1.0,-0.1
3,NONE,-1.0,-0.1,-1.0,-0.1
3,NONE,-1.0,-0.1,-1.0,-0.1
3,NONE,-1.0,-0.1,-1.0,-0.1
3,NONE,-1.0,-0.1,-1.0,-0.1
3,NONE,-1.0,-0.1,-1.0,-0.1
3,NONE,-1.0,-0.1,-1.0,-0.1
3,NONE,-1.0,-0.1,-1.0,-0.1
3,NONE,-1.0,-0.1,-1.0,-0.1
3,NONE,-1.0,-0.1,-1.0,-0.1
3,NONE,-1.0,-0.1,-1.0,-0.1
3,NONE,-1.0,-0.1,-1.0,-0.1
3,NONE,-1.0,-0.1,-1.0,-0.1
3,NONE,-1.0,-0.1,-1.0,-0.1
3,NONE,-1.0,-0.1,-1.0,-0.1
3,NONE,-1.0,-0.1,-1.0,-0.1
3,NONE,-1.0,-0.1,-1.0,-0.1
3,NONE,-1.0,-0.1,-1.0,-0.1
3,NONE,-1.0,-0.1,-1.0,-0.1
3,NONE,-1.0,-0.1,-1.0,-0.1
3,NONE,-1.0,-0.1,-1.0,-0.1
3,NONE,-1.0,-0.1,-1.0,-0.1
3,NONE,-1.0,-0.1,-1.0,-0.1
3,NONE,-1.0,-0.1,-1.0,-0.1
3,NONE,-1.0,-0.1,-1.0,-0.1
3,NONE,-1.0,-0.1,-1.0,-0.1
3,NONE,-1.0,-0.1,-1.0,-0.1
3,NONE,-1.0,-0.1,-1.0,-0.1
3,NONE,-1.0,-0.1,-1.0,-0.1
3,NONE,-1.0,-0.1,-1.0,-0.1
2,EV_B13_C008_Mototaxi_Electrica_P04,-1.0,-0.1,8.0,5.807580082005039
1,EV_B13_C008_Mototaxi_Electrica_P04,6.0,75.639240093314,-1.0,5.807580082005039
1,EV_B13_C008_Mototaxi_Electrica_P04,5.0,75.639240093314,-1.0,5.807580082005039
1,EV_B13_C008_Mototaxi_Electrica_P04,4.0,75.639240093314,-1.0,5.807580082005039
1,EV_B13_C008_Mototaxi_Electrica_P04,3.0,75.639240093314,-1.0,5.807580082005039
1,EV_B13_C008_Mototaxi_Electrica_P04,2.0,75.639240093314,-1.0,5.807580082005039
1,EV_B13_C008_Mototaxi_Electrica_P04,1.0,75.639240093314,-1.0,5.807580082005039
1,EV_B13_C008_Mototaxi_Electrica_P04,0.0,75.639240093314,-1.0,5.807580082005039
3,NONE,-1.0,-0.1,-1.0,-0.1
3,NONE,-1.0,-0.1,-1.0,-0.1
3,NONE,-1.0,-0.1,-1.0,-0.1
3,NONE,-1.0,-0.1,-1.0,-0.1
3,NONE,-1.0,-0.1,-1.0,-0.1
3,NONE,-1.0,-0.1,-1.0,-0.1
3,NONE,-1.0,-0.1,-1.0,-0.1
3,NONE,-1.0,-0.1,-1.0,-0.1
3,NONE,-1.0,-0.1,-1.0,-0.1
3,NONE,-1.0,-0.1,-1.0,-0.1
3,NONE,-1.0,-0.1,-1.0,-0.1
3,NONE,-1.0,-0.1,-1.0,-0.1
3,NONE,-1.0,-0.1,-1.0,-0.1
3,NONE,-1.0,-0.1,-1.0,-0.1
3,NONE,-1.0,-0.1,-1.0,-0.1
3,NONE,-1.0,-0.1,-1.0,-0.1
3,NONE,-1.0,-0.1,-1.0,-0.1
3,NONE,-1.0,-0.1,-1.0,-0.1
3,NONE,-1.0,-0.1,-1.0,-0.1
3,NONE,-1.0,-0.1,-1.0,-0.1
3,NONE,-1.0,-0.1,-1.0,-0.1
3,NONE,-1.0,-0.1,-1.0,-0.1
3,NONE,-1.0,-0.1,-1.0,-0.1
3,NONE,-1.0,-0.1,-1.0,-0.1
3,NONE,-1.0,-0.1,-1.0,-0.1
3,NONE,-1.0,-0.1,-1.0,-0.1
3,NONE,-1.0,-0.1,-1.0,-0.1
3,NONE,-1.0,-0.1,-1.0,-0.1
3,NONE,-1.0,-0.1,-1.0,-0.1
3,NONE,-1.0,-0.1,-1.0,-0.1
3,NONE,-1.0,-0.1,-1.0,-0.1
3,NONE,-1.0,-0.1,-1.0,-0.1
3,NONE,-1.0,-0.1,-1.0,-0.1
3,NONE,-1.0,-0.1,-1.0,-0.1
3,NONE,-1.0,-0.1,-1.0,-0.1
3,NONE,-1.0,-0.1,-1.0,-0.1
3,NONE,-1.0,-0.1,-1.0,-0.1
3,NONE,-1.0,-0.1,-1.0,-0.1
3,NONE,-1.0,-0.1,-1.0,-0.1
2,EV_B13_C008_Mototaxi_Electrica_P05,-1.0,-0.1,7.0,45.378920026498776
1,EV_B13_C008_Mototaxi_Electrica_P05,7.0,79.24737491693018,-1.0,45.378920026498776
1,EV_B13_C008_Mototaxi_Electrica_P05,6.0,79.24737491693018,-1.0,45.378920026498776
1,EV_B13_C008_Mototaxi_Electrica_P05,5.0,79.24737491693018,-1.0,45.378920026498776
1,EV_B13_C008_Mototaxi_Electrica_P05,4.0,79.24737491693018,-1.0,45.378920026498776
1,EV_B13_C008_Mototaxi_Electrica_P05,3.0,79.24737491693018,-1.0,45.378920026498776
1,EV_B13_C008_Mototaxi_Electrica_P05,2.0,79.24737491693018,-1.0,45.378920026498776
1,EV_B13_C008_Mototaxi_Electrica_P05,1.0,79.24737491693018,-1.0,45.378920026498776
1,EV_B13_C008_Mototaxi_Electrica_P05,0.0,79.24737491693018,-1.0,45.378920026498776
3,NONE,-1.0,-0.1,-1.0,-0.1
3,NONE,-1.0,-0.1,-1.0,-0.1
3,NONE,-1.0,-0.1,-1.0,-0.1
3,NONE,-1.0,-0.1,-1.0,-0.1
3,NONE,-1.0,-0.1,-1.0,-0.1
3,NONE,-1.0,-0.1,-1.0,-0.1
3,NONE,-1.0,-0.1,-1.0,-0.1
3,NONE,-1.0,-0.1,-1.0,-0.1
3,NONE,-1.0,-0.1,-1.0,-0.1
3,NONE,-1.0,-0.1,-1.0,-0.1
3,NONE,-1.0,-0.1,-1.0,-0.1
3,NONE,-1.0,-0.1,-1.0,-0.1
3,NONE,-1.0,-0.1,-1.0,-0.1
3,NONE,-1.0,-0.1,-1.0,-0.1
3,NONE,-1.0,-0.1,-1.0,-0.1
3,NONE,-1.0,-0.1,-1.0,-0.1
3,NONE,-1.0,-0.1,-1.0,-0.1
2,EV_B13_C008_Mototaxi_Electrica_P06,-1.0,-0.1,9.0,41.733719987742006
1,EV_B13_C008_Mototaxi_Electrica_P06,5.0,76.63344936269526,-1.0,41.733719987742006
1,EV_B13_C008_Mototaxi_Electrica_P06,4.0,76.63344936269526,-1.0,41.733719987742006
1,EV_B13_C008_Mototaxi_Electrica_P06,3.0,76.63344936269526,-1.0,41.733719987742006
1,EV_B13_C008_Mototaxi_Electrica_P06,2.0,76.63344936269526,-1.0,41.733719987742006
1,EV_B13_C008_Mototaxi_Electrica_P06,1.0,76.63344936269526,-1.0,41.733719987742006
1,EV_B13_C008_Mototaxi_Electrica_P06,0.0,76.63344936269526,-1.0,41.733719987742006
3,NONE,-1.0,-0.1,-1.0,-0.1
3,NONE,-1.0,-0.1,-1.0,-0.1
3,NONE,-1.0,-0.1,-1.0,-0.1
3,NONE,-1.0,-0.1,-1.0,-0.1
3,NONE,-1.0,-0.1,-1.0,-0.1
3,NONE,-1.0,-0.1,-1.0,-0.1
3,NONE,-1.0,-0.1,-1.0,-0.1
3,NONE,-1.0,-0.1,-1.0,-0.1
3,NONE,-1.0,-0.1,-1.0,-0.1
3,NONE,-1.0,-0.1,-1.0,-0.1
3,NONE,-1.0,-0.1,-1.0,-0.1
3,NONE,-1.0,-0.1,-1.0,-0.1
3,NONE,-1.0,-0.1,-1.0,-0.1
3,NONE,-1.0,-0.1,-1.0,-0.1
3,NONE,-1.0,-0.1,-1.0,-0.1
3,NONE,-1.0,-0.1,-1.0,-0.1
3,NONE,-1.0,-0.1,-1.0,-0.1
2,EV_B13_C008_Mototaxi_Electrica_P07,-1.0,-0.1,9.0,45.45654540942448
1,EV_B13_C008_Mototaxi_Electrica_P07,5.0,84.52661813111156,-1.0,45.45654540942448
1,EV_B13_C008_Mototaxi_Electrica_P07,4.0,84.52661813111156,-1.0,45.45654540942448
1,EV_B13_C008_Mototaxi_Electrica_P07,3.0,84.52661813111156,-1.0,45.45654540942448
1,EV_B13_C008_Mototaxi_Electrica_P07,2.0,84.52661813111156,-1.0,45.45654540942448
1,EV_B13_C008_Mototaxi_Electrica_P07,1.0,84.52661813111156,-1.0,45.45654540942448
1,EV_B13_C008_Mototaxi_Electrica_P07,0.0,84.52661813111156,-1.0,45.45654540942448
3,NONE,-1.0,-0.1,-1.0,-0.1
3,NONE,-1.0,-0.1,-1.0,-0.1
3,NONE,-1.0,-0.1,-1.0,-0.1
3,NONE,-1.0,-0.1,-1.0,-0.1
3,NONE,-1.0,-0.1,-1.0,-0.1
3,NONE,-1.0,-0.1,-1.0,-0.1
3,NONE,-1.0,-0.1,-1.0,-0.1
3,NONE,-1.0,-0.1,-1.0,-0.1
3,NONE,-1.0,-0.1,-1.0,-0.1
3,NONE,-1.0,-0.1,-1.0,-0.1
3,NONE,-1.0,-0.1,-1.0,-0.1
3,NONE,-1.0,-0.1,-1.0,-0.1
3,NONE,-1.0,-0.1,-1.0,-0.1
3,NONE,-1.0,-0.1,-1.0,-0.1
3,NONE,-1.0,-0.1,-1.0,-0.1
3,NONE,-1.0,-0.1,-1.0,-0.1
3,NONE,-1.0,-0.1,-1.0,-0.1
3,NONE,-1.0,-0.1,-1.0,-0.1
3,NONE,-1.0,-0.1,-1.0,-0.1
3,NONE,-1.0,-0.1,-1.0,-0.1
3,NONE,-1.0,-0.1,-1.0,-0.1
3,NONE,-1.0,-0.1,-1.0,-0.1
3,NONE,-1.0,-0.1,-1.0,-0.1
3,NONE,-1.0,-0.1,-1.0,-0.1
3,NONE,-1.0,-0.1,-1.0,-0.1
3,NONE,-1.0,-0.1,-1.0,-0.1
3,NONE,-1.0,-0.1,-1.0,-0.1
3,NONE,-1.0,-0.1,-1.0,-0.1
3,NONE,-1.0,-0.1,-1.0,-0.1
3,NONE,-1.0,-0.1,-1.0,-0.1
3,NONE,-1.0,-0.1,-1.0,-0.1
3,NONE,-1.0,-0.1,-1.0,-0.1
3,NONE,-1.0,-0.1,-1.0,-0.1
3,NONE,-1.0,-0.1,-1.0,-0.1
3,NONE,-1.0,-0.1,-1.0,-0.1
3,NONE,-1.0,-0.1,-1.0,-0.1
3,NONE,-1.0,-0.1,-1.0,-0.1
3,NONE,-1.0,-0.1,-1.0,-0.1
3,NONE,-1.0,-0.1,-1.0,-0.1
3,NONE,-1.0,-0.1,-1.0,-0.1
3,NONE,-1.0,-0.1,-1.0,-0.1
3,NONE,-1.0,-0.1,-1.0,-0.1
3,NONE,-1.0,-0.1,-1.0,-0.1
3,NONE,-1.0,-0.1,-1.0,-0.1
3,NONE,-1.0,-0.1,-1.0,-0.1
3,NONE,-1.0,-0.1,-1.0,-0.1
3,NONE,-1.0,-0.1,-1.0,-0.1
3,NONE,-1.0,-0.1,-1.0,-0.1
3,NONE,-1.0,-0.1,-1.0,-0.1
3,NONE,-1.0,-0.1,-1.0,-0.1
3,NONE,-1.0,-0.1,-1.0,-0.1
3,NONE,-1.0,-0.1,-1.0,-0.1
3,NONE,-1.0,-0.1,-1.0,-0.1
3,NONE,-1.0,-0.1,-1.0,-0.1
3,NONE,-1.0,-0.1,-1.0,-0.1
3,NONE,-1.0,-0.1,-1.0,-0.1
3,NONE,-1.0,-0.1,-1.0,-0.1
3,NONE,-1.0,-0.1,-1.0,-0.1
3,NONE,-1.0,-0.1,-1.0,-0.1
3,NONE,-1.0,-0.1,-1.0,-0.1
3,NONE,-1.0,-0.1,-1.0,-0.1
3,NONE,-1.0,-0.1,-1.0,-0.1
3,NONE,-1.0,-0.1,-1.0,-0.1
3,NONE,-1.0,-0.1,-1.0,-0.1
3,NONE,-1.0,-0.1,-1.0,-0.1
2,EV_B13_C008_Mototaxi_Electrica_P08,-1.0,-0.1,9.0,16.87858698149004
1,EV_B13_C008_Mototaxi_Electrica_P08,5.0,82.91667434457885,-1.0,16.87858698149004
1,EV_B13_C008_Mototaxi_Electrica_P08,4.0,82.91667434457885,-1.0,16.87858698149004
1,EV_B13_C008_Mototaxi_Electrica_P08,3.0,82.91667434457885,-1.0,16.87858698149004
1,EV_B13_C008_Mototaxi_Electrica_P08,2.0,82.91667434457885,-1.0,16.87858698149004
1,EV_B13_C008_Mototaxi_Electrica_P08,1.0,82.91667434457885,-1.0,16.87858698149004
1,EV_B13_C008_Mototaxi_Electrica_P08,0.0,82.91667434457885,-1.0,16.87858698149004
3,NONE,-1.0,-0.1,-1.0,-0.1
3,NONE,-1.0,-0.1,-1.0,-0.1
3,NONE,-1.0,-0.1,-1.0,-0.1
3,NONE,-1.0,-0.1,-1.0,-0.1
3,NONE,-1.0,-0.1,-1.0,-0.1
3,NONE,-1.0,-0.1,-1.0,-0.1
3,NONE,-1.0,-0.1,-1.0,-0.1
3,NONE,-1.0,-0.1,-1.0,-0.1
3,NONE,-1.0,-0.1,-1.0,-0.1
3,NONE,-1.0,-0.1,-1.0,-0.1
3,NONE,-1.0,-0.1,-1.0,-0.1
3,NONE,-1.0,-0.1,-1.0,-0.1
3,NONE,-1.0,-0.1,-1.0,-0.1
3,NONE,-1.0,-0.1,-1.0,-0.1
3,NONE,-1.0,-0.1,-1.0,-0.1
3,NONE,-1.0,-0.1,-1.0,-0.1
3,NONE,-1.0,-0.1,-1.0,-0.1
3,NONE,-1.0,-0.1,-1.0,-0.1
3,NONE,-1.0,-0.1,-1.0,-0.1
3,NONE,-1.0,-0.1,-1.0,-0.1
3,NONE,-1.0,-0.1,-1.0,-0.1
3,NONE,-1.0,-0.1,-1.0,-0.1
3,NONE,-1.0,-0.1,-1.0,-0.1
3,NONE,-1.0,-0.1,-1.0,-0.1
3,NONE,-1.0,-0.1,-1.0,-0.1
3,NONE,-1.0,-0.1,-1.0,-0.1
3,NONE,-1.0,-0.1,-1.0,-0.1
3,NONE,-1.0,-0.1,-1.0,-0.1
3,NONE,-1.0,-0.1,-1.0,-0.1
3,NONE,-1.0,-0.1,-1.0,-0.1
3,NONE,-1.0,-0.1,-1.0,-0.1
3,NONE,-1.0,-0.1,-1.0,-0.1
3,NONE,-1.0,-0.1,-1.0,-0.1
3,NONE,-1.0,-0.1,-1.0,-0.1
3,NONE,-1.0,-0.1,-1.0,-0.1
3,NONE,-1.0,-0.1,-1.0,-0.1
3,NONE,-1.0,-0.1,-1.0,-0.1
3,NONE,-1.0,-0.1,-1.0,-0.1
3,NONE,-1.0,-0.1,-1.0,-0.1
3,NONE,-1.0,-0.1,-1.0,-0.1
3,NONE,-1.0,-0.1,-1.0,-0.1
3,NONE,-1.0,-0.1,-1.0,-0.1
3,NONE,-1.0,-0.1,-1.0,-0.1
3,NONE,-1.0,-0.1,-1.0,-0.1
3,NONE,-1.0,-0.1,-1.0,-0.1
3,NONE,-1.0,-0.1,-1.0,-0.1
3,NONE,-1.0,-0.1,-1.0,-0.1
3,NONE,-1.0,-0.1,-1.0,-0.1
3,NONE,-1.0,-0.1,-1.0,-0.1
3,NONE,-1.0,-0.1,-1.0,-0.1
3,NONE,-1.0,-0.1,-1.0,-0.1
3,NONE,-1.0,-0.1,-1.0,-0.1
3,NONE,-1.0,-0.1,-1.0,-0.1
3,NONE,-1.0,-0.1,-1.0,-0.1
3,NONE,-1.0,-0.1,-1.0,-0.1
3,NONE,-1.0,-0.1,-1.0,-0.1
3,NONE,-1.0,-0.1,-1.0,-0.1
3,NONE,-1.0,-0.1,-1.0,-0.1
3,NONE,-1.0,-0.1,-1.0,-0.1
3,NONE,-1.0,-0.1,-1.0,-0.1
3,NONE,-1.0,-0.1,-1.0,-0.1
3,NONE,-1.0,-0.1,-1.0,-0.1
3,NONE,-1.0,-0.1,-1.0,-0.1
3,NONE,-1.0,-0.1,-1.0,-0.1
3,NONE,-1.0,-0.1,-1.0,-0.1
3,NONE,-1.0,-0.1,-1.0,-0.1
3,NONE,-1.0,-0.1,-1.0,-0.1
3,NONE,-1.0,-0.1,-1.0,-0.1
3,NONE,-1.0,-0.1,-1.0,-0.1
3,NONE,-1.0,-0.1,-1.0,-0.1
3,NONE,-1.0,-0.1,-1.0,-0.1
3,NONE,-1.0,-0.1,-1.0,-0.1
3,NONE,-1.0,-0.1,-1.0,-0.1
3,NONE,-1.0,-0.1,-1.0,-0.1
3,NONE,-1.0,-0.1,-1.0,-0.1
3,NONE,-1.0,-0.1,-1.0,-0.1
3,NONE,-1.0,-0.1,-1.0,-0.1
3,NONE,-1.0,-0.1,-1.0,-0.1
3,NONE,-1.0,-0.1,-1.0,-0.1
3,NONE,-1.0,-0.1,-1.0,-0.1
3,NONE,-1.0,-0.1,-1.0,-0.1
3,NONE,-1.0,-0.1,-1.0,-0.1
3,NONE,-1.0,-0.1,-1.0,-0.1
3,NONE,-1.0,-0.1,-1.0,-0.1
3,NONE,-1.0,-0.1,-1.0,-0.1
3,NONE,-1.0,-0.1,-1.0,-0.1
3,NONE,-1.0,-0.1,-1.0,-0.1
3,NONE,-1.0,-0.1,-1.0,-0.1
3,NONE,-1.0,-0.1,-1.0,-0.1
2,EV_B13_C008_Mototaxi_Electrica_P09,-1.0,-0.1,9.0,34.86609491114037
1,EV_B13_C008_Mototaxi_Electrica_P09,5.0,76.22426101191603,-1.0,34.86609491114037
1,EV_B13_C008_Mototaxi_Electrica_P09,4.0,76.22426101191603,-1.0,34.86609491114037
1,EV_B13_C008_Mototaxi_Electrica_P09,3.0,76.22426101191603,-1.0,34.86609491114037
1,EV_B13_C008_Mototaxi_Electrica_P09,2.0,76.22426101191603,-1.0,34.86609491114037
1,EV_B13_C008_Mototaxi_Electrica_P09,1.0,76.22426101191603,-1.0,34.86609491114037
1,EV_B13_C008_Mototaxi_Electrica_P09,0.0,76.22426101191603,-1.0,34.86609491114037
3,NONE,-1.0,-0.1,-1.0,-0.1
3,NONE,-1.0,-0.1,-1.0,-0.1
3,NONE,-1.0,-0.1,-1.0,-0.1
3,NONE,-1.0,-0.1,-1.0,-0.1
3,NONE,-1.0,-0.1,-1.0,-0.1
3,NONE,-1.0,-0.1,-1.0,-0.1
3,NONE,-1.0,-0.1,-1.0,-0.1
3,NONE,-1.0,-0.1,-1.0,-0.1
3,NONE,-1.0,-0.1,-1.0,-0.1
3,NONE,-1.0,-0.1,-1.0,-0.1
3,NONE,-1.0,-0.1,-1.0,-0.1
3,NONE,-1.0,-0.1,-1.0,-0.1
3,NONE,-1.0,-0.1,-1.0,-0.1
3,NONE,-1.0,-0.1,-1.0,-0.1
3,NONE,-1.0,-0.1,-1.0,-0.1
3,NONE,-1.0,-0.1,-1.0,-0.1
3,NONE,-1.0,-0.1,-1.0,-0.1
3,NONE,-1.0,-0.1,-1.0,-0.1
3,NONE,-1.0,-0.1,-1.0,-0.1
3,NONE,-1.0,-0.1,-1.0,-0.1
3,NONE,-1.0,-0.1,-1.0,-0.1
3,NONE,-1.0,-0.1,-1.0,-0.1
3,NONE,-1.0,-0.1,-1.0,-0.1
3,NONE,-1.0,-0.1,-1.0,-0.1
3,NONE,-1.0,-0.1,-1.0,-0.1
3,NONE,-1.0,-0.1,-1.0,-0.1
3,NONE,-1.0,-0.1,-1.0,-0.1
3,NONE,-1.0,-0.1,-1.0,-0.1
3,NONE,-1.0,-0.1,-1.0,-0.1
3,NONE,-1.0,-0.1,-1.0,-0.1
3,NONE,-1.0,-0.1,-1.0,-0.1
3,NONE,-1.0,-0.1,-1.0,-0.1
3,NONE,-1.0,-0.1,-1.0,-0.1
3,NONE,-1.0,-0.1,-1.0,-0.1
3,NONE,-1.0,-0.1,-1.0,-0.1
3,NONE,-1.0,-0.1,-1.0,-0.1
3,NONE,-1.0,-0.1,-1.0,-0.1
3,NONE,-1.0,-0.1,-1.0,-0.1
3,NONE,-1.0,-0.1,-1.0,-0.1
3,NONE,-1.0,-0.1,-1.0,-0.1
3,NONE,-1.0,-0.1,-1.0,-0.1
3,NONE,-1.0,-0.1,-1.0,-0.1
3,NONE,-1.0,-0.1,-1.0,-0.1
3,NONE,-1.0,-0.1,-1.0,-0.1
3,NONE,-1.0,-0.1,-1.0,-0.1
3,NONE,-1.0,-0.1,-1.0,-0.1
3,NONE,-1.0,-0.1,-1.0,-0.1
3,NONE,-1.0,-0.1,-1.0,-0.1
3,NONE,-1.0,-0.1,-1.0,-0.1
3,NONE,-1.0,-0.1,-1.0,-0.1
3,NONE,-1.0,-0.1,-1.0,-0.1
3,NONE,-1.0,-0.1,-1.0,-0.1
3,NONE,-1.0,-0.1,-1.0,-0.1
3,NONE,-1.0,-0.1,-1.0,-0.1
3,NONE,-1.0,-0.1,-1.0,-0.1
3,NONE,-1.0,-0.1,-1.0,-0.1
3,NONE,-1.0,-0.1,-1.0,-0.1
3,NONE,-1.0,-0.1,-1.0,-0.1
3,NONE,-1.0,-0.1,-1.0,-0.1
3,NONE,-1.0,-0.1,-1.0,-0.1
3,NONE,-1.0,-0.1,-1.0,-0.1
3,NONE,-1.0,-0.1,-1.0,-0.1
3,NONE,-1.0,-0.1,-1.0,-0.1
3,NONE,-1.0,-0.1,-1.0,-0.1
2,EV_B13_C008_Mototaxi_Electrica_P10,-1.0,-0.1,8.0,37.64962563248705
1,EV_B13_C008_Mototaxi_Electrica_P10,6.0,93.40303105607653,-1.0,37.64962563248705
1,EV_B13_C008_Mototaxi_Electrica_P10,5.0,93.40303105607653,-1.0,37.64962563248705
1,EV_B13_C008_Mototaxi_Electrica_P10,4.0,93.40303105607653,-1.0,37.64962563248705
1,EV_B13_C008_Mototaxi_Electrica_P10,3.0,93.40303105607653,-1.0,37.64962563248705
1,EV_B13_C008_Mototaxi_Electrica_P10,2.0,93.40303105607653,-1.0,37.64962563248705
1,EV_B13_C008_Mototaxi_Electrica_P10,1.0,93.40303105607653,-1.0,37.64962563248705
1,EV_B13_C008_Mototaxi_Electrica_P10,0.0,93.40303105607653,-1.0,37.64962563248705
3,NONE,-1.0,-0.1,-1.0,-0.1
3,NONE,-1.0,-0.1,-1.0,-0.1
3,NONE,-1.0,-0.1,-1.0,-0.1
3,NONE,-1.0,-0.1,-1.0,-0.1
3,NONE,-1.0,-0.1,-1.0,-0.1
3,NONE,-1.0,-0.1,-1.0,-0.1
3,NONE,-1.0,-0.1,-1.0,-0.1
3,NONE,-1.0,-0.1,-1.0,-0.1
3,NONE,-1.0,-0.1,-1.0,-0.1
3,NONE,-1.0,-0.1,-1.0,-0.1
3,NONE,-1.0,-0.1,-1.0,-0.1
3,NONE,-1.0,-0.1,-1.0,-0.1
3,NONE,-1.0,-0.1,-1.0,-0.1
3,NONE,-1.0,-0.1,-1.0,-0.1
3,NONE,-1.0,-0.1,-1.0,-0.1
3,NONE,-1.0,-0.1,-1.0,-0.1
3,NONE,-1.0,-0.1,-1.0,-0.1
3,NONE,-1.0,-0.1,-1.0,-0.1
3,NONE,-1.0,-0.1,-1.0,-0.1
3,NONE,-1.0,-0.1,-1.0,-0.1
3,NONE,-1.0,-0.1,-1.0,-0.1
3,NONE,-1.0,-0.1,-1.0,-0.1
3,NONE,-1.0,-0.1,-1.0,-0.1
3,NONE,-1.0,-0.1,-1.0,-0.1
3,NONE,-1.0,-0.1,-1.0,-0.1
3,NONE,-1.0,-0.1,-1.0,-0.1
3,NONE,-1.0,-0.1,-1.0,-0.1
3,NONE,-1.0,-0.1,-1.0,-0.1
3,NONE,-1.0,-0.1,-1.0,-0.1
3,NONE,-1.0,-0.1,-1.0,-0.1
3,NONE,-1.0,-0.1,-1.0,-0.1
3,NONE,-1.0,-0.1,-1.0,-0.1
3,NONE,-1.0,-0.1,-1.0,-0.1
3,NONE,-1.0,-0.1,-1.0,-0.1
3,NONE,-1.0,-0.1,-1.0,-0.1
3,NONE,-1.0,-0.1,-1.0,-0.1
3,NONE,-1.0,-0.1,-1.0,-0.1
3,NONE,-1.0,-0.1,-1.0,-0.1
3,NONE,-1.0,-0.1,-1.0,-0.1
3,NONE,-1.0,-0.1,-1.0,-0.1
3,NONE,-1.0,-0.1,-1.0,-0.1
3,NONE,-1.0,-0.1,-1.0,-0.1
3,NONE,-1.0,-0.1,-1.0,-0.1
3,NONE,-1.0,-0.1,-1.0,-0.1
3,NONE,-1.0,-0.1,-1.0,-0.1
3,NONE,-1.0,-0.1,-1.0,-0.1
3,NONE,-1.0,-0.1,-1.0,-0.1
3,NONE,-1.0,-0.1,-1.0,-0.1
3,NONE,-1.0,-0.1,-1.0,-0.1
3,NONE,-1.0,-0.1,-1.0,-0.1
3,NONE,-1.0,-0.1,-1.0,-0.1
3,NONE,-1.0,-0.1,-1.0,-0.1
3,NONE,-1.0,-0.1,-1.0,-0.1
3,NONE,-1.0,-0.1,-1.0,-0.1
3,NONE,-1.0,-0.1,-1.0,-0.1
3,NONE,-1.0,-0.1,-1.0,-0.1
3,NONE,-1.0,-0.1,-1.0,-0.1
3,NONE,-1.0,-0.1,-1.0,-0.1
3,NONE,-1.0,-0.1,-1.0,-0.1
3,NONE,-1.0,-0.1,-1.0,-0.1
3,NONE,-1.0,-0.1,-1.0,-0.1
3,NONE,-1.0,-0.1,-1.0,-0.1
3,NONE,-1.0,-0.1,-1.0,-0.1
2,EV_B13_C008_Mototaxi_Electrica_P01,-1.0,-0.1,7.0,40.918682815182734
1,EV_B13_C008_Mototaxi_Electrica_P01,7.0,77.85715616172034,-1.0,40.918682815182734
1,EV_B13_C008_Mototaxi_Electrica_P01,6.0,77.85715616172034,-1.0,40.918682815182734
1,EV_B13_C008_Mototaxi_Electrica_P01,5.0,77.85715616172034,-1.0,40.918682815182734
1,EV_B13_C008_Mototaxi_Electrica_P01,4.0,77.85715616172034,-1.0,40.918682815182734
1,EV_B13_C008_Mototaxi_Electrica_P01,3.0,77.85715616172034,-1.0,40.918682815182734
1,EV_B13_C008_Mototaxi_Electrica_P01,2.0,77.85715616172034,-1.0,40.918682815182734
1,EV_B13_C008_Mototaxi_Electrica_P01,1.0,77.85715616172034,-1.0,40.918682815182734
1,EV_B13_C008_Mototaxi_Electrica_P01,0.0,77.85715616172034,-1.0,40.918682815182734
3,NONE,-1.0,-0.1,-1.0,-0.1
3,NONE,-1.0,-0.1,-1.0,-0.1
3,NONE,-1.0,-0.1,-1.0,-0.1
3,NONE,-1.0,-0.1,-1.0,-0.1
3,NONE,-1.0,-0.1,-1.0,-0.1
3,NONE,-1.0,-0.1,-1.0,-0.1
3,NONE,-1.0,-0.1,-1.0,-0.1
3,NONE,-1.0,-0.1,-1.0,-0.1
3,NONE,-1.0,-0.1,-1.0,-0.1
3,NONE,-1.0,-0.1,-1.0,-0.1
3,NONE,-1.0,-0.1,-1.0,-0.1
3,NONE,-1.0,-0.1,-1.0,-0.1
3,NONE,-1.0,-0.1,-1.0,-0.1
3,NONE,-1.0,-0.1,-1.0,-0.1
3,NONE,-1.0,-0.1,-1.0,-0.1
3,NONE,-1.0,-0.1,-1.0,-0.1
3,NONE,-1.0,-0.1,-1.0,-0.1
3,NONE,-1.0,-0.1,-1.0,-0.1
3,NONE,-1.0,-0.1,-1.0,-0.1
3,NONE,-1.0,-0.1,-1.0,-0.1
3,NONE,-1.0,-0.1,-1.0,-0.1
3,NONE,-1.0,-0.1,-1.0,-0.1
3,NONE,-1.0,-0.1,-1.0,-0.1
3,NONE,-1.0,-0.1,-1.0,-0.1
3,NONE,-1.0,-0.1,-1.0,-0.1
3,NONE,-1.0,-0.1,-1.0,-0.1
3,NONE,-1.0,-0.1,-1.0,-0.1
3,NONE,-1.0,-0.1,-1.0,-0.1
3,NONE,-1.0,-0.1,-1.0,-0.1
3,NONE,-1.0,-0.1,-1.0,-0.1
3,NONE,-1.0,-0.1,-1.0,-0.1
3,NONE,-1.0,-0.1,-1.0,-0.1
3,NONE,-1.0,-0.1,-1.0,-0.1
3,NONE,-1.0,-0.1,-1.0,-0.1
3,NONE,-1.0,-0.1,-1.0,-0.1
3,NONE,-1.0,-0.1,-1.0,-0.1
3,NONE,-1.0,-0.1,-1.0,-0.1
3,NONE,-1.0,-0.1,-1.0,-0.1
3,NONE,-1.0,-0.1,-1.0,-0.1
3,NONE,-1.0,-0.1,-1.0,-0.1
3,NONE,-1.0,-0.1,-1.0,-0.1
3,NONE,-1.0,-0.1,-1.0,-0.1
3,NONE,-1.0,-0.1,-1.0,-0.1
3,NONE,-1.0,-0.1,-1.0,-0.1
3,NONE,-1.0,-0.1,-1.0,-0.1
3,NONE,-1.0,-0.1,-1.0,-0.1
3,NONE,-1.0,-0.1,-1.0,-0.1
3,NONE,-1.0,-0.1,-1.0,-0.1
3,NONE,-1.0,-0.1,-1.0,-0.1
3,NONE,-1.0,-0.1,-1.0,-0.1
3,NONE,-1.0,-0.1,-1.0,-0.1
3,NONE,-1.0,-0.1,-1.0,-0.1
3,NONE,-1.0,-0.1,-1.0,-0.1
3,NONE,-1.0,-0.1,-1.0,-0.1
3,NONE,-1.0,-0.1,-1.0,-0.1
3,NONE,-1.0,-0.1,-1.0,-0.1
3,NONE,-1.0,-0.1,-1.0,-0.1
3,NONE,-1.0,-0.1,-1.0,-0.1
3,NONE,-1.0,-0.1,-1.0,-0.1
3,NONE,-1.0,-0.1,-1.0,-0.1
3,NONE,-1.0,-0.1,-1.0,-0.1
3,NONE,-1.0,-0.1,-1.0,-0.1
3,NONE,-1.0,-0.1,-1.0,-0.1
3,NONE,-1.0,-0.1,-1.0,-0.1
3,NONE,-1.0,-0.1,-1.0,-0.1
3,NONE,-1.0,-0.1,-1.0,-0.1
3,NONE,-1.0,-0.1,-1.0,-0.1
3,NONE,-1.0,-0.1,-1.0,-0.1
3,NONE,-1.0,-0.1,-1.0,-0.1
3,NONE,-1.0,-0.1,-1.0,-0.1
3,NONE,-1.0,-0.1,-1.0,-0.1
3,NONE,-1.0,-0.1,-1.0,-0.1
3,NONE,-1.0,-0.1,-1.0,-0.1
3,NONE,-1.0,-0.1,-1.0,-0.1
3,NONE,-1.0,-0.1,-1.0,-0.1
3,NONE,-1.0,-0.1,-1.0,-0.1
3,NONE,-1.0,-0.1,-1.0,-0.1
3,NONE,-1.0,-0.1,-1.0,-0.1
3,NONE,-1.0,-0.1,-1.0,-0.1
3,NONE,-1.0,-0.1,-1.0,-0.1
3,NONE,-1.0,-0.1,-1.0,-0.1
3,NONE,-1.0,-0.1,-1.0,-0.1
3,NONE,-1.0,-0.1,-1.0,-0.1
3,NONE,-1.0,-0.1,-1.0,-0.1
3,NONE,-1.0,-0.1,-1.0,-0.1
3,NONE,-1.0,-0.1,-1.0,-0.1
3,NONE,-1.0,-0.1,-1.0,-0.1
3,NONE,-1.0,-0.1,-1.0,-0.1
3,NONE,-1.0,-0.1,-1.0,-0.1
2,EV_B13_C008_Mototaxi_Electrica_P02,-1.0,-0.1,9.0,37.270058396926096
1,EV_B13_C008_Mototaxi_Electrica_P02,5.0,78.22845784133986,-1.0,37.270058396926096
1,EV_B13_C008_Mototaxi_Electrica_P02,4.0,78.22845784133986,-1.0,37.270058396926096
1,EV_B13_C008_Mototaxi_Electrica_P02,3.0,78.22845784133986,-1.0,37.270058396926096
1,EV_B13_C008_Mototaxi_Electrica_P02,2.0,78.22845784133986,-1.0,37.270058396926096
1,EV_B13_C008_Mototaxi_Electrica_P02,1.0,78.22845784133986,-1.0,37.270058396926096
1,EV_B13_C008_Mototaxi_Electrica_P02,0.0,78.22845784133986,-1.0,37.270058396926096
3,NONE,-1.0,-0.1,-1.0,-0.1
3,NONE,-1.0,-0.1,-1.0,-0.1
3,NONE,-1.0,-0.1,-1.0,-0.1
3,NONE,-1.0,-0.1,-1.0,-0.1
3,NONE,-1.0,-0.1,-1.0,-0.1
3,NONE,-1.0,-0.1,-1.0,-0.1
3,NONE,-1.0,-0.1,-1.0,-0.1
3,NONE,-1.0,-0.1,-1.0,-0.1
3,NONE,-1.0,-0.1,-1.0,-0.1
3,NONE,-1.0,-0.1,-1.0,-0.1
3,NONE,-1.0,-0.1,-1.0,-0.1
3,NONE,-1.0,-0.1,-1.0,-0.1
3,NONE,-1.0,-0.1,-1.0,-0.1
3,NONE,-1.0,-0.1,-1.0,-0.1
3,NONE,-1.0,-0.1,-1.0,-0.1
3,NONE,-1.0,-0.1,-1.0,-0.1
3,NONE,-1.0,-0.1,-1.0,-0.1
3,NONE,-1.0,-0.1,-1.0,-0.1
3,NONE,-1.0,-0.1,-1.0,-0.1
3,NONE,-1.0,-0.1,-1.0,-0.1
3,NONE,-1.0,-0.1,-1.0,-0.1
3,NONE,-1.0,-0.1,-1.0,-0.1
3,NONE,-1.0,-0.1,-1.0,-0.1
3,NONE,-1.0,-0.1,-1.0,-0.1
3,NONE,-1.0,-0.1,-1.0,-0.1
3,NONE,-1.0,-0.1,-1.0,-0.1
3,NONE,-1.0,-0.1,-1.0,-0.1
3,NONE,-1.0,-0.1,-1.0,-0.1
3,NONE,-1.0,-0.1,-1.0,-0.1
3,NONE,-1.0,-0.1,-1.0,-0.1
3,NONE,-1.0,-0.1,-1.0,-0.1
3,NONE,-1.0,-0.1,-1.0,-0.1
3,NONE,-1.0,-0.1,-1.0,-0.1
3,NONE,-1.0,-0.1,-1.0,-0.1
3,NONE,-1.0,-0.1,-1.0,-0.1
3,NONE,-1.0,-0.1,-1.0,-0.1
3,NONE,-1.0,-0.1,-1.0,-0.1
3,NONE,-1.0,-0.1,-1.0,-0.1
3,NONE,-1.0,-0.1,-1.0,-0.1
3,NONE,-1.0,-0.1,-1.0,-0.1
3,NONE,-1.0,-0.1,-1.0,-0.1
3,NONE,-1.0,-0.1,-1.0,-0.1
3,NONE,-1.0,-0.1,-1.0,-0.1
3,NONE,-1.0,-0.1,-1.0,-0.1
3,NONE,-1.0,-0.1,-1.0,-0.1
3,NONE,-1.0,-0.1,-1.0,-0.1
3,NONE,-1.0,-0.1,-1.0,-0.1
3,NONE,-1.0,-0.1,-1.0,-0.1
3,NONE,-1.0,-0.1,-1.0,-0.1
3,NONE,-1.0,-0.1,-1.0,-0.1
3,NONE,-1.0,-0.1,-1.0,-0.1
3,NONE,-1.0,-0.1,-1.0,-0.1
3,NONE,-1.0,-0.1,-1.0,-0.1
3,NONE,-1.0,-0.1,-1.0,-0.1
3,NONE,-1.0,-0.1,-1.0,-0.1
3,NONE,-1.0,-0.1,-1.0,-0.1
3,NONE,-1.0,-0.1,-1.0,-0.1
3,NONE,-1.0,-0.1,-1.0,-0.1
3,NONE,-1.0,-0.1,-1.0,-0.1
3,NONE,-1.0,-0.1,-1.0,-0.1
3,NONE,-1.0,-0.1,-1.0,-0.1
3,NONE,-1.0,-0.1,-1.0,-0.1
3,NONE,-1.0,-0.1,-1.0,-0.1
3,NONE,-1.0,-0.1,-1.0,-0.1
3,NONE,-1.0,-0.1,-1.0,-0.1
3,NONE,-1.0,-0.1,-1.0,-0.1
2,EV_B13_C008_Mototaxi_Electrica_P03,-1.0,-0.1,10.0,26.085915997676636
1,EV_B13_C008_Mototaxi_Electrica_P03,4.0,89.20255851111364,-1.0,26.085915997676636
1,EV_B13_C008_Mototaxi_Electrica_P03,3.0,89.20255851111364,-1.0,26.085915997676636
1,EV_B13_C008_Mototaxi_Electrica_P03,2.0,89.20255851111364,-1.0,26.085915997676636
1,EV_B13_C008_Mototaxi_Electrica_P03,1.0,89.20255851111364,-1.0,26.085915997676636
1,EV_B13_C008_Mototaxi_Electrica_P03,0.0,89.20255851111364,-1.0,26.085915997676636
3,NONE,-1.0,-0.1,-1.0,-0.1
3,NONE,-1.0,-0.1,-1.0,-0.1
3,NONE,-1.0,-0.1,-1.0,-0.1
3,NONE,-1.0,-0.1,-1.0,-0.1
3,NONE,-1.0,-0.1,-1.0,-0.1
3,NONE,-1.0,-0.1,-1.0,-0.1
3,NONE,-1.0,-0.1,-1.0,-0.1
3,NONE,-1.0,-0.1,-1.0,-0.1
3,NONE,-1.0,-0.1,-1.0,-0.1
3,NONE,-1.0,-0.1,-1.0,-0.1
3,NONE,-1.0,-0.1,-1.0,-0.1
3,NONE,-1.0,-0.1,-1.0,-0.1
3,NONE,-1.0,-0.1,-1.0,-0.1
3,NONE,-1.0,-0.1,-1.0,-0.1
3,NONE,-1.0,-0.1,-1.0,-0.1
3,NONE,-1.0,-0.1,-1.0,-0.1
2,EV_B13_C008_Mototaxi_Electrica_P04,-1.0,-0.1,8.0,31.275428003507468
1,EV_B13_C008_Mototaxi_Electrica_P04,6.0,97.8569123669409,-1.0,31.275428003507468
1,EV_B13_C008_Mototaxi_Electrica_P04,5.0,97.8569123669409,-1.0,31.275428003507468
1,EV_B13_C008_Mototaxi_Electrica_P04,4.0,97.8569123669409,-1.0,31.275428003507468
1,EV_B13_C008_Mototaxi_Electrica_P04,3.0,97.8569123669409,-1.0,31.275428003507468
1,EV_B13_C008_Mototaxi_Electrica_P04,2.0,97.8569123669409,-1.0,31.275428003507468
1,EV_B13_C008_Mototaxi_Electrica_P04,1.0,97.8569123669409,-1.0,31.275428003507468
1,EV_B13_C008_Mototaxi_Electrica_P04,0.0,97.8569123669409,-1.0,31.275428003507468
3,NONE,-1.0,-0.1,-1.0,-0.1
3,NONE,-1.0,-0.1,-1.0,-0.1
3,NONE,-1.0,-0.1,-1.0,-0.1
3,NONE,-1.0,-0.1,-1.0,-0.1
3,NONE,-1.0,-0.1,-1.0,-0.1
3,NONE,-1.0,-0.1,-1.0,-0.1
3,NONE,-1.0,-0.1,-1.0,-0.1
3,NONE,-1.0,-0.1,-1.0,-0.1
3,NONE,-1.0,-0.1,-1.0,-0.1
3,NONE,-1.0,-0.1,-1.0,-0.1
3,NONE,-1.0,-0.1,-1.0,-0.1
3,NONE,-1.0,-0.1,-1.0,-0.1
3,NONE,-1.0,-0.1,-1.0,-0.1
3,NONE,-1.0,-0.1,-1.0,-0.1
3,NONE,-1.0,-0.1,-1.0,-0.1
3,NONE,-1.0,-0.1,-1.0,-0.1
3,NONE,-1.0,-0.1,-1.0,-0.1
3,NONE,-1.0,-0.1,-1.0,-0.1
3,NONE,-1.0,-0.1,-1.0,-0.1
3,NONE,-1.0,-0.1,-1.0,-0.1
3,NONE,-1.0,-0.1,-1.0,-0.1
3,NONE,-1.0,-0.1,-1.0,-0.1
3,NONE,-1.0,-0.1,-1.0,-0.1
3,NONE,-1.0,-0.1,-1.0,-0.1
3,NONE,-1.0,-0.1,-1.0,-0.1
3,NONE,-1.0,-0.1,-1.0,-0.1
3,NONE,-1.0,-0.1,-1.0,-0.1
3,NONE,-1.0,-0.1,-1.0,-0.1
3,NONE,-1.0,-0.1,-1.0,-0.1
3,NONE,-1.0,-0.1,-1.0,-0.1
3,NONE,-1.0,-0.1,-1.0,-0.1
3,NONE,-1.0,-0.1,-1.0,-0.1
3,NONE,-1.0,-0.1,-1.0,-0.1
3,NONE,-1.0,-0.1,-1.0,-0.1
3,NONE,-1.0,-0.1,-1.0,-0.1
3,NONE,-1.0,-0.1,-1.0,-0.1
3,NONE,-1.0,-0.1,-1.0,-0.1
3,NONE,-1.0,-0.1,-1.0,-0.1
3,NONE,-1.0,-0.1,-1.0,-0.1
3,NONE,-1.0,-0.1,-1.0,-0.1
3,NONE,-1.0,-0.1,-1.0,-0.1
3,NONE,-1.0,-0.1,-1.0,-0.1
3,NONE,-1.0,-0.1,-1.0,-0.1
3,NONE,-1.0,-0.1,-1.0,-0.1
3,NONE,-1.0,-0.1,-1.0,-0.1
3,NONE,-1.0,-0.1,-1.0,-0.1
3,NONE,-1.0,-0.1,-1.0,-0.1
3,NONE,-1.0,-0.1,-1.0,-0.1
3,NONE,-1.0,-0.1,-1.0,-0.1
3,NONE,-1.0,-0.1,-1.0,-0.1
3,NONE,-1.0,-0.1,-1.0,-0.1
3,NONE,-1.0,-0.1,-1.0,-0.1
3,NONE,-1.0,-0.1,-1.0,-0.1
3,NONE,-1.0,-0.1,-1.0,-0.1
3,NONE,-1.0,-0.1,-1.0,-0.1
3,NONE,-1.0,-0.1,-1.0,-0.1
3,NONE,-1.0,-0.1,-1.0,-0.1
3,NONE,-1.0,-0.1,-1.0,-0.1
3,NONE,-1.0,-0.1,-1.0,-0.1
3,NONE,-1.0,-0.1,-1.0,-0.1
3,NONE,-1.0,-0.1,-1.0,-0.1
3,NONE,-1.0,-0.1,-1.0,-0.1
3,NONE,-1.0,-0.1,-1.0,-0.1
3,NONE,-1.0,-0.1,-1.0,-0.1
3,NONE,-1.0,-0.1,-1.0,-0.1
3,NONE,-1.0,-0.1,-1.0,-0.1
3,NONE,-1.0,-0.1,-1.0,-0.1
3,NONE,-1.0,-0.1,-1.0,-0.1
3,NONE,-1.0,-0.1,-1.0,-0.1
3,NONE,-1.0,-0.1,-1.0,-0.1
3,NONE,-1.0,-0.1,-1.0,-0.1
3,NONE,-1.0,-0.1,-1.0,-0.1
3,NONE,-1.0,-0.1,-1.0,-0.1
3,NONE,-1.0,-0.1,-1.0,-0.1
3,NONE,-1.0,-0.1,-1.0,-0.1
3,NONE,-1.0,-0.1,-1.0,-0.1
3,NONE,-1.0,-0.1,-1.0,-0.1
3,NONE,-1.0,-0.1,-1.0,-0.1
3,NONE,-1.0,-0.1,-1.0,-0.1
3,NONE,-1.0,-0.1,-1.0,-0.1
3,NONE,-1.0,-0.1,-1.0,-0.1
3,NONE,-1.0,-0.1,-1.0,-0.1
3,NONE,-1.0,-0.1,-1.0,-0.1
3,NONE,-1.0,-0.1,-1.0,-0.1
3,NONE,-1.0,-0.1,-1.0,-0.1
3,NONE,-1.0,-0.1,-1.0,-0.1
3,NONE,-1.0,-0.1,-1.0,-0.1
3,NONE,-1.0,-0.1,-1.0,-0.1
3,NONE,-1.0,-0.1,-1.0,-0.1
2,EV_B13_C008_Mototaxi_Electrica_P05,-1.0,-0.1,9.0,47.18935347903173
1,EV_B13_C008_Mototaxi_Electrica_P05,5.0,75.69580498383418,-1.0,47.18935347903173
1,EV_B13_C008_Mototaxi_Electrica_P05,4.0,75.69580498383418,-1.0,47.18935347903173
1,EV_B13_C008_Mototaxi_Electrica_P05,3.0,75.69580498383418,-1.0,47.18935347903173
1,EV_B13_C008_Mototaxi_Electrica_P05,2.0,75.69580498383418,-1.0,47.18935347903173
1,EV_B13_C008_Mototaxi_Electrica_P05,1.0,75.69580498383418,-1.0,47.18935347903173
1,EV_B13_C008_Mototaxi_Electrica_P05,0.0,75.69580498383418,-1.0,47.18935347903173
3,NONE,-1.0,-0.1,-1.0,-0.1
3,NONE,-1.0,-0.1,-1.0,-0.1
3,NONE,-1.0,-0.1,-1.0,-0.1
3,NONE,-1.0,-0.1,-1.0,-0.1
3,NONE,-1.0,-0.1,-1.0,-0.1
3,NONE,-1.0,-0.1,-1.0,-0.1
3,NONE,-1.0,-0.1,-1.0,-0.1
3,NONE,-1.0,-0.1,-1.0,-0.1
3,NONE,-1.0,-0.1,-1.0,-0.1
3,NONE,-1.0,-0.1,-1.0,-0.1
3,NONE,-1.0,-0.1,-1.0,-0.1
3,NONE,-1.0,-0.1,-1.0,-0.1
3,NONE,-1.0,-0.1,-1.0,-0.1
3,NONE,-1.0,-0.1,-1.0,-0.1
3,NONE,-1.0,-0.1,-1.0,-0.1
2,EV_B13_C008_Mototaxi_Electrica_P06,-1.0,-0.1,7.0,43.384816205039904
1,EV_B13_C008_Mototaxi_Electrica_P06,6.0,91.92354175560372,-1.0,43.384816205039904
1,EV_B13_C008_Mototaxi_Electrica_P06,5.0,91.92354175560372,-1.0,43.384816205039904
1,EV_B13_C008_Mototaxi_Electrica_P06,4.0,91.92354175560372,-1.0,43.384816205039904
1,EV_B13_C008_Mototaxi_Electrica_P06,3.0,91.92354175560372,-1.0,43.384816205039904
1,EV_B13_C008_Mototaxi_Electrica_P06,2.0,91.92354175560372,-1.0,43.384816205039904
1,EV_B13_C008_Mototaxi_Electrica_P06,1.0,91.92354175560372,-1.0,43.384816205039904
1,EV_B13_C008_Mototaxi_Electrica_P06,0.0,91.92354175560372,-1.0,43.384816205039904
3,NONE,-1.0,-0.1,-1.0,-0.1
3,NONE,-1.0,-0.1,-1.0,-0.1
3,NONE,-1.0,-0.1,-1.0,-0.1
3,NONE,-1.0,-0.1,-1.0,-0.1
3,NONE,-1.0,-0.1,-1.0,-0.1
3,NONE,-1.0,-0.1,-1.0,-0.1
3,NONE,-1.0,-0.1,-1.0,-0.1
3,NONE,-1.0,-0.1,-1.0,-0.1
3,NONE,-1.0,-0.1,-1.0,-0.1
3,NONE,-1.0,-0.1,-1.0,-0.1
3,NONE,-1.0,-0.1,-1.0,-0.1
3,NONE,-1.0,-0.1,-1.0,-0.1
3,NONE,-1.0,-0.1,-1.0,-0.1
3,NONE,-1.0,-0.1,-1.0,-0.1
3,NONE,-1.0,-0.1,-1.0,-0.1
3,NONE,-1.0,-0.1,-1.0,-0.1
3,NONE,-1.0,-0.1,-1.0,-0.1
2,EV_B13_C008_Mototaxi_Electrica_P07,-1.0,-0.1,8.0,36.869296191399116
1,EV_B13_C008_Mototaxi_Electrica_P07,6.0,87.09539302678664,-1.0,36.869296191399116
1,EV_B13_C008_Mototaxi_Electrica_P07,5.0,87.09539302678664,-1.0,36.869296191399116
1,EV_B13_C008_Mototaxi_Electrica_P07,4.0,87.09539302678664,-1.0,36.869296191399116
1,EV_B13_C008_Mototaxi_Electrica_P07,3.0,87.09539302678664,-1.0,36.869296191399116
1,EV_B13_C008_Mototaxi_Electrica_P07,2.0,87.09539302678664,-1.0,36.869296191399116
1,EV_B13_C008_Mototaxi_Electrica_P07,1.0,87.09539302678664,-1.0,36.869296191399116
1,EV_B13_C008_Mototaxi_Electrica_P07,0.0,87.09539302678664,-1.0,36.869296191399116
3,NONE,-1.0,-0.1,-1.0,-0.1
3,NONE,-1.0,-0.1,-1.0,-0.1
3,NONE,-1.0,-0.1,-1.0,-0.1
3,NONE,-1.0,-0.1,-1.0,-0.1
3,NONE,-1.0,-0.1,-1.0,-0.1
3,NONE,-1.0,-0.1,-1.0,-0.1
3,NONE,-1.0,-0.1,-1.0,-0.1
3,NONE,-1.0,-0.1,-1.0,-0.1
3,NONE,-1.0,-0.1,-1.0,-0.1
3,NONE,-1.0,-0.1,-1.0,-0.1
3,NONE,-1.0,-0.1,-1.0,-0.1
3,NONE,-1.0,-0.1,-1.0,-0.1
3,NONE,-1.0,-0.1,-1.0,-0.1
3,NONE,-1.0,-0.1,-1.0,-0.1
3,NONE,-1.0,-0.1,-1.0,-0.1
3,NONE,-1.0,-0.1,-1.0,-0.1
3,NONE,-1.0,-0.1,-1.0,-0.1
3,NONE,-1.0,-0.1,-1.0,-0.1
3,NONE,-1.0,-0.1,-1.0,-0.1
3,NONE,-1.0,-0.1,-1.0,-0.1
3,NONE,-1.0,-0.1,-1.0,-0.1
3,NONE,-1.0,-0.1,-1.0,-0.1
3,NONE,-1.0,-0.1,-1.0,-0.1
3,NONE,-1.0,-0.1,-1.0,-0.1
3,NONE,-1.0,-0.1,-1.0,-0.1
3,NONE,-1.0,-0.1,-1.0,-0.1
3,NONE,-1.0,-0.1,-1.0,-0.1
3,NONE,-1.0,-0.1,-1.0,-0.1
3,NONE,-1.0,-0.1,-1.0,-0.1
3,NONE,-1.0,-0.1,-1.0,-0.1
3,NONE,-1.0,-0.1,-1.0,-0.1
3,NONE,-1.0,-0.1,-1.0,-0.1
3,NONE,-1.0,-0.1,-1.0,-0.1
3,NONE,-1.0,-0.1,-1.0,-0.1
3,NONE,-1.0,-0.1,-1.0,-0.1
3,NONE,-1.0,-0.1,-1.0,-0.1
3,NONE,-1.0,-0.1,-1.0,-0.1
3,NONE,-1.0,-0.1,-1.0,-0.1
3,NONE,-1.0,-0.1,-1.0,-0.1
3,NONE,-1.0,-0.1,-1.0,-0.1
3,NONE,-1.0,-0.1,-1.0,-0.1
3,NONE,-1.0,-0.1,-1.0,-0.1
3,NONE,-1.0,-0.1,-1.0,-0.1
3,NONE,-1.0,-0.1,-1.0,-0.1
3,NONE,-1.0,-0.1,-1.0,-0.1
3,NONE,-1.0,-0.1,-1.0,-0.1
3,NONE,-1.0,-0.1,-1.0,-0.1
3,NONE,-1.0,-0.1,-1.0,-0.1
3,NONE,-1.0,-0.1,-1.0,-0.1
3,NONE,-1.0,-0.1,-1.0,-0.1
3,NONE,-1.0,-0.1,-1.0,-0.1
3,NONE,-1.0,-0.1,-1.0,-0.1
3,NONE,-1.0,-0.1,-1.0,-0.1
3,NONE,-1.0,-0.1,-1.0,-0.1
3,NONE,-1.0,-0.1,-1.0,-0.1
3,NONE,-1.0,-0.1,-1.0,-0.1
3,NONE,-1.0,-0.1,-1.0,-0.1
3,NONE,-1.0,-0.1,-1.0,-0.1
3,NONE,-1.0,-0.1,-1.0,-0.1
3,NONE,-1.0,-0.1,-1.0,-0.1
3,NONE,-1.0,-0.1,-1.0,-0.1
3,NONE,-1.0,-0.1,-1.0,-0.1
3,NONE,-1.0,-0.1,-1.0,-0.1
3,NONE,-1.0,-0.1,-1.0,-0.1
3,NONE,-1.0,-0.1,-1.0,-0.1
3,NONE,-1.0,-0.1,-1.0,-0.1
3,NONE,-1.0,-0.1,-1.0,-0.1
3,NONE,-1.0,-0.1,-1.0,-0.1
3,NONE,-1.0,-0.1,-1.0,-0.1
3,NONE,-1.0,-0.1,-1.0,-0.1
3,NONE,-1.0,-0.1,-1.0,-0.1
3,NONE,-1.0,-0.1,-1.0,-0.1
3,NONE,-1.0,-0.1,-1.0,-0.1
3,NONE,-1.0,-0.1,-1.0,-0.1
3,NONE,-1.0,-0.1,-1.0,-0.1
3,NONE,-1.0,-0.1,-1.0,-0.1
3,NONE,-1.0,-0.1,-1.0,-0.1
3,NONE,-1.0,-0.1,-1.0,-0.1
3,NONE,-1.0,-0.1,-1.0,-0.1
3,NONE,-1.0,-0.1,-1.0,-0.1
3,NONE,-1.0,-0.1,-1.0,-0.1
3,NONE,-1.0,-0.1,-1.0,-0.1
3,NONE,-1.0,-0.1,-1.0,-0.1
3,NONE,-1.0,-0.1,-1.0,-0.1
3,NONE,-1.0,-0.1,-1.0,-0.1
3,NONE,-1.0,-0.1,-1.0,-0.1
3,NONE,-1.0,-0.1,-1.0,-0.1
3,NONE,-1.0,-0.1,-1.0,-0.1
3,NONE,-1.0,-0.1,-1.0,-0.1
3,NONE,-1.0,-0.1,-1.0,-0.1
2,EV_B13_C008_Mototaxi_Electrica_P08,-1.0,-0.1,10.0,45.96456866601653
1,EV_B13_C008_Mototaxi_Electrica_P08,4.0,78.7556227478664,-1.0,45.96456866601653
1,EV_B13_C008_Mototaxi_Electrica_P08,3.0,78.7556227478664,-1.0,45.96456866601653
1,EV_B13_C008_Mototaxi_Electrica_P08,2.0,78.7556227478664,-1.0,45.96456866601653
1,EV_B13_C008_Mototaxi_Electrica_P08,1.0,78.7556227478664,-1.0,45.96456866601653
1,EV_B13_C008_Mototaxi_Electrica_P08,0.0,78.7556227478664,-1.0,45.96456866601653
3,NONE,-1.0,-0.1,-1.0,-0.1
3,NONE,-1.0,-0.1,-1.0,-0.1
3,NONE,-1.0,-0.1,-1.0,-0.1
3,NONE,-1.0,-0.1,-1.0,-0.1
3,NONE,-1.0,-0.1,-1.0,-0.1
3,NONE,-1.0,-0.1,-1.0,-0.1
3,NONE,-1.0,-0.1,-1.0,-0.1
3,NONE,-1.0,-0.1,-1.0,-0.1
3,NONE,-1.0,-0.1,-1.0,-0.1
3,NONE,-1.0,-0.1,-1.0,-0.1
3,NONE,-1.0,-0.1,-1.0,-0.1
3,NONE,-1.0,-0.1,-1.0,-0.1
3,NONE,-1.0,-0.1,-1.0,-0.1
3,NONE,-1.0,-0.1,-1.0,-0.1
3,NONE,-1.0,-0.1,-1.0,-0.1
2,EV_B13_C008_Mototaxi_Electrica_P09,-1.0,-0.1,7.0,48.34665242888198
1,EV_B13_C008_Mototaxi_Electrica_P09,6.0,89.0758276743777,-1.0,48.34665242888198
1,EV_B13_C008_Mototaxi_Electrica_P09,5.0,89.0758276743777,-1.0,48.34665242888198
1,EV_B13_C008_Mototaxi_Electrica_P09,4.0,89.0758276743777,-1.0,48.34665242888198
1,EV_B13_C008_Mototaxi_Electrica_P09,3.0,89.0758276743777,-1.0,48.34665242888198
1,EV_B13_C008_Mototaxi_Electrica_P09,2.0,89.0758276743777,-1.0,48.34665242888198
1,EV_B13_C008_Mototaxi_Electrica_P09,1.0,89.0758276743777,-1.0,48.34665242888198
1,EV_B13_C008_Mototaxi_Electrica_P09,0.0,89.0758276743777,-1.0,48.34665242888198
3,NONE,-1.0,-0.1,-1.0,-0.1
3,NONE,-1.0,-0.1,-1.0,-0.1
3,NONE,-1.0,-0.1,-1.0,-0.1
3,NONE,-1.0,-0.1,-1.0,-0.1
3,NONE,-1.0,-0.1,-1.0,-0.1
3,NONE,-1.0,-0.1,-1.0,-0.1
3,NONE,-1.0,-0.1,-1.0,-0.1
3,NONE,-1.0,-0.1,-1.0,-0.1
3,NONE,-1.0,-0.1,-1.0,-0.1
3,NONE,-1.0,-0.1,-1.0,-0.1
3,NONE,-1.0,-0.1,-1.0,-0.1
3,NONE,-1.0,-0.1,-1.0,-0.1
3,NONE,-1.0,-0.1,-1.0,-0.1
3,NONE,-1.0,-0.1,-1.0,-0.1
3,NONE,-1.0,-0.1,-1.0,-0.1
3,NONE,-1.0,-0.1,-1.0,-0.1
3,NONE,-1.0,-0.1,-1.0,-0.1
3,NONE,-1.0,-0.1,-1.0,-0.1
2,EV_B13_C008_Mototaxi_Electrica_P10,-1.0,-0.1,9.0,44.45569558303488
1,EV_B13_C008_Mototaxi_Electrica_P10,5.0,94.50395021851557,-1.0,44.45569558303488
1,EV_B13_C008_Mototaxi_Electrica_P10,4.0,94.50395021851557,-1.0,44.45569558303488
1,EV_B13_C008_Mototaxi_Electrica_P10,3.0,94.50395021851557,-1.0,44.45569558303488
1,EV_B13_C008_Mototaxi_Electrica_P10,2.0,94.50395021851557,-1.0,44.45569558303488
1,EV_B13_C008_Mototaxi_Electrica_P10,1.0,94.50395021851557,-1.0,44.45569558303488
1,EV_B13_C008_Mototaxi_Electrica_P10,0.0,94.50395021851557,-1.0,44.45569558303488
3,NONE,-1.0,-0.1,-1.0,-0.1
3,NONE,-1.0,-0.1,-1.0,-0.1
3,NONE,-1.0,-0.1,-1.0,-0.1
3,NONE,-1.0,-0.1,-1.0,-0.1
3,NONE,-1.0,-0.1,-1.0,-0.1
3,NONE,-1.0,-0.1,-1.0,-0.1
3,NONE,-1.0,-0.1,-1.0,-0.1
3,NONE,-1.0,-0.1,-1.0,-0.1
3,NONE,-1.0,-0.1,-1.0,-0.1
3,NONE,-1.0,-0.1,-1.0,-0.1
3,NONE,-1.0,-0.1,-1.0,-0.1
3,NONE,-1.0,-0.1,-1.0,-0.1
3,NONE,-1.0,-0.1,-1.0,-0.1
3,NONE,-1.0,-0.1,-1.0,-0.1
3,NONE,-1.0,-0.1,-1.0,-0.1
3,NONE,-1.0,-0.1,-1.0,-0.1
3,NONE,-1.0,-0.1,-1.0,-0.1
3,NONE,-1.0,-0.1,-1.0,-0.1
3,NONE,-1.0,-0.1,-1.0,-0.1
3,NONE,-1.0,-0.1,-1.0,-0.1
3,NONE,-1.0,-0.1,-1.0,-0.1
3,NONE,-1.0,-0.1,-1.0,-0.1
3,NONE,-1.0,-0.1,-1.0,-0.1
3,NONE,-1.0,-0.1,-1.0,-0.1
3,NONE,-1.0,-0.1,-1.0,-0.1
3,NONE,-1.0,-0.1,-1.0,-0.1
3,NONE,-1.0,-0.1,-1.0,-0.1
3,NONE,-1.0,-0.1,-1.0,-0.1
3,NONE,-1.0,-0.1,-1.0,-0.1
3,NONE,-1.0,-0.1,-1.0,-0.1
3,NONE,-1.0,-0.1,-1.0,-0.1
3,NONE,-1.0,-0.1,-1.0,-0.1
3,NONE,-1.0,-0.1,-1.0,-0.1
3,NONE,-1.0,-0.1,-1.0,-0.1
3,NONE,-1.0,-0.1,-1.0,-0.1
3,NONE,-1.0,-0.1,-1.0,-0.1
3,NONE,-1.0,-0.1,-1.0,-0.1
3,NONE,-1.0,-0.1,-1.0,-0.1
3,NONE,-1.0,-0.1,-1.0,-0.1
3,NONE,-1.0,-0.1,-1.0,-0.1
3,NONE,-1.0,-0.1,-1.0,-0.1
3,NONE,-1.0,-0.1,-1.0,-0.1
3,NONE,-1.0,-0.1,-1.0,-0.1
3,NONE,-1.0,-0.1,-1.0,-0.1
3,NONE,-1.0,-0.1,-1.0,-0.1
3,NONE,-1.0,-0.1,-1.0,-0.1
3,NONE,-1.0,-0.1,-1.0,-0.1
3,NONE,-1.0,-0.1,-1.0,-0.1
3,NONE,-1.0,-0.1,-1.0,-0.1
3,NONE,-1.0,-0.1,-1.0,-0.1
3,NONE,-1.0,-0.1,-1.0,-0.1
3,NONE,-1.0,-0.1,-1.0,-0.1
3,NONE,-1.0,-0.1,-1.0,-0.1
3,NONE,-1.0,-0.1,-1.0,-0.1
3,NONE,-1.0,-0.1,-1.0,-0.1
3,NONE,-1.0,-0.1,-1.0,-0.1
3,NONE,-1.0,-0.1,-1.0,-0.1
3,NONE,-1.0,-0.1,-1.0,-0.1
3,NONE,-1.0,-0.1,-1.0,-0.1
3,NONE,-1.0,-0.1,-1.0,-0.1
3,NONE,-1.0,-0.1,-1.0,-0.1
3,NONE,-1.0,-0.1,-1.0,-0.1
3,NONE,-1.0,-0.1,-1.0,-0.1
3,NONE,-1.0,-0.1,-1.0,-0.1
3,NONE,-1.0,-0.1,-1.0,-0.1
3,NONE,-1.0,-0.1,-1.0,-0.1
3,NONE,-1.0,-0.1,-1.0,-0.1
3,NONE,-1.0,-0.1,-1.0,-0.1
3,NONE,-1.0,-0.1,-1.0,-0.1
3,NONE,-1.0,-0.1,-1.0,-0.1
3,NONE,-1.0,-0.1,-1.0,-0.1
3,NONE,-1.0,-0.1,-1.0,-0.1
3,NONE,-1.0,-0.1,-1.0,-0.1
3,NONE,-1.0,-0.1,-1.0,-0.1
3,NONE,-1.0,-0.1,-1.0,-0.1
3,NONE,-1.0,-0.1,-1.0,-0.1
3,NONE,-1.0,-0.1,-1.0,-0.1
3,NONE,-1.0,-0.1,-1.0,-0.1
3,NONE,-1.0,-0.1,-1.0,-0.1
3,NONE,-1.0,-0.1,-1.0,-0.1
3,NONE,-1.0,-0.1,-1.0,-0.1
3,NONE,-1.0,-0.1,-1.0,-0.1
3,NONE,-1.0,-0.1,-1.0,-0.1
3,NONE,-1.0,-0.1,-1.0,-0.1
3,NONE,-1.0,-0.1,-1.0,-0.1
3,NONE,-1.0,-0.1,-1.0,-0.1
3,NONE,-1.0,-0.1,-1.0,-0.1
3,NONE,-1.0,-0.1,-1.0,-0.1
3,NONE,-1.0,-0.1,-1.0,-0.1
3,NONE,-1.0,-0.1,-1.0,-0.1
3,NONE,-1.0,-0.1,-1.0,-0.1
3,NONE,-1.0,-0.1,-1.0,-0.1
3,NONE,-1.0,-0.1,-1.0,-0.1
3,NONE,-1.0,-0.1,-1.0,-0.1
3,NONE,-1.0,-0.1,-1.0,-0.1
3,NONE,-1.0,-0.1,-1.0,-0.1
3,NONE,-1.0,-0.1,-1.0,-0.1
3,NONE,-1.0,-0.1,-1.0,-0.1
3,NONE,-1.0,-0.1,-1.0,-0.1
3,NONE,-1.0,-0.1,-1.0,-0.1
3,NONE,-1.0,-0.1,-1.0,-0.1
3,NONE,-1.0,-0.1,-1.0,-0.1
3,NONE,-1.0,-0.1,-1.0,-0.1
3,NONE,-1.0,-0.1,-1.0,-0.1
3,NONE,-1.0,-0.1,-1.0,-0.1
3,NONE,-1.0,-0.1,-1.0,-0.1
3,NONE,-1.0,-0.1,-1.0,-0.1
3,NONE,-1.0,-0.1,-1.0,-0.1
3,NONE,-1.0,-0.1,-1.0,-0.1
3,NONE,-1.0,-0.1,-1.0,-0.1
3,NONE,-1.0,-0.1,-1.0,-0.1
3,NONE,-1.0,-0.1,-1.0,-0.1
3,NONE,-1.0,-0.1,-1.0,-0.1
3,NONE,-1.0,-0.1,-1.0,-0.1
3,NONE,-1.0,-0.1,-1.0,-0.1
3,NONE,-1.0,-0.1,-1.0,-0.1
3,NONE,-1.0,-0.1,-1.0,-0.1
3,NONE,-1.0,-0.1,-1.0,-0.1
3,NONE,-1.0,-0.1,-1.0,-0.1
3,NONE,-1.0,-0.1,-1.0,-0.1
3,NONE,-1.0,-0.1,-1.0,-0.1
3,NONE,-1.0,-0.1,-1.0,-0.1
3,NONE,-1.0,-0.1,-1.0,-0.1
3,NONE,-1.0,-0.1,-1.0,-0.1
3,NONE,-1.0,-0.1,-1.0,-0.1
3,NONE,-1.0,-0.1,-1.0,-0.1
3,NONE,-1.0,-0.1,-1.0,-0.1
3,NONE,-1.0,-0.1,-1.0,-0.1
3,NONE,-1.0,-0.1,-1.0,-0.1
3,NONE,-1.0,-0.1,-1.0,-0.1
3,NONE,-1.0,-0.1,-1.0,-0.1
3,NONE,-1.0,-0.1,-1.0,-0.1
3,NONE,-1.0,-0.1,-1.0,-0.1
3,NONE,-1.0,-0.1,-1.0,-0.1
3,NONE,-1.0,-0.1,-1.0,-0.1
3,NONE,-1.0,-0.1,-1.0,-0.1
2,EV_B13_C008_Mototaxi_Electrica_P01,-1.0,-0.1,8.0,44.35777352631996
1,EV_B13_C008_Mototaxi_Electrica_P01,6.0,84.75095532693801,-1.0,44.35777352631996
1,EV_B13_C008_Mototaxi_Electrica_P01,5.0,84.75095532693801,-1.0,44.35777352631996
1,EV_B13_C008_Mototaxi_Electrica_P01,4.0,84.75095532693801,-1.0,44.35777352631996
1,EV_B13_C008_Mototaxi_Electrica_P01,3.0,84.75095532693801,-1.0,44.35777352631996
1,EV_B13_C008_Mototaxi_Electrica_P01,2.0,84.75095532693801,-1.0,44.35777352631996
1,EV_B13_C008_Mototaxi_Electrica_P01,1.0,84.75095532693801,-1.0,44.35777352631996
1,EV_B13_C008_Mototaxi_Electrica_P01,0.0,84.75095532693801,-1.0,44.35777352631996
3,NONE,-1.0,-0.1,-1.0,-0.1
3,NONE,-1.0,-0.1,-1.0,-0.1
3,NONE,-1.0,-0.1,-1.0,-0.1
3,NONE,-1.0,-0.1,-1.0,-0.1
3,NONE,-1.0,-0.1,-1.0,-0.1
3,NONE,-1.0,-0.1,-1.0,-0.1
3,NONE,-1.0,-0.1,-1.0,-0.1
3,NONE,-1.0,-0.1,-1.0,-0.1
3,NONE,-1.0,-0.1,-1.0,-0.1
3,NONE,-1.0,-0.1,-1.0,-0.1
3,NONE,-1.0,-0.1,-1.0,-0.1
3,NONE,-1.0,-0.1,-1.0,-0.1
3,NONE,-1.0,-0.1,-1.0,-0.1
3,NONE,-1.0,-0.1,-1.0,-0.1
3,NONE,-1.0,-0.1,-1.0,-0.1
3,NONE,-1.0,-0.1,-1.0,-0.1
3,NONE,-1.0,-0.1,-1.0,-0.1
3,NONE,-1.0,-0.1,-1.0,-0.1
3,NONE,-1.0,-0.1,-1.0,-0.1
3,NONE,-1.0,-0.1,-1.0,-0.1
3,NONE,-1.0,-0.1,-1.0,-0.1
3,NONE,-1.0,-0.1,-1.0,-0.1
3,NONE,-1.0,-0.1,-1.0,-0.1
3,NONE,-1.0,-0.1,-1.0,-0.1
3,NONE,-1.0,-0.1,-1.0,-0.1
3,NONE,-1.0,-0.1,-1.0,-0.1
3,NONE,-1.0,-0.1,-1.0,-0.1
3,NONE,-1.0,-0.1,-1.0,-0.1
3,NONE,-1.0,-0.1,-1.0,-0.1
3,NONE,-1.0,-0.1,-1.0,-0.1
3,NONE,-1.0,-0.1,-1.0,-0.1
3,NONE,-1.0,-0.1,-1.0,-0.1
3,NONE,-1.0,-0.1,-1.0,-0.1
3,NONE,-1.0,-0.1,-1.0,-0.1
3,NONE,-1.0,-0.1,-1.0,-0.1
3,NONE,-1.0,-0.1,-1.0,-0.1
3,NONE,-1.0,-0.1,-1.0,-0.1
3,NONE,-1.0,-0.1,-1.0,-0.1
3,NONE,-1.0,-0.1,-1.0,-0.1
3,NONE,-1.0,-0.1,-1.0,-0.1
3,NONE,-1.0,-0.1,-1.0,-0.1
3,NONE,-1.0,-0.1,-1.0,-0.1
3,NONE,-1.0,-0.1,-1.0,-0.1
3,NONE,-1.0,-0.1,-1.0,-0.1
3,NONE,-1.0,-0.1,-1.0,-0.1
3,NONE,-1.0,-0.1,-1.0,-0.1
3,NONE,-1.0,-0.1,-1.0,-0.1
3,NONE,-1.0,-0.1,-1.0,-0.1
3,NONE,-1.0,-0.1,-1.0,-0.1
3,NONE,-1.0,-0.1,-1.0,-0.1
3,NONE,-1.0,-0.1,-1.0,-0.1
3,NONE,-1.0,-0.1,-1.0,-0.1
3,NONE,-1.0,-0.1,-1.0,-0.1
3,NONE,-1.0,-0.1,-1.0,-0.1
3,NONE,-1.0,-0.1,-1.0,-0.1
3,NONE,-1.0,-0.1,-1.0,-0.1
3,NONE,-1.0,-0.1,-1.0,-0.1
3,NONE,-1.0,-0.1,-1.0,-0.1
3,NONE,-1.0,-0.1,-1.0,-0.1
3,NONE,-1.0,-0.1,-1.0,-0.1
3,NONE,-1.0,-0.1,-1.0,-0.1
3,NONE,-1.0,-0.1,-1.0,-0.1
3,NONE,-1.0,-0.1,-1.0,-0.1
3,NONE,-1.0,-0.1,-1.0,-0.1
3,NONE,-1.0,-0.1,-1.0,-0.1
2,EV_B13_C008_Mototaxi_Electrica_P02,-1.0,-0.1,9.0,49.9705781872341
1,EV_B13_C008_Mototaxi_Electrica_P02,5.0,78.78646025956617,-1.0,49.9705781872341
1,EV_B13_C008_Mototaxi_Electrica_P02,4.0,78.78646025956617,-1.0,49.9705781872341
1,EV_B13_C008_Mototaxi_Electrica_P02,3.0,78.78646025956617,-1.0,49.9705781872341
1,EV_B13_C008_Mototaxi_Electrica_P02,2.0,78.78646025956617,-1.0,49.9705781872341
1,EV_B13_C008_Mototaxi_Electrica_P02,1.0,78.78646025956617,-1.0,49.9705781872341
1,EV_B13_C008_Mototaxi_Electrica_P02,0.0,78.78646025956617,-1.0,49.9705781872341
3,NONE,-1.0,-0.1,-1.0,-0.1
3,NONE,-1.0,-0.1,-1.0,-0.1
3,NONE,-1.0,-0.1,-1.0,-0.1
3,NONE,-1.0,-0.1,-1.0,-0.1
3,NONE,-1.0,-0.1,-1.0,-0.1
3,NONE,-1.0,-0.1,-1.0,-0.1
3,NONE,-1.0,-0.1,-1.0,-0.1
3,NONE,-1.0,-0.1,-1.0,-0.1
3,NONE,-1.0,-0.1,-1.0,-0.1
3,NONE,-1.0,-0.1,-1.0,-0.1
3,NONE,-1.0,-0.1,-1.0,-0.1
3,NONE,-1.0,-0.1,-1.0,-0.1
3,NONE,-1.0,-0.1,-1.0,-0.1
3,NONE,-1.0,-0.1,-1.0,-0.1
3,NONE,-1.0,-0.1,-1.0,-0.1
3,NONE,-1.0,-0.1,-1.0,-0.1
3,NONE,-1.0,-0.1,-1.0,-0.1
3,NONE,-1.0,-0.1,-1.0,-0.1
3,NONE,-1.0,-0.1,-1.0,-0.1
3,NONE,-1.0,-0.1,-1.0,-0.1
3,NONE,-1.0,-0.1,-1.0,-0.1
3,NONE,-1.0,-0.1,-1.0,-0.1
3,NONE,-1.0,-0.1,-1.0,-0.1
3,NONE,-1.0,-0.1,-1.0,-0.1
3,NONE,-1.0,-0.1,-1.0,-0.1
3,NONE,-1.0,-0.1,-1.0,-0.1
3,NONE,-1.0,-0.1,-1.0,-0.1
3,NONE,-1.0,-0.1,-1.0,-0.1
3,NONE,-1.0,-0.1,-1.0,-0.1
3,NONE,-1.0,-0.1,-1.0,-0.1
3,NONE,-1.0,-0.1,-1.0,-0.1
3,NONE,-1.0,-0.1,-1.0,-0.1
3,NONE,-1.0,-0.1,-1.0,-0.1
3,NONE,-1.0,-0.1,-1.0,-0.1
3,NONE,-1.0,-0.1,-1.0,-0.1
3,NONE,-1.0,-0.1,-1.0,-0.1
3,NONE,-1.0,-0.1,-1.0,-0.1
3,NONE,-1.0,-0.1,-1.0,-0.1
3,NONE,-1.0,-0.1,-1.0,-0.1
3,NONE,-1.0,-0.1,-1.0,-0.1
3,NONE,-1.0,-0.1,-1.0,-0.1
3,NONE,-1.0,-0.1,-1.0,-0.1
3,NONE,-1.0,-0.1,-1.0,-0.1
3,NONE,-1.0,-0.1,-1.0,-0.1
3,NONE,-1.0,-0.1,-1.0,-0.1
3,NONE,-1.0,-0.1,-1.0,-0.1
3,NONE,-1.0,-0.1,-1.0,-0.1
3,NONE,-1.0,-0.1,-1.0,-0.1
3,NONE,-1.0,-0.1,-1.0,-0.1
3,NONE,-1.0,-0.1,-1.0,-0.1
3,NONE,-1.0,-0.1,-1.0,-0.1
3,NONE,-1.0,-0.1,-1.0,-0.1
3,NONE,-1.0,-0.1,-1.0,-0.1
3,NONE,-1.0,-0.1,-1.0,-0.1
3,NONE,-1.0,-0.1,-1.0,-0.1
3,NONE,-1.0,-0.1,-1.0,-0.1
3,NONE,-1.0,-0.1,-1.0,-0.1
3,NONE,-1.0,-0.1,-1.0,-0.1
3,NONE,-1.0,-0.1,-1.0,-0.1
3,NONE,-1.0,-0.1,-1.0,-0.1
3,NONE,-1.0,-0.1,-1.0,-0.1
3,NONE,-1.0,-0.1,-1.0,-0.1
3,NONE,-1.0,-0.1,-1.0,-0.1
3,NONE,-1.0,-0.1,-1.0,-0.1
2,EV_B13_C008_Mototaxi_Electrica_P03,-1.0,-0.1,8.0,13.245662088698836
1,EV_B13_C008_Mototaxi_Electrica_P03,5.0,78.92641980043264,-1.0,13.245662088698836
1,EV_B13_C008_Mototaxi_Electrica_P03,4.0,78.92641980043264,-1.0,13.245662088698836
1,EV_B13_C008_Mototaxi_Electrica_P03,3.0,78.92641980043264,-1.0,13.245662088698836
1,EV_B13_C008_Mototaxi_Electrica_P03,2.0,78.92641980043264,-1.0,13.245662088698836
1,EV_B13_C008_Mototaxi_Electrica_P03,1.0,78.92641980043264,-1.0,13.245662088698836
1,EV_B13_C008_Mototaxi_Electrica_P03,0.0,78.92641980043264,-1.0,13.245662088698836
3,NONE,-1.0,-0.1,-1.0,-0.1
3,NONE,-1.0,-0.1,-1.0,-0.1
3,NONE,-1.0,-0.1,-1.0,-0.1
3,NONE,-1.0,-0.1,-1.0,-0.1
3,NONE,-1.0,-0.1,-1.0,-0.1
3,NONE,-1.0,-0.1,-1.0,-0.1
3,NONE,-1.0,-0.1,-1.0,-0.1
3,NONE,-1.0,-0.1,-1.0,-0.1
3,NONE,-1.0,-0.1,-1.0,-0.1
3,NONE,-1.0,-0.1,-1.0,-0.1
3,NONE,-1.0,-0.1,-1.0,-0.1
3,NONE,-1.0,-0.1,-1.0,-0.1
3,NONE,-1.0,-0.1,-1.0,-0.1
3,NONE,-1.0,-0.1,-1.0,-0.1
3,NONE,-1.0,-0.1,-1.0,-0.1
3,NONE,-1.0,-0.1,-1.0,-0.1
3,NONE,-1.0,-0.1,-1.0,-0.1
2,EV_B13_C008_Mototaxi_Electrica_P04,-1.0,-0.1,8.0,56.48867511609584
1,EV_B13_C008_Mototaxi_Electrica_P04,6.0,91.33512684469125,-1.0,56.48867511609584
1,EV_B13_C008_Mototaxi_Electrica_P04,5.0,91.33512684469125,-1.0,56.48867511609584
1,EV_B13_C008_Mototaxi_Electrica_P04,4.0,91.33512684469125,-1.0,56.48867511609584
1,EV_B13_C008_Mototaxi_Electrica_P04,3.0,91.33512684469125,-1.0,56.48867511609584
1,EV_B13_C008_Mototaxi_Electrica_P04,2.0,91.33512684469125,-1.0,56.48867511609584
1,EV_B13_C008_Mototaxi_Electrica_P04,1.0,91.33512684469125,-1.0,56.48867511609584
1,EV_B13_C008_Mototaxi_Electrica_P04,0.0,91.33512684469125,-1.0,56.48867511609584
3,NONE,-1.0,-0.1,-1.0,-0.1
3,NONE,-1.0,-0.1,-1.0,-0.1
3,NONE,-1.0,-0.1,-1.0,-0.1
3,NONE,-1.0,-0.1,-1.0,-0.1
3,NONE,-1.0,-0.1,-1.0,-0.1
3,NONE,-1.0,-0.1,-1.0,-0.1
3,NONE,-1.0,-0.1,-1.0,-0.1
3,NONE,-1.0,-0.1,-1.0,-0.1
3,NONE,-1.0,-0.1,-1.0,-0.1
3,NONE,-1.0,-0.1,-1.0,-0.1
3,NONE,-1.0,-0.1,-1.0,-0.1
3,NONE,-1.0,-0.1,-1.0,-0.1
3,NONE,-1.0,-0.1,-1.0,-0.1
3,NONE,-1.0,-0.1,-1.0,-0.1
3,NONE,-1.0,-0.1,-1.0,-0.1
3,NONE,-1.0,-0.1,-1.0,-0.1
3,NONE,-1.0,-0.1,-1.0,-0.1
2,EV_B13_C008_Mototaxi_Electrica_P05,-1.0,-0.1,9.0,27.435790821615026
1,EV_B13_C008_Mototaxi_Electrica_P05,5.0,78.68434873738082,-1.0,27.435790821615026
1,EV_B13_C008_Mototaxi_Electrica_P05,4.0,78.68434873738082,-1.0,27.435790821615026
1,EV_B13_C008_Mototaxi_Electrica_P05,3.0,78.68434873738082,-1.0,27.435790821615026
1,EV_B13_C008_Mototaxi_Electrica_P05,2.0,78.68434873738082,-1.0,27.435790821615026
1,EV_B13_C008_Mototaxi_Electrica_P05,1.0,78.68434873738082,-1.0,27.435790821615026
1,EV_B13_C008_Mototaxi_Electrica_P05,0.0,78.68434873738082,-1.0,27.435790821615026
3,NONE,-1.0,-0.1,-1.0,-0.1
3,NONE,-1.0,-0.1,-1.0,-0.1
3,NONE,-1.0,-0.1,-1.0,-0.1
3,NONE,-1.0,-0.1,-1.0,-0.1
3,NONE,-1.0,-0.1,-1.0,-0.1
3,NONE,-1.0,-0.1,-1.0,-0.1
3,NONE,-1.0,-0.1,-1.0,-0.1
3,NONE,-1.0,-0.1,-1.0,-0.1
3,NONE,-1.0,-0.1,-1.0,-0.1
3,NONE,-1.0,-0.1,-1.0,-0.1
3,NONE,-1.0,-0.1,-1.0,-0.1
3,NONE,-1.0,-0.1,-1.0,-0.1
3,NONE,-1.0,-0.1,-1.0,-0.1
3,NONE,-1.0,-0.1,-1.0,-0.1
3,NONE,-1.0,-0.1,-1.0,-0.1
3,NONE,-1.0,-0.1,-1.0,-0.1
3,NONE,-1.0,-0.1,-1.0,-0.1
2,EV_B13_C008_Mototaxi_Electrica_P06,-1.0,-0.1,9.0,56.76064208835113
1,EV_B13_C008_Mototaxi_Electrica_P06,5.0,82.94965054467666,-1.0,56.76064208835113
1,EV_B13_C008_Mototaxi_Electrica_P06,4.0,82.94965054467666,-1.0,56.76064208835113
1,EV_B13_C008_Mototaxi_Electrica_P06,3.0,82.94965054467666,-1.0,56.76064208835113
1,EV_B13_C008_Mototaxi_Electrica_P06,2.0,82.94965054467666,-1.0,56.76064208835113
1,EV_B13_C008_Mototaxi_Electrica_P06,1.0,82.94965054467666,-1.0,56.76064208835113
1,EV_B13_C008_Mototaxi_Electrica_P06,0.0,82.94965054467666,-1.0,56.76064208835113
3,NONE,-1.0,-0.1,-1.0,-0.1
3,NONE,-1.0,-0.1,-1.0,-0.1
3,NONE,-1.0,-0.1,-1.0,-0.1
3,NONE,-1.0,-0.1,-1.0,-0.1
3,NONE,-1.0,-0.1,-1.0,-0.1
3,NONE,-1.0,-0.1,-1.0,-0.1
3,NONE,-1.0,-0.1,-1.0,-0.1
3,NONE,-1.0,-0.1,-1.0,-0.1
3,NONE,-1.0,-0.1,-1.0,-0.1
3,NONE,-1.0,-0.1,-1.0,-0.1
3,NONE,-1.0,-0.1,-1.0,-0.1
3,NONE,-1.0,-0.1,-1.0,-0.1
3,NONE,-1.0,-0.1,-1.0,-0.1
3,NONE,-1.0,-0.1,-1.0,-0.1
3,NONE,-1.0,-0.1,-1.0,-0.1
2,EV_B13_C008_Mototaxi_Electrica_P07,-1.0,-0.1,7.0,16.52306631312417
1,EV_B13_C008_Mototaxi_Electrica_P07,6.0,78.69235923610348,-1.0,16.52306631312417
1,EV_B13_C008_Mototaxi_Electrica_P07,5.0,78.69235923610348,-1.0,16.52306631312417
1,EV_B13_C008_Mototaxi_Electrica_P07,4.0,78.69235923610348,-1.0,16.52306631312417
1,EV_B13_C008_Mototaxi_Electrica_P07,3.0,78.69235923610348,-1.0,16.52306631312417
1,EV_B13_C008_Mototaxi_Electrica_P07,2.0,78.69235923610348,-1.0,16.52306631312417
1,EV_B13_C008_Mototaxi_Electrica_P07,1.0,78.69235923610348,-1.0,16.52306631312417
1,EV_B13_C008_Mototaxi_Electrica_P07,0.0,78.69235923610348,-1.0,16.52306631312417
3,NONE,-1.0,-0.1,-1.0,-0.1
3,NONE,-1.0,-0.1,-1.0,-0.1
3,NONE,-1.0,-0.1,-1.0,-0.1
3,NONE,-1.0,-0.1,-1.0,-0.1
3,NONE,-1.0,-0.1,-1.0,-0.1
3,NONE,-1.0,-0.1,-1.0,-0.1
3,NONE,-1.0,-0.1,-1.0,-0.1
3,NONE,-1.0,-0.1,-1.0,-0.1
3,NONE,-1.0,-0.1,-1.0,-0.1
3,NONE,-1.0,-0.1,-1.0,-0.1
3,NONE,-1.0,-0.1,-1.0,-0.1
3,NONE,-1.0,-0.1,-1.0,-0.1
3,NONE,-1.0,-0.1,-1.0,-0.1
3,NONE,-1.0,-0.1,-1.0,-0.1
3,NONE,-1.0,-0.1,-1.0,-0.1
3,NONE,-1.0,-0.1,-1.0,-0.1
3,NONE,-1.0,-0.1,-1.0,-0.1
3,NONE,-1.0,-0.1,-1.0,-0.1
3,NONE,-1.0,-0.1,-1.0,-0.1
3,NONE,-1.0,-0.1,-1.0,-0.1
3,NONE,-1.0,-0.1,-1.0,-0.1
3,NONE,-1.0,-0.1,-1.0,-0.1
3,NONE,-1.0,-0.1,-1.0,-0.1
3,NONE,-1.0,-0.1,-1.0,-0.1
3,NONE,-1.0,-0.1,-1.0,-0.1
3,NONE,-1.0,-0.1,-1.0,-0.1
3,NONE,-1.0,-0.1,-1.0,-0.1
3,NONE,-1.0,-0.1,-1.0,-0.1
3,NONE,-1.0,-0.1,-1.0,-0.1
3,NONE,-1.0,-0.1,-1.0,-0.1
3,NONE,-1.0,-0.1,-1.0,-0.1
3,NONE,-1.0,-0.1,-1.0,-0.1
3,NONE,-1.0,-0.1,-1.0,-0.1
3,NONE,-1.0,-0.1,-1.0,-0.1
3,NONE,-1.0,-0.1,-1.0,-0.1
3,NONE,-1.0,-0.1,-1.0,-0.1
3,NONE,-1.0,-0.1,-1.0,-0.1
3,NONE,-1.0,-0.1,-1.0,-0.1
3,NONE,-1.0,-0.1,-1.0,-0.1
3,NONE,-1.0,-0.1,-1.0,-0.1
3,NONE,-1.0,-0.1,-1.0,-0.1
3,NONE,-1.0,-0.1,-1.0,-0.1
3,NONE,-1.0,-0.1,-1.0,-0.1
3,NONE,-1.0,-0.1,-1.0,-0.1
3,NONE,-1.0,-0.1,-1.0,-0.1
3,NONE,-1.0,-0.1,-1.0,-0.1
3,NONE,-1.0,-0.1,-1.0,-0.1
3,NONE,-1.0,-0.1,-1.0,-0.1
3,NONE,-1.0,-0.1,-1.0,-0.1
3,NONE,-1.0,-0.1,-1.0,-0.1
3,NONE,-1.0,-0.1,-1.0,-0.1
3,NONE,-1.0,-0.1,-1.0,-0.1
3,NONE,-1.0,-0.1,-1.0,-0.1
3,NONE,-1.0,-0.1,-1.0,-0.1
3,NONE,-1.0,-0.1,-1.0,-0.1
3,NONE,-1.0,-0.1,-1.0,-0.1
3,NONE,-1.0,-0.1,-1.0,-0.1
3,NONE,-1.0,-0.1,-1.0,-0.1
3,NONE,-1.0,-0.1,-1.0,-0.1
3,NONE,-1.0,-0.1,-1.0,-0.1
3,NONE,-1.0,-0.1,-1.0,-0.1
3,NONE,-1.0,-0.1,-1.0,-0.1
3,NONE,-1.0,-0.1,-1.0,-0.1
3,NONE,-1.0,-0.1,-1.0,-0.1
2,EV_B13_C008_Mototaxi_Electrica_P08,-1.0,-0.1,7.0,23.104020723107986
1,EV_B13_C008_Mototaxi_Electrica_P08,5.0,90.43930908044481,-1.0,23.104020723107986
1,EV_B13_C008_Mototaxi_Electrica_P08,4.0,90.43930908044481,-1.0,23.104020723107986
1,EV_B13_C008_Mototaxi_Electrica_P08,3.0,90.43930908044481,-1.0,23.104020723107986
1,EV_B13_C008_Mototaxi_Electrica_P08,2.0,90.43930908044481,-1.0,23.104020723107986
1,EV_B13_C008_Mototaxi_Electrica_P08,1.0,90.43930908044481,-1.0,23.104020723107986
1,EV_B13_C008_Mototaxi_Electrica_P08,0.0,90.43930908044481,-1.0,23.104020723107986
3,NONE,-1.0,-0.1,-1.0,-0.1
3,NONE,-1.0,-0.1,-1.0,-0.1
3,NONE,-1.0,-0.1,-1.0,-0.1
3,NONE,-1.0,-0.1,-1.0,-0.1
3,NONE,-1.0,-0.1,-1.0,-0.1
3,NONE,-1.0,-0.1,-1.0,-0.1
3,NONE,-1.0,-0.1,-1.0,-0.1
3,NONE,-1.0,-0.1,-1.0,-0.1
3,NONE,-1.0,-0.1,-1.0,-0.1
3,NONE,-1.0,-0.1,-1.0,-0.1
3,NONE,-1.0,-0.1,-1.0,-0.1
3,NONE,-1.0,-0.1,-1.0,-0.1
3,NONE,-1.0,-0.1,-1.0,-0.1
3,NONE,-1.0,-0.1,-1.0,-0.1
3,NONE,-1.0,-0.1,-1.0,-0.1
3,NONE,-1.0,-0.1,-1.0,-0.1
3,NONE,-1.0,-0.1,-1.0,-0.1
2,EV_B13_C008_Mototaxi_Electrica_P09,-1.0,-0.1,7.0,39.23922820812588
1,EV_B13_C008_Mototaxi_Electrica_P09,6.0,88.89154615892511,-1.0,39.23922820812588
1,EV_B13_C008_Mototaxi_Electrica_P09,5.0,88.89154615892511,-1.0,39.23922820812588
1,EV_B13_C008_Mototaxi_Electrica_P09,4.0,88.89154615892511,-1.0,39.23922820812588
1,EV_B13_C008_Mototaxi_Electrica_P09,3.0,88.89154615892511,-1.0,39.23922820812588
1,EV_B13_C008_Mototaxi_Electrica_P09,2.0,88.89154615892511,-1.0,39.23922820812588
1,EV_B13_C008_Mototaxi_Electrica_P09,1.0,88.89154615892511,-1.0,39.23922820812588
1,EV_B13_C008_Mototaxi_Electrica_P09,0.0,88.89154615892511,-1.0,39.23922820812588
3,NONE,-1.0,-0.1,-1.0,-0.1
3,NONE,-1.0,-0.1,-1.0,-0.1
3,NONE,-1.0,-0.1,-1.0,-0.1
3,NONE,-1.0,-0.1,-1.0,-0.1
3,NONE,-1.0,-0.1,-1.0,-0.1
3,NONE,-1.0,-0.1,-1.0,-0.1
3,NONE,-1.0,-0.1,-1.0,-0.1
3,NONE,-1.0,-0.1,-1.0,-0.1
3,NONE,-1.0,-0.1,-1.0,-0.1
3,NONE,-1.0,-0.1,-1.0,-0.1
3,NONE,-1.0,-0.1,-1.0,-0.1
3,NONE,-1.0,-0.1,-1.0,-0.1
3,NONE,-1.0,-0.1,-1.0,-0.1
3,NONE,-1.0,-0.1,-1.0,-0.1
3,NONE,-1.0,-0.1,-1.0,-0.1
3,NONE,-1.0,-0.1,-1.0,-0.1
3,NONE,-1.0,-0.1,-1.0,-0.1
3,NONE,-1.0,-0.1,-1.0,-0.1
2,EV_B13_C008_Mototaxi_Electrica_P10,-1.0,-0.1,9.0,32.33583928401836
1,EV_B13_C008_Mototaxi_Electrica_P10,5.0,79.41680336020056,-1.0,32.33583928401836
1,EV_B13_C008_Mototaxi_Electrica_P10,4.0,79.41680336020056,-1.0,32.33583928401836
1,EV_B13_C008_Mototaxi_Electrica_P10,3.0,79.41680336020056,-1.0,32.33583928401836
1,EV_B13_C008_Mototaxi_Electrica_P10,2.0,79.41680336020056,-1.0,32.33583928401836
1,EV_B13_C008_Mototaxi_Electrica_P10,1.0,79.41680336020056,-1.0,32.33583928401836
1,EV_B13_C008_Mototaxi_Electrica_P10,0.0,79.41680336020056,-1.0,32.33583928401836
3,NONE,-1.0,-0.1,-1.0,-0.1
3,NONE,-1.0,-0.1,-1.0,-0.1
3,NONE,-1.0,-0.1,-1.0,-0.1
3,NONE,-1.0,-0.1,-1.0,-0.1
3,NONE,-1.0,-0.1,-1.0,-0.1
3,NONE,-1.0,-0.1,-1.0,-0.1
3,NONE,-1.0,-0.1,-1.0,-0.1
3,NONE,-1.0,-0.1,-1.0,-0.1
3,NONE,-1.0,-0.1,-1.0,-0.1
3,NONE,-1.0,-0.1,-1.0,-0.1
3,NONE,-1.0,-0.1,-1.0,-0.1
3,NONE,-1.0,-0.1,-1.0,-0.1
3,NONE,-1.0,-0.1,-1.0,-0.1
3,NONE,-1.0,-0.1,-1.0,-0.1
3,NONE,-1.0,-0.1,-1.0,-0.1
3,NONE,-1.0,-0.1,-1.0,-0.1
3,NONE,-1.0,-0.1,-1.0,-0.1
3,NONE,-1.0,-0.1,-1.0,-0.1
3,NONE,-1.0,-0.1,-1.0,-0.1
3,NONE,-1.0,-0.1,-1.0,-0.1
3,NONE,-1.0,-0.1,-1.0,-0.1
3,NONE,-1.0,-0.1,-1.0,-0.1
3,NONE,-1.0,-0.1,-1.0,-0.1
3,NONE,-1.0,-0.1,-1.0,-0.1
3,NONE,-1.0,-0.1,-1.0,-0.1
3,NONE,-1.0,-0.1,-1.0,-0.1
3,NONE,-1.0,-0.1,-1.0,-0.1
3,NONE,-1.0,-0.1,-1.0,-0.1
3,NONE,-1.0,-0.1,-1.0,-0.1
3,NONE,-1.0,-0.1,-1.0,-0.1
3,NONE,-1.0,-0.1,-1.0,-0.1
3,NONE,-1.0,-0.1,-1.0,-0.1
3,NONE,-1.0,-0.1,-1.0,-0.1
3,NONE,-1.0,-0.1,-1.0,-0.1
3,NONE,-1.0,-0.1,-1.0,-0.1
3,NONE,-1.0,-0.1,-1.0,-0.1
3,NONE,-1.0,-0.1,-1.0,-0.1
3,NONE,-1.0,-0.1,-1.0,-0.1
3,NONE,-1.0,-0.1,-1.0,-0.1
3,NONE,-1.0,-0.1,-1.0,-0.1
2,EV_B13_C008_Mototaxi_Electrica_P01,-1.0,-0.1,8.0,34.128745176764916
1,EV_B13_C008_Mototaxi_Electrica_P01,6.0,79.6454481115771,-1.0,34.128745176764916
1,EV_B13_C008_Mototaxi_Electrica_P01,5.0,79.6454481115771,-1.0,34.128745176764916
1,EV_B13_C008_Mototaxi_Electrica_P01,4.0,79.6454481115771,-1.0,34.128745176764916
1,EV_B13_C008_Mototaxi_Electrica_P01,3.0,79.6454481115771,-1.0,34.128745176764916
1,EV_B13_C008_Mototaxi_Electrica_P01,2.0,79.6454481115771,-1.0,34.128745176764916
1,EV_B13_C008_Mototaxi_Electrica_P01,1.0,79.6454481115771,-1.0,34.128745176764916
1,EV_B13_C008_Mototaxi_Electrica_P01,0.0,79.6454481115771,-1.0,34.128745176764916
3,NONE,-1.0,-0.1,-1.0,-0.1
3,NONE,-1.0,-0.1,-1.0,-0.1
3,NONE,-1.0,-0.1,-1.0,-0.1
3,NONE,-1.0,-0.1,-1.0,-0.1
3,NONE,-1.0,-0.1,-1.0,-0.1
3,NONE,-1.0,-0.1,-1.0,-0.1
3,NONE,-1.0,-0.1,-1.0,-0.1
3,NONE,-1.0,-0.1,-1.0,-0.1
3,NONE,-1.0,-0.1,-1.0,-0.1
3,NONE,-1.0,-0.1,-1.0,-0.1
3,NONE,-1.0,-0.1,-1.0,-0.1
3,NONE,-1.0,-0.1,-1.0,-0.1
3,NONE,-1.0,-0.1,-1.0,-0.1
3,NONE,-1.0,-0.1,-1.0,-0.1
3,NONE,-1.0,-0.1,-1.0,-0.1
3,NONE,-1.0,-0.1,-1.0,-0.1
3,NONE,-1.0,-0.1,-1.0,-0.1
3,NONE,-1.0,-0.1,-1.0,-0.1
3,NONE,-1.0,-0.1,-1.0,-0.1
3,NONE,-1.0,-0.1,-1.0,-0.1
3,NONE,-1.0,-0.1,-1.0,-0.1
3,NONE,-1.0,-0.1,-1.0,-0.1
3,NONE,-1.0,-0.1,-1.0,-0.1
3,NONE,-1.0,-0.1,-1.0,-0.1
3,NONE,-1.0,-0.1,-1.0,-0.1
3,NONE,-1.0,-0.1,-1.0,-0.1
3,NONE,-1.0,-0.1,-1.0,-0.1
3,NONE,-1.0,-0.1,-1.0,-0.1
3,NONE,-1.0,-0.1,-1.0,-0.1
3,NONE,-1.0,-0.1,-1.0,-0.1
3,NONE,-1.0,-0.1,-1.0,-0.1
3,NONE,-1.0,-0.1,-1.0,-0.1
3,NONE,-1.0,-0.1,-1.0,-0.1
3,NONE,-1.0,-0.1,-1.0,-0.1
3,NONE,-1.0,-0.1,-1.0,-0.1
3,NONE,-1.0,-0.1,-1.0,-0.1
3,NONE,-1.0,-0.1,-1.0,-0.1
3,NONE,-1.0,-0.1,-1.0,-0.1
3,NONE,-1.0,-0.1,-1.0,-0.1
3,NONE,-1.0,-0.1,-1.0,-0.1
3,NONE,-1.0,-0.1,-1.0,-0.1
3,NONE,-1.0,-0.1,-1.0,-0.1
3,NONE,-1.0,-0.1,-1.0,-0.1
3,NONE,-1.0,-0.1,-1.0,-0.1
3,NONE,-1.0,-0.1,-1.0,-0.1
3,NONE,-1.0,-0.1,-1.0,-0.1
3,NONE,-1.0,-0.1,-1.0,-0.1
3,NONE,-1.0,-0.1,-1.0,-0.1
3,NONE,-1.0,-0.1,-1.0,-0.1
3,NONE,-1.0,-0.1,-1.0,-0.1
3,NONE,-1.0,-0.1,-1.0,-0.1
3,NONE,-1.0,-0.1,-1.0,-0.1
3,NONE,-1.0,-0.1,-1.0,-0.1
3,NONE,-1.0,-0.1,-1.0,-0.1
3,NONE,-1.0,-0.1,-1.0,-0.1
3,NONE,-1.0,-0.1,-1.0,-0.1
3,NONE,-1.0,-0.1,-1.0,-0.1
3,NONE,-1.0,-0.1,-1.0,-0.1
3,NONE,-1.0,-0.1,-1.0,-0.1
3,NONE,-1.0,-0.1,-1.0,-0.1
3,NONE,-1.0,-0.1,-1.0,-0.1
3,NONE,-1.0,-0.1,-1.0,-0.1
3,NONE,-1.0,-0.1,-1.0,-0.1
3,NONE,-1.0,-0.1,-1.0,-0.1
2,EV_B13_C008_Mototaxi_Electrica_P02,-1.0,-0.1,8.0,37.8925870141775
1,EV_B13_C008_Mototaxi_Electrica_P02,6.0,79.88957783648783,-1.0,37.8925870141775
1,EV_B13_C008_Mototaxi_Electrica_P02,5.0,79.88957783648783,-1.0,37.8925870141775
1,EV_B13_C008_Mototaxi_Electrica_P02,4.0,79.88957783648783,-1.0,37.8925870141775
1,EV_B13_C008_Mototaxi_Electrica_P02,3.0,79.88957783648783,-1.0,37.8925870141775
1,EV_B13_C008_Mototaxi_Electrica_P02,2.0,79.88957783648783,-1.0,37.8925870141775
1,EV_B13_C008_Mototaxi_Electrica_P02,1.0,79.88957783648783,-1.0,37.8925870141775
1,EV_B13_C008_Mototaxi_Electrica_P02,0.0,79.88957783648783,-1.0,37.8925870141775
3,NONE,-1.0,-0.1,-1.0,-0.1
3,NONE,-1.0,-0.1,-1.0,-0.1
3,NONE,-1.0,-0.1,-1.0,-0.1
3,NONE,-1.0,-0.1,-1.0,-0.1
3,NONE,-1.0,-0.1,-1.0,-0.1
3,NONE,-1.0,-0.1,-1.0,-0.1
3,NONE,-1.0,-0.1,-1.0,-0.1
3,NONE,-1.0,-0.1,-1.0,-0.1
3,NONE,-1.0,-0.1,-1.0,-0.1
3,NONE,-1.0,-0.1,-1.0,-0.1
3,NONE,-1.0,-0.1,-1.0,-0.1
3,NONE,-1.0,-0.1,-1.0,-0.1
3,NONE,-1.0,-0.1,-1.0,-0.1
3,NONE,-1.0,-0.1,-1.0,-0.1
3,NONE,-1.0,-0.1,-1.0,-0.1
3,NONE,-1.0,-0.1,-1.0,-0.1
3,NONE,-1.0,-0.1,-1.0,-0.1
2,EV_B13_C008_Mototaxi_Electrica_P03,-1.0,-0.1,9.0,46.56095550474142
1,EV_B13_C008_Mototaxi_Electrica_P03,5.0,87.07408870277503,-1.0,46.56095550474142
1,EV_B13_C008_Mototaxi_Electrica_P03,4.0,87.07408870277503,-1.0,46.56095550474142
1,EV_B13_C008_Mototaxi_Electrica_P03,3.0,87.07408870277503,-1.0,46.56095550474142
1,EV_B13_C008_Mototaxi_Electrica_P03,2.0,87.07408870277503,-1.0,46.56095550474142
1,EV_B13_C008_Mototaxi_Electrica_P03,1.0,87.07408870277503,-1.0,46.56095550474142
1,EV_B13_C008_Mototaxi_Electrica_P03,0.0,87.07408870277503,-1.0,46.56095550474142
3,NONE,-1.0,-0.1,-1.0,-0.1
3,NONE,-1.0,-0.1,-1.0,-0.1
3,NONE,-1.0,-0.1,-1.0,-0.1
3,NONE,-1.0,-0.1,-1.0,-0.1
3,NONE,-1.0,-0.1,-1.0,-0.1
3,NONE,-1.0,-0.1,-1.0,-0.1
3,NONE,-1.0,-0.1,-1.0,-0.1
3,NONE,-1.0,-0.1,-1.0,-0.1
3,NONE,-1.0,-0.1,-1.0,-0.1
3,NONE,-1.0,-0.1,-1.0,-0.1
3,NONE,-1.0,-0.1,-1.0,-0.1
3,NONE,-1.0,-0.1,-1.0,-0.1
3,NONE,-1.0,-0.1,-1.0,-0.1
3,NONE,-1.0,-0.1,-1.0,-0.1
3,NONE,-1.0,-0.1,-1.0,-0.1
3,NONE,-1.0,-0.1,-1.0,-0.1
2,EV_B13_C008_Mototaxi_Electrica_P04,-1.0,-0.1,8.0,36.30631113379966
1,EV_B13_C008_Mototaxi_Electrica_P04,6.0,91.8353384514977,-1.0,36.30631113379966
1,EV_B13_C008_Mototaxi_Electrica_P04,5.0,91.8353384514977,-1.0,36.30631113379966
1,EV_B13_C008_Mototaxi_Electrica_P04,4.0,91.8353384514977,-1.0,36.30631113379966
1,EV_B13_C008_Mototaxi_Electrica_P04,3.0,91.8353384514977,-1.0,36.30631113379966
1,EV_B13_C008_Mototaxi_Electrica_P04,2.0,91.8353384514977,-1.0,36.30631113379966
1,EV_B13_C008_Mototaxi_Electrica_P04,1.0,91.8353384514977,-1.0,36.30631113379966
1,EV_B13_C008_Mototaxi_Electrica_P04,0.0,91.8353384514977,-1.0,36.30631113379966
3,NONE,-1.0,-0.1,-1.0,-0.1
3,NONE,-1.0,-0.1,-1.0,-0.1
3,NONE,-1.0,-0.1,-1.0,-0.1
3,NONE,-1.0,-0.1,-1.0,-0.1
3,NONE,-1.0,-0.1,-1.0,-0.1
3,NONE,-1.0,-0.1,-1.0,-0.1
3,NONE,-1.0,-0.1,-1.0,-0.1
3,NONE,-1.0,-0.1,-1.0,-0.1
3,NONE,-1.0,-0.1,-1.0,-0.1
3,NONE,-1.0,-0.1,-1.0,-0.1
3,NONE,-1.0,-0.1,-1.0,-0.1
3,NONE,-1.0,-0.1,-1.0,-0.1
3,NONE,-1.0,-0.1,-1.0,-0.1
3,NONE,-1.0,-0.1,-1.0,-0.1
3,NONE,-1.0,-0.1,-1.0,-0.1
3,NONE,-1.0,-0.1,-1.0,-0.1
3,NONE,-1.0,-0.1,-1.0,-0.1
2,EV_B13_C008_Mototaxi_Electrica_P05,-1.0,-0.1,9.0,43.318567352879754
1,EV_B13_C008_Mototaxi_Electrica_P05,5.0,90.05249989152192,-1.0,43.318567352879754
1,EV_B13_C008_Mototaxi_Electrica_P05,4.0,90.05249989152192,-1.0,43.318567352879754
1,EV_B13_C008_Mototaxi_Electrica_P05,3.0,90.05249989152192,-1.0,43.318567352879754
1,EV_B13_C008_Mototaxi_Electrica_P05,2.0,90.05249989152192,-1.0,43.318567352879754
1,EV_B13_C008_Mototaxi_Electrica_P05,1.0,90.05249989152192,-1.0,43.318567352879754
1,EV_B13_C008_Mototaxi_Electrica_P05,0.0,90.05249989152192,-1.0,43.318567352879754
3,NONE,-1.0,-0.1,-1.0,-0.1
3,NONE,-1.0,-0.1,-1.0,-0.1
3,NONE,-1.0,-0.1,-1.0,-0.1
3,NONE,-1.0,-0.1,-1.0,-0.1
3,NONE,-1.0,-0.1,-1.0,-0.1
3,NONE,-1.0,-0.1,-1.0,-0.1
3,NONE,-1.0,-0.1,-1.0,-0.1
3,NONE,-1.0,-0.1,-1.0,-0.1
3,NONE,-1.0,-0.1,-1.0,-0.1
3,NONE,-1.0,-0.1,-1.0,-0.1
3,NONE,-1.0,-0.1,-1.0,-0.1
3,NONE,-1.0,-0.1,-1.0,-0.1
3,NONE,-1.0,-0.1,-1.0,-0.1
3,NONE,-1.0,-0.1,-1.0,-0.1
3,NONE,-1.0,-0.1,-1.0,-0.1
3,NONE,-1.0,-0.1,-1.0,-0.1
3,NONE,-1.0,-0.1,-1.0,-0.1
3,NONE,-1.0,-0.1,-1.0,-0.1
3,NONE,-1.0,-0.1,-1.0,-0.1
3,NONE,-1.0,-0.1,-1.0,-0.1
3,NONE,-1.0,-0.1,-1.0,-0.1
3,NONE,-1.0,-0.1,-1.0,-0.1
3,NONE,-1.0,-0.1,-1.0,-0.1
3,NONE,-1.0,-0.1,-1.0,-0.1
3,NONE,-1.0,-0.1,-1.0,-0.1
3,NONE,-1.0,-0.1,-1.0,-0.1
3,NONE,-1.0,-0.1,-1.0,-0.1
3,NONE,-1.0,-0.1,-1.0,-0.1
3,NONE,-1.0,-0.1,-1.0,-0.1
3,NONE,-1.0,-0.1,-1.0,-0.1
3,NONE,-1.0,-0.1,-1.0,-0.1
3,NONE,-1.0,-0.1,-1.0,-0.1
3,NONE,-1.0,-0.1,-1.0,-0.1
3,NONE,-1.0,-0.1,-1.0,-0.1
3,NONE,-1.0,-0.1,-1.0,-0.1
3,NONE,-1.0,-0.1,-1.0,-0.1
3,NONE,-1.0,-0.1,-1.0,-0.1
3,NONE,-1.0,-0.1,-1.0,-0.1
3,NONE,-1.0,-0.1,-1.0,-0.1
3,NONE,-1.0,-0.1,-1.0,-0.1
3,NONE,-1.0,-0.1,-1.0,-0.1
3,NONE,-1.0,-0.1,-1.0,-0.1
3,NONE,-1.0,-0.1,-1.0,-0.1
3,NONE,-1.0,-0.1,-1.0,-0.1
3,NONE,-1.0,-0.1,-1.0,-0.1
3,NONE,-1.0,-0.1,-1.0,-0.1
3,NONE,-1.0,-0.1,-1.0,-0.1
3,NONE,-1.0,-0.1,-1.0,-0.1
3,NONE,-1.0,-0.1,-1.0,-0.1
3,NONE,-1.0,-0.1,-1.0,-0.1
3,NONE,-1.0,-0.1,-1.0,-0.1
3,NONE,-1.0,-0.1,-1.0,-0.1
3,NONE,-1.0,-0.1,-1.0,-0.1
3,NONE,-1.0,-0.1,-1.0,-0.1
3,NONE,-1.0,-0.1,-1.0,-0.1
3,NONE,-1.0,-0.1,-1.0,-0.1
3,NONE,-1.0,-0.1,-1.0,-0.1
3,NONE,-1.0,-0.1,-1.0,-0.1
3,NONE,-1.0,-0.1,-1.0,-0.1
3,NONE,-1.0,-0.1,-1.0,-0.1
3,NONE,-1.0,-0.1,-1.0,-0.1
3,NONE,-1.0,-0.1,-1.0,-0.1
3,NONE,-1.0,-0.1,-1.0,-0.1
3,NONE,-1.0,-0.1,-1.0,-0.1
3,NONE,-1.0,-0.1,-1.0,-0.1
3,NONE,-1.0,-0.1,-1.0,-0.1
3,NONE,-1.0,-0.1,-1.0,-0.1
3,NONE,-1.0,-0.1,-1.0,-0.1
3,NONE,-1.0,-0.1,-1.0,-0.1
3,NONE,-1.0,-0.1,-1.0,-0.1
3,NONE,-1.0,-0.1,-1.0,-0.1
3,NONE,-1.0,-0.1,-1.0,-0.1
3,NONE,-1.0,-0.1,-1.0,-0.1
3,NONE,-1.0,-0.1,-1.0,-0.1
3,NONE,-1.0,-0.1,-1.0,-0.1
3,NONE,-1.0,-0.1,-1.0,-0.1
3,NONE,-1.0,-0.1,-1.0,-0.1
3,NONE,-1.0,-0.1,-1.0,-0.1
3,NONE,-1.0,-0.1,-1.0,-0.1
3,NONE,-1.0,-0.1,-1.0,-0.1
3,NONE,-1.0,-0.1,-1.0,-0.1
3,NONE,-1.0,-0.1,-1.0,-0.1
3,NONE,-1.0,-0.1,-1.0,-0.1
3,NONE,-1.0,-0.1,-1.0,-0.1
3,NONE,-1.0,-0.1,-1.0,-0.1
3,NONE,-1.0,-0.1,-1.0,-0.1
3,NONE,-1.0,-0.1,-1.0,-0.1
2,EV_B13_C008_Mototaxi_Electrica_P06,-1.0,-0.1,7.0,20.158727874764544
1,EV_B13_C008_Mototaxi_Electrica_P06,6.0,82.50078958857777,-1.0,20.158727874764544
1,EV_B13_C008_Mototaxi_Electrica_P06,5.0,82.50078958857777,-1.0,20.158727874764544
1,EV_B13_C008_Mototaxi_Electrica_P06,4.0,82.50078958857777,-1.0,20.158727874764544
1,EV_B13_C008_Mototaxi_Electrica_P06,3.0,82.50078958857777,-1.0,20.158727874764544
1,EV_B13_C008_Mototaxi_Electrica_P06,2.0,82.50078958857777,-1.0,20.158727874764544
1,EV_B13_C008_Mototaxi_Electrica_P06,1.0,82.50078958857777,-1.0,20.158727874764544
1,EV_B13_C008_Mototaxi_Electrica_P06,0.0,82.50078958857777,-1.0,20.158727874764544
3,NONE,-1.0,-0.1,-1.0,-0.1
3,NONE,-1.0,-0.1,-1.0,-0.1
3,NONE,-1.0,-0.1,-1.0,-0.1
3,NONE,-1.0,-0.1,-1.0,-0.1
3,NONE,-1.0,-0.1,-1.0,-0.1
3,NONE,-1.0,-0.1,-1.0,-0.1
3,NONE,-1.0,-0.1,-1.0,-0.1
3,NONE,-1.0,-0.1,-1.0,-0.1
3,NONE,-1.0,-0.1,-1.0,-0.1
3,NONE,-1.0,-0.1,-1.0,-0.1
3,NONE,-1.0,-0.1,-1.0,-0.1
3,NONE,-1.0,-0.1,-1.0,-0.1
3,NONE,-1.0,-0.1,-1.0,-0.1
3,NONE,-1.0,-0.1,-1.0,-0.1
3,NONE,-1.0,-0.1,-1.0,-0.1
3,NONE,-1.0,-0.1,-1.0,-0.1
2,EV_B13_C008_Mototaxi_Electrica_P07,-1.0,-0.1,7.0,31.51585894221408
1,EV_B13_C008_Mototaxi_Electrica_P07,6.0,89.75066550306914,-1.0,31.51585894221408
1,EV_B13_C008_Mototaxi_Electrica_P07,5.0,89.75066550306914,-1.0,31.51585894221408
1,EV_B13_C008_Mototaxi_Electrica_P07,4.0,89.75066550306914,-1.0,31.51585894221408
1,EV_B13_C008_Mototaxi_Electrica_P07,3.0,89.75066550306914,-1.0,31.51585894221408
1,EV_B13_C008_Mototaxi_Electrica_P07,2.0,89.75066550306914,-1.0,31.51585894221408
1,EV_B13_C008_Mototaxi_Electrica_P07,1.0,89.75066550306914,-1.0,31.51585894221408
1,EV_B13_C008_Mototaxi_Electrica_P07,0.0,89.75066550306914,-1.0,31.51585894221408
3,NONE,-1.0,-0.1,-1.0,-0.1
3,NONE,-1.0,-0.1,-1.0,-0.1
3,NONE,-1.0,-0.1,-1.0,-0.1
3,NONE,-1.0,-0.1,-1.0,-0.1
3,NONE,-1.0,-0.1,-1.0,-0.1
3,NONE,-1.0,-0.1,-1.0,-0.1
3,NONE,-1.0,-0.1,-1.0,-0.1
3,NONE,-1.0,-0.1,-1.0,-0.1
3,NONE,-1.0,-0.1,-1.0,-0.1
3,NONE,-1.0,-0.1,-1.0,-0.1
3,NONE,-1.0,-0.1,-1.0,-0.1
3,NONE,-1.0,-0.1,-1.0,-0.1
3,NONE,-1.0,-0.1,-1.0,-0.1
3,NONE,-1.0,-0.1,-1.0,-0.1
3,NONE,-1.0,-0.1,-1.0,-0.1
3,NONE,-1.0,-0.1,-1.0,-0.1
3,NONE,-1.0,-0.1,-1.0,-0.1
3,NONE,-1.0,-0.1,-1.0,-0.1
2,EV_B13_C008_Mototaxi_Electrica_P08,-1.0,-0.1,9.0,43.89726427705952
1,EV_B13_C008_Mototaxi_Electrica_P08,5.0,72.36875959295683,-1.0,43.89726427705952
1,EV_B13_C008_Mototaxi_Electrica_P08,4.0,72.36875959295683,-1.0,43.89726427705952
1,EV_B13_C008_Mototaxi_Electrica_P08,3.0,72.36875959295683,-1.0,43.89726427705952
1,EV_B13_C008_Mototaxi_Electrica_P08,2.0,72.36875959295683,-1.0,43.89726427705952
1,EV_B13_C008_Mototaxi_Electrica_P08,1.0,72.36875959295683,-1.0,43.89726427705952
1,EV_B13_C008_Mototaxi_Electrica_P08,0.0,72.36875959295683,-1.0,43.89726427705952
3,NONE,-1.0,-0.1,-1.0,-0.1
3,NONE,-1.0,-0.1,-1.0,-0.1
3,NONE,-1.0,-0.1,-1.0,-0.1
3,NONE,-1.0,-0.1,-1.0,-0.1
3,NONE,-1.0,-0.1,-1.0,-0.1
3,NONE,-1.0,-0.1,-1.0,-0.1
3,NONE,-1.0,-0.1,-1.0,-0.1
3,NONE,-1.0,-0.1,-1.0,-0.1
3,NONE,-1.0,-0.1,-1.0,-0.1
3,NONE,-1.0,-0.1,-1.0,-0.1
3,NONE,-1.0,-0.1,-1.0,-0.1
3,NONE,-1.0,-0.1,-1.0,-0.1
3,NONE,-1.0,-0.1,-1.0,-0.1
3,NONE,-1.0,-0.1,-1.0,-0.1
3,NONE,-1.0,-0.1,-1.0,-0.1
2,EV_B13_C008_Mototaxi_Electrica_P09,-1.0,-0.1,7.0,23.5919284885829
1,EV_B13_C008_Mototaxi_Electrica_P09,6.0,77.21964627900734,-1.0,23.5919284885829
1,EV_B13_C008_Mototaxi_Electrica_P09,5.0,77.21964627900734,-1.0,23.5919284885829
1,EV_B13_C008_Mototaxi_Electrica_P09,4.0,77.21964627900734,-1.0,23.5919284885829
1,EV_B13_C008_Mototaxi_Electrica_P09,3.0,77.21964627900734,-1.0,23.5919284885829
1,EV_B13_C008_Mototaxi_Electrica_P09,2.0,77.21964627900734,-1.0,23.5919284885829
1,EV_B13_C008_Mototaxi_Electrica_P09,1.0,77.21964627900734,-1.0,23.5919284885829
1,EV_B13_C008_Mototaxi_Electrica_P09,0.0,77.21964627900734,-1.0,23.5919284885829
3,NONE,-1.0,-0.1,-1.0,-0.1
3,NONE,-1.0,-0.1,-1.0,-0.1
3,NONE,-1.0,-0.1,-1.0,-0.1
3,NONE,-1.0,-0.1,-1.0,-0.1
3,NONE,-1.0,-0.1,-1.0,-0.1
3,NONE,-1.0,-0.1,-1.0,-0.1
3,NONE,-1.0,-0.1,-1.0,-0.1
3,NONE,-1.0,-0.1,-1.0,-0.1
3,NONE,-1.0,-0.1,-1.0,-0.1
3,NONE,-1.0,-0.1,-1.0,-0.1
3,NONE,-1.0,-0.1,-1.0,-0.1
3,NONE,-1.0,-0.1,-1.0,-0.1
3,NONE,-1.0,-0.1,-1.0,-0.1
3,NONE,-1.0,-0.1,-1.0,-0.1
3,NONE,-1.0,-0.1,-1.0,-0.1
3,NONE,-1.0,-0.1,-1.0,-0.1
2,EV_B13_C008_Mototaxi_Electrica_P10,-1.0,-0.1,7.0,17.330488772017468
1,EV_B13_C008_Mototaxi_Electrica_P10,7.0,80.64338158450002,-1.0,17.330488772017468
1,EV_B13_C008_Mototaxi_Electrica_P10,6.0,80.64338158450002,-1.0,17.330488772017468
1,EV_B13_C008_Mototaxi_Electrica_P10,5.0,80.64338158450002,-1.0,17.330488772017468
1,EV_B13_C008_Mototaxi_Electrica_P10,4.0,80.64338158450002,-1.0,17.330488772017468
1,EV_B13_C008_Mototaxi_Electrica_P10,3.0,80.64338158450002,-1.0,17.330488772017468
1,EV_B13_C008_Mototaxi_Electrica_P10,2.0,80.64338158450002,-1.0,17.330488772017468
1,EV_B13_C008_Mototaxi_Electrica_P10,1.0,80.64338158450002,-1.0,17.330488772017468
1,EV_B13_C008_Mototaxi_Electrica_P10,0.0,80.64338158450002,-1.0,17.330488772017468
3,NONE,-1.0,-0.1,-1.0,-0.1
3,NONE,-1.0,-0.1,-1.0,-0.1
3,NONE,-1.0,-0.1,-1.0,-0.1
3,NONE,-1.0,-0.1,-1.0,-0.1
3,NONE,-1.0,-0.1,-1.0,-0.1
3,NONE,-1.0,-0.1,-1.0,-0.1
3,NONE,-1.0,-0.1,-1.0,-0.1
3,NONE,-1.0,-0.1,-1.0,-0.1
3,NONE,-1.0,-0.1,-1.0,-0.1
3,NONE,-1.0,-0.1,-1.0,-0.1
3,NONE,-1.0,-0.1,-1.0,-0.1
3,NONE,-1.0,-0.1,-1.0,-0.1
3,NONE,-1.0,-0.1,-1.0,-0.1
3,NONE,-1.0,-0.1,-1.0,-0.1
3,NONE,-1.0,-0.1,-1.0,-0.1
3,NONE,-1.0,-0.1,-1.0,-0.1
3,NONE,-1.0,-0.1,-1.0,-0.1
3,NONE,-1.0,-0.1,-1.0,-0.1
3,NONE,-1.0,-0.1,-1.0,-0.1
3,NONE,-1.0,-0.1,-1.0,-0.1
3,NONE,-1.0,-0.1,-1.0,-0.1
3,NONE,-1.0,-0.1,-1.0,-0.1
3,NONE,-1.0,-0.1,-1.0,-0.1
3,NONE,-1.0,-0.1,-1.0,-0.1
3,NONE,-1.0,-0.1,-1.0,-0.1
3,NONE,-1.0,-0.1,-1.0,-0.1
3,NONE,-1.0,-0.1,-1.0,-0.1
3,NONE,-1.0,-0.1,-1.0,-0.1
3,NONE,-1.0,-0.1,-1.0,-0.1
3,NONE,-1.0,-0.1,-1.0,-0.1
3,NONE,-1.0,-0.1,-1.0,-0.1
3,NONE,-1.0,-0.1,-1.0,-0.1
3,NONE,-1.0,-0.1,-1.0,-0.1
3,NONE,-1.0,-0.1,-1.0,-0.1
3,NONE,-1.0,-0.1,-1.0,-0.1
3,NONE,-1.0,-0.1,-1.0,-0.1
3,NONE,-1.0,-0.1,-1.0,-0.1
3,NONE,-1.0,-0.1,-1.0,-0.1
3,NONE,-1.0,-0.1,-1.0,-0.1
3,NONE,-1.0,-0.1,-1.0,-0.1
3,NONE,-1.0,-0.1,-1.0,-0.1
3,NONE,-1.0,-0.1,-1.0,-0.1
3,NONE,-1.0,-0.1,-1.0,-0.1
3,NONE,-1.0,-0.1,-1.0,-0.1
3,NONE,-1.0,-0.1,-1.0,-0.1
3,NONE,-1.0,-0.1,-1.0,-0.1
3,NONE,-1.0,-0.1,-1.0,-0.1
3,NONE,-1.0,-0.1,-1.0,-0.1
3,NONE,-1.0,-0.1,-1.0,-0.1
3,NONE,-1.0,-0.1,-1.0,-0.1
3,NONE,-1.0,-0.1,-1.0,-0.1
3,NONE,-1.0,-0.1,-1.0,-0.1
3,NONE,-1.0,-0.1,-1.0,-0.1
3,NONE,-1.0,-0.1,-1.0,-0.1
3,NONE,-1.0,-0.1,-1.0,-0.1
3,NONE,-1.0,-0.1,-1.0,-0.1
3,NONE,-1.0,-0.1,-1.0,-0.1
3,NONE,-1.0,-0.1,-1.0,-0.1
3,NONE,-1.0,-0.1,-1.0,-0.1
3,NONE,-1.0,-0.1,-1.0,-0.1
3,NONE,-1.0,-0.1,-1.0,-0.1
3,NONE,-1.0,-0.1,-1.0,-0.1
3,NONE,-1.0,-0.1,-1.0,-0.1
2,EV_B13_C008_Mototaxi_Electrica_P01,-1.0,-0.1,7.0,24.9603168978743
1,EV_B13_C008_Mototaxi_Electrica_P01,6.0,81.42052165020112,-1.0,24.9603168978743
1,EV_B13_C008_Mototaxi_Electrica_P01,5.0,81.42052165020112,-1.0,24.9603168978743
1,EV_B13_C008_Mototaxi_Electrica_P01,4.0,81.42052165020112,-1.0,24.9603168978743
1,EV_B13_C008_Mototaxi_Electrica_P01,3.0,81.42052165020112,-1.0,24.9603168978743
1,EV_B13_C008_Mototaxi_Electrica_P01,2.0,81.42052165020112,-1.0,24.9603168978743
1,EV_B13_C008_Mototaxi_Electrica_P01,1.0,81.42052165020112,-1.0,24.9603168978743
1,EV_B13_C008_Mototaxi_Electrica_P01,0.0,81.42052165020112,-1.0,24.9603168978743
3,NONE,-1.0,-0.1,-1.0,-0.1
3,NONE,-1.0,-0.1,-1.0,-0.1
3,NONE,-1.0,-0.1,-1.0,-0.1
3,NONE,-1.0,-0.1,-1.0,-0.1
3,NONE,-1.0,-0.1,-1.0,-0.1
3,NONE,-1.0,-0.1,-1.0,-0.1
3,NONE,-1.0,-0.1,-1.0,-0.1
3,NONE,-1.0,-0.1,-1.0,-0.1
3,NONE,-1.0,-0.1,-1.0,-0.1
3,NONE,-1.0,-0.1,-1.0,-0.1
3,NONE,-1.0,-0.1,-1.0,-0.1
3,NONE,-1.0,-0.1,-1.0,-0.1
3,NONE,-1.0,-0.1,-1.0,-0.1
3,NONE,-1.0,-0.1,-1.0,-0.1
3,NONE,-1.0,-0.1,-1.0,-0.1
3,NONE,-1.0,-0.1,-1.0,-0.1
3,NONE,-1.0,-0.1,-1.0,-0.1
3,NONE,-1.0,-0.1,-1.0,-0.1
3,NONE,-1.0,-0.1,-1.0,-0.1
3,NONE,-1.0,-0.1,-1.0,-0.1
3,NONE,-1.0,-0.1,-1.0,-0.1
3,NONE,-1.0,-0.1,-1.0,-0.1
3,NONE,-1.0,-0.1,-1.0,-0.1
3,NONE,-1.0,-0.1,-1.0,-0.1
3,NONE,-1.0,-0.1,-1.0,-0.1
3,NONE,-1.0,-0.1,-1.0,-0.1
3,NONE,-1.0,-0.1,-1.0,-0.1
3,NONE,-1.0,-0.1,-1.0,-0.1
3,NONE,-1.0,-0.1,-1.0,-0.1
3,NONE,-1.0,-0.1,-1.0,-0.1
3,NONE,-1.0,-0.1,-1.0,-0.1
3,NONE,-1.0,-0.1,-1.0,-0.1
3,NONE,-1.0,-0.1,-1.0,-0.1
3,NONE,-1.0,-0.1,-1.0,-0.1
3,NONE,-1.0,-0.1,-1.0,-0.1
3,NONE,-1.0,-0.1,-1.0,-0.1
3,NONE,-1.0,-0.1,-1.0,-0.1
3,NONE,-1.0,-0.1,-1.0,-0.1
3,NONE,-1.0,-0.1,-1.0,-0.1
3,NONE,-1.0,-0.1,-1.0,-0.1
3,NONE,-1.0,-0.1,-1.0,-0.1
3,NONE,-1.0,-0.1,-1.0,-0.1
3,NONE,-1.0,-0.1,-1.0,-0.1
3,NONE,-1.0,-0.1,-1.0,-0.1
3,NONE,-1.0,-0.1,-1.0,-0.1
3,NONE,-1.0,-0.1,-1.0,-0.1
3,NONE,-1.0,-0.1,-1.0,-0.1
3,NONE,-1.0,-0.1,-1.0,-0.1
3,NONE,-1.0,-0.1,-1.0,-0.1
3,NONE,-1.0,-0.1,-1.0,-0.1
3,NONE,-1.0,-0.1,-1.0,-0.1
3,NONE,-1.0,-0.1,-1.0,-0.1
3,NONE,-1.0,-0.1,-1.0,-0.1
3,NONE,-1.0,-0.1,-1.0,-0.1
3,NONE,-1.0,-0.1,-1.0,-0.1
3,NONE,-1.0,-0.1,-1.0,-0.1
3,NONE,-1.0,-0.1,-1.0,-0.1
3,NONE,-1.0,-0.1,-1.0,-0.1
3,NONE,-1.0,-0.1,-1.0,-0.1
3,NONE,-1.0,-0.1,-1.0,-0.1
3,NONE,-1.0,-0.1,-1.0,-0.1
3,NONE,-1.0,-0.1,-1.0,-0.1
3,NONE,-1.0,-0.1,-1.0,-0.1
3,NONE,-1.0,-0.1,-1.0,-0.1
3,NONE,-1.0,-0.1,-1.0,-0.1
3,NONE,-1.0,-0.1,-1.0,-0.1
3,NONE,-1.0,-0.1,-1.0,-0.1
3,NONE,-1.0,-0.1,-1.0,-0.1
3,NONE,-1.0,-0.1,-1.0,-0.1
3,NONE,-1.0,-0.1,-1.0,-0.1
3,NONE,-1.0,-0.1,-1.0,-0.1
3,NONE,-1.0,-0.1,-1.0,-0.1
3,NONE,-1.0,-0.1,-1.0,-0.1
3,NONE,-1.0,-0.1,-1.0,-0.1
3,NONE,-1.0,-0.1,-1.0,-0.1
3,NONE,-1.0,-0.1,-1.0,-0.1
3,NONE,-1.0,-0.1,-1.0,-0.1
3,NONE,-1.0,-0.1,-1.0,-0.1
3,NONE,-1.0,-0.1,-1.0,-0.1
3,NONE,-1.0,-0.1,-1.0,-0.1
3,NONE,-1.0,-0.1,-1.0,-0.1
3,NONE,-1.0,-0.1,-1.0,-0.1
3,NONE,-1.0,-0.1,-1.0,-0.1
3,NONE,-1.0,-0.1,-1.0,-0.1
3,NONE,-1.0,-0.1,-1.0,-0.1
3,NONE,-1.0,-0.1,-1.0,-0.1
3,NONE,-1.0,-0.1,-1.0,-0.1
3,NONE,-1.0,-0.1,-1.0,-0.1
3,NONE,-1.0,-0.1,-1.0,-0.1
3,NONE,-1.0,-0.1,-1.0,-0.1
3,NONE,-1.0,-0.1,-1.0,-0.1
2,EV_B13_C008_Mototaxi_Electrica_P02,-1.0,-0.1,10.0,16.052673512573307
1,EV_B13_C008_Mototaxi_Electrica_P02,4.0,83.92968930693917,-1.0,16.052673512573307
1,EV_B13_C008_Mototaxi_Electrica_P02,3.0,83.92968930693917,-1.0,16.052673512573307
1,EV_B13_C008_Mototaxi_Electrica_P02,2.0,83.92968930693917,-1.0,16.052673512573307
1,EV_B13_C008_Mototaxi_Electrica_P02,1.0,83.92968930693917,-1.0,16.052673512573307
1,EV_B13_C008_Mototaxi_Electrica_P02,0.0,83.92968930693917,-1.0,16.052673512573307
3,NONE,-1.0,-0.1,-1.0,-0.1
3,NONE,-1.0,-0.1,-1.0,-0.1
3,NONE,-1.0,-0.1,-1.0,-0.1
3,NONE,-1.0,-0.1,-1.0,-0.1
3,NONE,-1.0,-0.1,-1.0,-0.1
3,NONE,-1.0,-0.1,-1.0,-0.1
3,NONE,-1.0,-0.1,-1.0,-0.1
3,NONE,-1.0,-0.1,-1.0,-0.1
3,NONE,-1.0,-0.1,-1.0,-0.1
3,NONE,-1.0,-0.1,-1.0,-0.1
3,NONE,-1.0,-0.1,-1.0,-0.1
3,NONE,-1.0,-0.1,-1.0,-0.1
3,NONE,-1.0,-0.1,-1.0,-0.1
3,NONE,-1.0,-0.1,-1.0,-0.1
3,NONE,-1.0,-0.1,-1.0,-0.1
3,NONE,-1.0,-0.1,-1.0,-0.1
3,NONE,-1.0,-0.1,-1.0,-0.1
3,NONE,-1.0,-0.1,-1.0,-0.1
3,NONE,-1.0,-0.1,-1.0,-0.1
3,NONE,-1.0,-0.1,-1.0,-0.1
3,NONE,-1.0,-0.1,-1.0,-0.1
3,NONE,-1.0,-0.1,-1.0,-0.1
3,NONE,-1.0,-0.1,-1.0,-0.1
3,NONE,-1.0,-0.1,-1.0,-0.1
3,NONE,-1.0,-0.1,-1.0,-0.1
3,NONE,-1.0,-0.1,-1.0,-0.1
3,NONE,-1.0,-0.1,-1.0,-0.1
3,NONE,-1.0,-0.1,-1.0,-0.1
3,NONE,-1.0,-0.1,-1.0,-0.1
3,NONE,-1.0,-0.1,-1.0,-0.1
3,NONE,-1.0,-0.1,-1.0,-0.1
3,NONE,-1.0,-0.1,-1.0,-0.1
3,NONE,-1.0,-0.1,-1.0,-0.1
3,NONE,-1.0,-0.1,-1.0,-0.1
3,NONE,-1.0,-0.1,-1.0,-0.1
3,NONE,-1.0,-0.1,-1.0,-0.1
3,NONE,-1.0,-0.1,-1.0,-0.1
3,NONE,-1.0,-0.1,-1.0,-0.1
3,NONE,-1.0,-0.1,-1.0,-0.1
3,NONE,-1.0,-0.1,-1.0,-0.1
3,NONE,-1.0,-0.1,-1.0,-0.1
3,NONE,-1.0,-0.1,-1.0,-0.1
3,NONE,-1.0,-0.1,-1.0,-0.1
3,NONE,-1.0,-0.1,-1.0,-0.1
3,NONE,-1.0,-0.1,-1.0,-0.1
3,NONE,-1.0,-0.1,-1.0,-0.1
3,NONE,-1.0,-0.1,-1.0,-0.1
3,NONE,-1.0,-0.1,-1.0,-0.1
3,NONE,-1.0,-0.1,-1.0,-0.1
3,NONE,-1.0,-0.1,-1.0,-0.1
3,NONE,-1.0,-0.1,-1.0,-0.1
3,NONE,-1.0,-0.1,-1.0,-0.1
3,NONE,-1.0,-0.1,-1.0,-0.1
3,NONE,-1.0,-0.1,-1.0,-0.1
3,NONE,-1.0,-0.1,-1.0,-0.1
3,NONE,-1.0,-0.1,-1.0,-0.1
3,NONE,-1.0,-0.1,-1.0,-0.1
3,NONE,-1.0,-0.1,-1.0,-0.1
3,NONE,-1.0,-0.1,-1.0,-0.1
3,NONE,-1.0,-0.1,-1.0,-0.1
3,NONE,-1.0,-0.1,-1.0,-0.1
3,NONE,-1.0,-0.1,-1.0,-0.1
3,NONE,-1.0,-0.1,-1.0,-0.1
3,NONE,-1.0,-0.1,-1.0,-0.1
3,NONE,-1.0,-0.1,-1.0,-0.1
2,EV_B13_C008_Mototaxi_Electrica_P03,-1.0,-0.1,9.0,23.20345464853424
1,EV_B13_C008_Mototaxi_Electrica_P03,5.0,76.52249828438106,-1.0,23.20345464853424
1,EV_B13_C008_Mototaxi_Electrica_P03,4.0,76.52249828438106,-1.0,23.20345464853424
1,EV_B13_C008_Mototaxi_Electrica_P03,3.0,76.52249828438106,-1.0,23.20345464853424
1,EV_B13_C008_Mototaxi_Electrica_P03,2.0,76.52249828438106,-1.0,23.20345464853424
1,EV_B13_C008_Mototaxi_Electrica_P03,1.0,76.52249828438106,-1.0,23.20345464853424
1,EV_B13_C008_Mototaxi_Electrica_P03,0.0,76.52249828438106,-1.0,23.20345464853424
3,NONE,-1.0,-0.1,-1.0,-0.1
3,NONE,-1.0,-0.1,-1.0,-0.1
3,NONE,-1.0,-0.1,-1.0,-0.1
3,NONE,-1.0,-0.1,-1.0,-0.1
3,NONE,-1.0,-0.1,-1.0,-0.1
3,NONE,-1.0,-0.1,-1.0,-0.1
3,NONE,-1.0,-0.1,-1.0,-0.1
3,NONE,-1.0,-0.1,-1.0,-0.1
3,NONE,-1.0,-0.1,-1.0,-0.1
3,NONE,-1.0,-0.1,-1.0,-0.1
3,NONE,-1.0,-0.1,-1.0,-0.1
3,NONE,-1.0,-0.1,-1.0,-0.1
3,NONE,-1.0,-0.1,-1.0,-0.1
3,NONE,-1.0,-0.1,-1.0,-0.1
3,NONE,-1.0,-0.1,-1.0,-0.1
3,NONE,-1.0,-0.1,-1.0,-0.1
2,EV_B13_C008_Mototaxi_Electrica_P04,-1.0,-0.1,8.0,40.04474896309044
1,EV_B13_C008_Mototaxi_Electrica_P04,6.0,92.97015365679492,-1.0,40.04474896309044
1,EV_B13_C008_Mototaxi_Electrica_P04,5.0,92.97015365679492,-1.0,40.04474896309044
1,EV_B13_C008_Mototaxi_Electrica_P04,4.0,92.97015365679492,-1.0,40.04474896309044
1,EV_B13_C008_Mototaxi_Electrica_P04,3.0,92.97015365679492,-1.0,40.04474896309044
1,EV_B13_C008_Mototaxi_Electrica_P04,2.0,92.97015365679492,-1.0,40.04474896309044
1,EV_B13_C008_Mototaxi_Electrica_P04,1.0,92.97015365679492,-1.0,40.04474896309044
1,EV_B13_C008_Mototaxi_Electrica_P04,0.0,92.97015365679492,-1.0,40.04474896309044
3,NONE,-1.0,-0.1,-1.0,-0.1
3,NONE,-1.0,-0.1,-1.0,-0.1
3,NONE,-1.0,-0.1,-1.0,-0.1
3,NONE,-1.0,-0.1,-1.0,-0.1
3,NONE,-1.0,-0.1,-1.0,-0.1
3,NONE,-1.0,-0.1,-1.0,-0.1
3,NONE,-1.0,-0.1,-1.0,-0.1
3,NONE,-1.0,-0.1,-1.0,-0.1
3,NONE,-1.0,-0.1,-1.0,-0.1
3,NONE,-1.0,-0.1,-1.0,-0.1
3,NONE,-1.0,-0.1,-1.0,-0.1
3,NONE,-1.0,-0.1,-1.0,-0.1
3,NONE,-1.0,-0.1,-1.0,-0.1
3,NONE,-1.0,-0.1,-1.0,-0.1
3,NONE,-1.0,-0.1,-1.0,-0.1
2,EV_B13_C008_Mototaxi_Electrica_P05,-1.0,-0.1,7.0,45.37784805527286
1,EV_B13_C008_Mototaxi_Electrica_P05,7.0,79.98931067155596,-1.0,45.37784805527286
1,EV_B13_C008_Mototaxi_Electrica_P05,6.0,79.98931067155596,-1.0,45.37784805527286
1,EV_B13_C008_Mototaxi_Electrica_P05,5.0,79.98931067155596,-1.0,45.37784805527286
1,EV_B13_C008_Mototaxi_Electrica_P05,4.0,79.98931067155596,-1.0,45.37784805527286
1,EV_B13_C008_Mototaxi_Electrica_P05,3.0,79.98931067155596,-1.0,45.37784805527286
1,EV_B13_C008_Mototaxi_Electrica_P05,2.0,79.98931067155596,-1.0,45.37784805527286
1,EV_B13_C008_Mototaxi_Electrica_P05,1.0,79.98931067155596,-1.0,45.37784805527286
1,EV_B13_C008_Mototaxi_Electrica_P05,0.0,79.98931067155596,-1.0,45.37784805527286
3,NONE,-1.0,-0.1,-1.0,-0.1
3,NONE,-1.0,-0.1,-1.0,-0.1
3,NONE,-1.0,-0.1,-1.0,-0.1
3,NONE,-1.0,-0.1,-1.0,-0.1
3,NONE,-1.0,-0.1,-1.0,-0.1
3,NONE,-1.0,-0.1,-1.0,-0.1
3,NONE,-1.0,-0.1,-1.0,-0.1
3,NONE,-1.0,-0.1,-1.0,-0.1
3,NONE,-1.0,-0.1,-1.0,-0.1
3,NONE,-1.0,-0.1,-1.0,-0.1
3,NONE,-1.0,-0.1,-1.0,-0.1
3,NONE,-1.0,-0.1,-1.0,-0.1
3,NONE,-1.0,-0.1,-1.0,-0.1
3,NONE,-1.0,-0.1,-1.0,-0.1
3,NONE,-1.0,-0.1,-1.0,-0.1
3,NONE,-1.0,-0.1,-1.0,-0.1
3,NONE,-1.0,-0.1,-1.0,-0.1
3,NONE,-1.0,-0.1,-1.0,-0.1
3,NONE,-1.0,-0.1,-1.0,-0.1
3,NONE,-1.0,-0.1,-1.0,-0.1
3,NONE,-1.0,-0.1,-1.0,-0.1
3,NONE,-1.0,-0.1,-1.0,-0.1
3,NONE,-1.0,-0.1,-1.0,-0.1
3,NONE,-1.0,-0.1,-1.0,-0.1
3,NONE,-1.0,-0.1,-1.0,-0.1
3,NONE,-1.0,-0.1,-1.0,-0.1
3,NONE,-1.0,-0.1,-1.0,-0.1
3,NONE,-1.0,-0.1,-1.0,-0.1
3,NONE,-1.0,-0.1,-1.0,-0.1
3,NONE,-1.0,-0.1,-1.0,-0.1
3,NONE,-1.0,-0.1,-1.0,-0.1
3,NONE,-1.0,-0.1,-1.0,-0.1
3,NONE,-1.0,-0.1,-1.0,-0.1
3,NONE,-1.0,-0.1,-1.0,-0.1
3,NONE,-1.0,-0.1,-1.0,-0.1
3,NONE,-1.0,-0.1,-1.0,-0.1
3,NONE,-1.0,-0.1,-1.0,-0.1
3,NONE,-1.0,-0.1,-1.0,-0.1
3,NONE,-1.0,-0.1,-1.0,-0.1
3,NONE,-1.0,-0.1,-1.0,-0.1
3,NONE,-1.0,-0.1,-1.0,-0.1
3,NONE,-1.0,-0.1,-1.0,-0.1
3,NONE,-1.0,-0.1,-1.0,-0.1
3,NONE,-1.0,-0.1,-1.0,-0.1
3,NONE,-1.0,-0.1,-1.0,-0.1
3,NONE,-1.0,-0.1,-1.0,-0.1
3,NONE,-1.0,-0.1,-1.0,-0.1
3,NONE,-1.0,-0.1,-1.0,-0.1
3,NONE,-1.0,-0.1,-1.0,-0.1
3,NONE,-1.0,-0.1,-1.0,-0.1
3,NONE,-1.0,-0.1,-1.0,-0.1
3,NONE,-1.0,-0.1,-1.0,-0.1
3,NONE,-1.0,-0.1,-1.0,-0.1
3,NONE,-1.0,-0.1,-1.0,-0.1
3,NONE,-1.0,-0.1,-1.0,-0.1
3,NONE,-1.0,-0.1,-1.0,-0.1
3,NONE,-1.0,-0.1,-1.0,-0.1
3,NONE,-1.0,-0.1,-1.0,-0.1
3,NONE,-1.0,-0.1,-1.0,-0.1
3,NONE,-1.0,-0.1,-1.0,-0.1
3,NONE,-1.0,-0.1,-1.0,-0.1
3,NONE,-1.0,-0.1,-1.0,-0.1
3,NONE,-1.0,-0.1,-1.0,-0.1
3,NONE,-1.0,-0.1,-1.0,-0.1
3,NONE,-1.0,-0.1,-1.0,-0.1
3,NONE,-1.0,-0.1,-1.0,-0.1
3,NONE,-1.0,-0.1,-1.0,-0.1
3,NONE,-1.0,-0.1,-1.0,-0.1
3,NONE,-1.0,-0.1,-1.0,-0.1
3,NONE,-1.0,-0.1,-1.0,-0.1
3,NONE,-1.0,-0.1,-1.0,-0.1
3,NONE,-1.0,-0.1,-1.0,-0.1
3,NONE,-1.0,-0.1,-1.0,-0.1
3,NONE,-1.0,-0.1,-1.0,-0.1
3,NONE,-1.0,-0.1,-1.0,-0.1
3,NONE,-1.0,-0.1,-1.0,-0.1
3,NONE,-1.0,-0.1,-1.0,-0.1
3,NONE,-1.0,-0.1,-1.0,-0.1
3,NONE,-1.0,-0.1,-1.0,-0.1
3,NONE,-1.0,-0.1,-1.0,-0.1
3,NONE,-1.0,-0.1,-1.0,-0.1
3,NONE,-1.0,-0.1,-1.0,-0.1
3,NONE,-1.0,-0.1,-1.0,-0.1
3,NONE,-1.0,-0.1,-1.0,-0.1
3,NONE,-1.0,-0.1,-1.0,-0.1
3,NONE,-1.0,-0.1,-1.0,-0.1
3,NONE,-1.0,-0.1,-1.0,-0.1
3,NONE,-1.0,-0.1,-1.0,-0.1
3,NONE,-1.0,-0.1,-1.0,-0.1
3,NONE,-1.0,-0.1,-1.0,-0.1
3,NONE,-1.0,-0.1,-1.0,-0.1
3,NONE,-1.0,-0.1,-1.0,-0.1
3,NONE,-1.0,-0.1,-1.0,-0.1
3,NONE,-1.0,-0.1,-1.0,-0.1
3,NONE,-1.0,-0.1,-1.0,-0.1
3,NONE,-1.0,-0.1,-1.0,-0.1
3,NONE,-1.0,-0.1,-1.0,-0.1
3,NONE,-1.0,-0.1,-1.0,-0.1
3,NONE,-1.0,-0.1,-1.0,-0.1
3,NONE,-1.0,-0.1,-1.0,-0.1
3,NONE,-1.0,-0.1,-1.0,-0.1
3,NONE,-1.0,-0.1,-1.0,-0.1
3,NONE,-1.0,-0.1,-1.0,-0.1
3,NONE,-1.0,-0.1,-1.0,-0.1
3,NONE,-1.0,-0.1,-1.0,-0.1
3,NONE,-1.0,-0.1,-1.0,-0.1
3,NONE,-1.0,-0.1,-1.0,-0.1
3,NONE,-1.0,-0.1,-1.0,-0.1
3,NONE,-1.0,-0.1,-1.0,-0.1
3,NONE,-1.0,-0.1,-1.0,-0.1
3,NONE,-1.0,-0.1,-1.0,-0.1
2,EV_B13_C008_Mototaxi_Electrica_P06,-1.0,-0.1,7.0,43.08483210670318
1,EV_B13_C008_Mototaxi_Electrica_P06,7.0,81.55015067312152,-1.0,43.08483210670318
1,EV_B13_C008_Mototaxi_Electrica_P06,6.0,81.55015067312152,-1.0,43.08483210670318
1,EV_B13_C008_Mototaxi_Electrica_P06,5.0,81.55015067312152,-1.0,43.08483210670318
1,EV_B13_C008_Mototaxi_Electrica_P06,4.0,81.55015067312152,-1.0,43.08483210670318
1,EV_B13_C008_Mototaxi_Electrica_P06,3.0,81.55015067312152,-1.0,43.08483210670318
1,EV_B13_C008_Mototaxi_Electrica_P06,2.0,81.55015067312152,-1.0,43.08483210670318
1,EV_B13_C008_Mototaxi_Electrica_P06,1.0,81.55015067312152,-1.0,43.08483210670318
1,EV_B13_C008_Mototaxi_Electrica_P06,0.0,81.55015067312152,-1.0,43.08483210670318
3,NONE,-1.0,-0.1,-1.0,-0.1
3,NONE,-1.0,-0.1,-1.0,-0.1
3,NONE,-1.0,-0.1,-1.0,-0.1
3,NONE,-1.0,-0.1,-1.0,-0.1
3,NONE,-1.0,-0.1,-1.0,-0.1
3,NONE,-1.0,-0.1,-1.0,-0.1
3,NONE,-1.0,-0.1,-1.0,-0.1
3,NONE,-1.0,-0.1,-1.0,-0.1
3,NONE,-1.0,-0.1,-1.0,-0.1
3,NONE,-1.0,-0.1,-1.0,-0.1
3,NONE,-1.0,-0.1,-1.0,-0.1
3,NONE,-1.0,-0.1,-1.0,-0.1
3,NONE,-1.0,-0.1,-1.0,-0.1
3,NONE,-1.0,-0.1,-1.0,-0.1
3,NONE,-1.0,-0.1,-1.0,-0.1
3,NONE,-1.0,-0.1,-1.0,-0.1
2,EV_B13_C008_Mototaxi_Electrica_P07,-1.0,-0.1,8.0,27.80498218205394
1,EV_B13_C008_Mototaxi_Electrica_P07,6.0,82.74441669137472,-1.0,27.80498218205394
1,EV_B13_C008_Mototaxi_Electrica_P07,5.0,82.74441669137472,-1.0,27.80498218205394
1,EV_B13_C008_Mototaxi_Electrica_P07,4.0,82.74441669137472,-1.0,27.80498218205394
1,EV_B13_C008_Mototaxi_Electrica_P07,3.0,82.74441669137472,-1.0,27.80498218205394
1,EV_B13_C008_Mototaxi_Electrica_P07,2.0,82.74441669137472,-1.0,27.80498218205394
1,EV_B13_C008_Mototaxi_Electrica_P07,1.0,82.74441669137472,-1.0,27.80498218205394
1,EV_B13_C008_Mototaxi_Electrica_P07,0.0,82.74441669137472,-1.0,27.80498218205394
3,NONE,-1.0,-0.1,-1.0,-0.1
3,NONE,-1.0,-0.1,-1.0,-0.1
3,NONE,-1.0,-0.1,-1.0,-0.1
3,NONE,-1.0,-0.1,-1.0,-0.1
3,NONE,-1.0,-0.1,-1.0,-0.1
3,NONE,-1.0,-0.1,-1.0,-0.1
3,NONE,-1.0,-0.1,-1.0,-0.1
3,NONE,-1.0,-0.1,-1.0,-0.1
3,NONE,-1.0,-0.1,-1.0,-0.1
3,NONE,-1.0,-0.1,-1.0,-0.1
3,NONE,-1.0,-0.1,-1.0,-0.1
3,NONE,-1.0,-0.1,-1.0,-0.1
3,NONE,-1.0,-0.1,-1.0,-0.1
3,NONE,-1.0,-0.1,-1.0,-0.1
3,NONE,-1.0,-0.1,-1.0,-0.1
3,NONE,-1.0,-0.1,-1.0,-0.1
3,NONE,-1.0,-0.1,-1.0,-0.1
2,EV_B13_C008_Mototaxi_Electrica_P08,-1.0,-0.1,9.0,43.88511266003014
1,EV_B13_C008_Mototaxi_Electrica_P08,5.0,76.63921740736457,-1.0,43.88511266003014
1,EV_B13_C008_Mototaxi_Electrica_P08,4.0,76.63921740736457,-1.0,43.88511266003014
1,EV_B13_C008_Mototaxi_Electrica_P08,3.0,76.63921740736457,-1.0,43.88511266003014
1,EV_B13_C008_Mototaxi_Electrica_P08,2.0,76.63921740736457,-1.0,43.88511266003014
1,EV_B13_C008_Mototaxi_Electrica_P08,1.0,76.63921740736457,-1.0,43.88511266003014
1,EV_B13_C008_Mototaxi_Electrica_P08,0.0,76.63921740736457,-1.0,43.88511266003014
3,NONE,-1.0,-0.1,-1.0,-0.1
3,NONE,-1.0,-0.1,-1.0,-0.1
3,NONE,-1.0,-0.1,-1.0,-0.1
3,NONE,-1.0,-0.1,-1.0,-0.1
3,NONE,-1.0,-0.1,-1.0,-0.1
3,NONE,-1.0,-0.1,-1.0,-0.1
3,NONE,-1.0,-0.1,-1.0,-0.1
3,NONE,-1.0,-0.1,-1.0,-0.1
3,NONE,-1.0,-0.1,-1.0,-0.1
3,NONE,-1.0,-0.1,-1.0,-0.1
3,NONE,-1.0,-0.1,-1.0,-0.1
3,NONE,-1.0,-0.1,-1.0,-0.1
3,NONE,-1.0,-0.1,-1.0,-0.1
3,NONE,-1.0,-0.1,-1.0,-0.1
3,NONE,-1.0,-0.1,-1.0,-0.1
3,NONE,-1.0,-0.1,-1.0,-0.1
3,NONE,-1.0,-0.1,-1.0,-0.1
2,EV_B13_C008_Mototaxi_Electrica_P09,-1.0,-0.1,9.0,5.0
1,EV_B13_C008_Mototaxi_Electrica_P09,5.0,75.5812787605286,-1.0,5.0
1,EV_B13_C008_Mototaxi_Electrica_P09,4.0,75.5812787605286,-1.0,5.0
1,EV_B13_C008_Mototaxi_Electrica_P09,3.0,75.5812787605286,-1.0,5.0
1,EV_B13_C008_Mototaxi_Electrica_P09,2.0,75.5812787605286,-1.0,5.0
1,EV_B13_C008_Mototaxi_Electrica_P09,1.0,75.5812787605286,-1.0,5.0
1,EV_B13_C008_Mototaxi_Electrica_P09,0.0,75.5812787605286,-1.0,5.0
3,NONE,-1.0,-0.1,-1.0,-0.1
3,NONE,-1.0,-0.1,-1.0,-0.1
3,NONE,-1.0,-0.1,-1.0,-0.1
3,NONE,-1.0,-0.1,-1.0,-0.1
3,NONE,-1.0,-0.1,-1.0,-0.1
3,NONE,-1.0,-0.1,-1.0,-0.1
3,NONE,-1.0,-0.1,-1.0,-0.1
3,NONE,-1.0,-0.1,-1.0,-0.1
3,NONE,-1.0,-0.1,-1.0,-0.1
3,NONE,-1.0,-0.1,-1.0,-0.1
3,NONE,-1.0,-0.1,-1.0,-0.1
3,NONE,-1.0,-0.1,-1.0,-0.1
3,NONE,-1.0,-0.1,-1.0,-0.1
3,NONE,-1.0,-0.1,-1.0,-0.1
3,NONE,-1.0,-0.1,-1.0,-0.1
3,NONE,-1.0,-0.1,-1.0,-0.1
3,NONE,-1.0,-0.1,-1.0,-0.1
2,EV_B13_C008_Mototaxi_Electrica_P10,-1.0,-0.1,9.0,43.419059021991394
1,EV_B13_C008_Mototaxi_Electrica_P10,5.0,76.06649505359707,-1.0,43.419059021991394
1,EV_B13_C008_Mototaxi_Electrica_P10,4.0,76.06649505359707,-1.0,43.419059021991394
1,EV_B13_C008_Mototaxi_Electrica_P10,3.0,76.06649505359707,-1.0,43.419059021991394
1,EV_B13_C008_Mototaxi_Electrica_P10,2.0,76.06649505359707,-1.0,43.419059021991394
1,EV_B13_C008_Mototaxi_Electrica_P10,1.0,76.06649505359707,-1.0,43.419059021991394
1,EV_B13_C008_Mototaxi_Electrica_P10,0.0,76.06649505359707,-1.0,43.419059021991394
3,NONE,-1.0,-0.1,-1.0,-0.1
3,NONE,-1.0,-0.1,-1.0,-0.1
3,NONE,-1.0,-0.1,-1.0,-0.1
3,NONE,-1.0,-0.1,-1.0,-0.1
3,NONE,-1.0,-0.1,-1.0,-0.1
3,NONE,-1.0,-0.1,-1.0,-0.1
3,NONE,-1.0,-0.1,-1.0,-0.1
3,NONE,-1.0,-0.1,-1.0,-0.1
3,NONE,-1.0,-0.1,-1.0,-0.1
3,NONE,-1.0,-0.1,-1.0,-0.1
3,NONE,-1.0,-0.1,-1.0,-0.1
3,NONE,-1.0,-0.1,-1.0,-0.1
3,NONE,-1.0,-0.1,-1.0,-0.1
3,NONE,-1.0,-0.1,-1.0,-0.1
3,NONE,-1.0,-0.1,-1.0,-0.1
3,NONE,-1.0,-0.1,-1.0,-0.1
3,NONE,-1.0,-0.1,-1.0,-0.1
3,NONE,-1.0,-0.1,-1.0,-0.1
3,NONE,-1.0,-0.1,-1.0,-0.1
3,NONE,-1.0,-0.1,-1.0,-0.1
3,NONE,-1.0,-0.1,-1.0,-0.1
3,NONE,-1.0,-0.1,-1.0,-0.1
3,NONE,-1.0,-0.1,-1.0,-0.1
3,NONE,-1.0,-0.1,-1.0,-0.1
3,NONE,-1.0,-0.1,-1.0,-0.1
3,NONE,-1.0,-0.1,-1.0,-0.1
3,NONE,-1.0,-0.1,-1.0,-0.1
3,NONE,-1.0,-0.1,-1.0,-0.1
3,NONE,-1.0,-0.1,-1.0,-0.1
3,NONE,-1.0,-0.1,-1.0,-0.1
3,NONE,-1.0,-0.1,-1.0,-0.1
3,NONE,-1.0,-0.1,-1.0,-0.1
3,NONE,-1.0,-0.1,-1.0,-0.1
3,NONE,-1.0,-0.1,-1.0,-0.1
3,NONE,-1.0,-0.1,-1.0,-0.1
3,NONE,-1.0,-0.1,-1.0,-0.1
3,NONE,-1.0,-0.1,-1.0,-0.1
3,NONE,-1.0,-0.1,-1.0,-0.1
3,NONE,-1.0,-0.1,-1.0,-0.1
3,NONE,-1.0,-0.1,-1.0,-0.1
3,NONE,-1.0,-0.1,-1.0,-0.1
3,NONE,-1.0,-0.1,-1.0,-0.1
3,NONE,-1.0,-0.1,-1.0,-0.1
3,NONE,-1.0,-0.1,-1.0,-0.1
3,NONE,-1.0,-0.1,-1.0,-0.1
3,NONE,-1.0,-0.1,-1.0,-0.1
3,NONE,-1.0,-0.1,-1.0,-0.1
3,NONE,-1.0,-0.1,-1.0,-0.1
3,NONE,-1.0,-0.1,-1.0,-0.1
3,NONE,-1.0,-0.1,-1.0,-0.1
3,NONE,-1.0,-0.1,-1.0,-0.1
3,NONE,-1.0,-0.1,-1.0,-0.1
3,NONE,-1.0,-0.1,-1.0,-0.1
3,NONE,-1.0,-0.1,-1.0,-0.1
3,NONE,-1.0,-0.1,-1.0,-0.1
3,NONE,-1.0,-0.1,-1.0,-0.1
3,NONE,-1.0,-0.1,-1.0,-0.1
3,NONE,-1.0,-0.1,-1.0,-0.1
3,NONE,-1.0,-0.1,-1.0,-0.1
3,NONE,-1.0,-0.1,-1.0,-0.1
3,NONE,-1.0,-0.1,-1.0,-0.1
3,NONE,-1.0,-0.1,-1.0,-0.1
3,NONE,-1.0,-0.1,-1.0,-0.1
3,NONE,-1.0,-0.1,-1.0,-0.1
3,NONE,-1.0,-0.1,-1.0,-0.1
3,NONE,-1.0,-0.1,-1.0,-0.1
3,NONE,-1.0,-0.1,-1.0,-0.1
3,NONE,-1.0,-0.1,-1.0,-0.1
3,NONE,-1.0,-0.1,-1.0,-0.1
3,NONE,-1.0,-0.1,-1.0,-0.1
3,NONE,-1.0,-0.1,-1.0,-0.1
3,NONE,-1.0,-0.1,-1.0,-0.1
3,NONE,-1.0,-0.1,-1.0,-0.1
3,NONE,-1.0,-0.1,-1.0,-0.1
3,NONE,-1.0,-0.1,-1.0,-0.1
3,NONE,-1.0,-0.1,-1.0,-0.1
3,NONE,-1.0,-0.1,-1.0,-0.1
3,NONE,-1.0,-0.1,-1.0,-0.1
3,NONE,-1.0,-0.1,-1.0,-0.1
3,NONE,-1.0,-0.1,-1.0,-0.1
3,NONE,-1.0,-0.1,-1.0,-0.1
3,NONE,-1.0,-0.1,-1.0,-0.1
3,NONE,-1.0,-0.1,-1.0,-0.1
3,NONE,-1.0,-0.1,-1.0,-0.1
3,NONE,-1.0,-0.1,-1.0,-0.1
3,NONE,-1.0,-0.1,-1.0,-0.1
3,NONE,-1.0,-0.1,-1.0,-0.1
3,NONE,-1.0,-0.1,-1.0,-0.1
3,NONE,-1.0,-0.1,-1.0,-0.1
3,NONE,-1.0,-0.1,-1.0,-0.1
3,NONE,-1.0,-0.1,-1.0,-0.1
3,NONE,-1.0,-0.1,-1.0,-0.1
3,NONE,-1.0,-0.1,-1.0,-0.1
3,NONE,-1.0,-0.1,-1.0,-0.1
3,NONE,-1.0,-0.1,-1.0,-0.1
3,NONE,-1.0,-0.1,-1.0,-0.1
3,NONE,-1.0,-0.1,-1.0,-0.1
3,NONE,-1.0,-0.1,-1.0,-0.1
3,NONE,-1.0,-0.1,-1.0,-0.1
3,NONE,-1.0,-0.1,-1.0,-0.1
3,NONE,-1.0,-0.1,-1.0,-0.1
3,NONE,-1.0,-0.1,-1.0,-0.1
3,NONE,-1.0,-0.1,-1.0,-0.1
3,NONE,-1.0,-0.1,-1.0,-0.1
3,NONE,-1.0,-0.1,-1.0,-0.1
3,NONE,-1.0,-0.1,-1.0,-0.1
3,NONE,-1.0,-0.1,-1.0,-0.1
3,NONE,-1.0,-0.1,-1.0,-0.1
3,NONE,-1.0,-0.1,-1.0,-0.1
3,NONE,-1.0,-0.1,-1.0,-0.1
3,NONE,-1.0,-0.1,-1.0,-0.1
2,EV_B13_C008_Mototaxi_Electrica_P01,-1.0,-0.1,7.0,37.86862105465899
1,EV_B13_C008_Mototaxi_Electrica_P01,7.0,80.19376252660572,-1.0,37.86862105465899
1,EV_B13_C008_Mototaxi_Electrica_P01,6.0,80.19376252660572,-1.0,37.86862105465899
1,EV_B13_C008_Mototaxi_Electrica_P01,5.0,80.19376252660572,-1.0,37.86862105465899
1,EV_B13_C008_Mototaxi_Electrica_P01,4.0,80.19376252660572,-1.0,37.86862105465899
1,EV_B13_C008_Mototaxi_Electrica_P01,3.0,80.19376252660572,-1.0,37.86862105465899
1,EV_B13_C008_Mototaxi_Electrica_P01,2.0,80.19376252660572,-1.0,37.86862105465899
1,EV_B13_C008_Mototaxi_Electrica_P01,1.0,80.19376252660572,-1.0,37.86862105465899
1,EV_B13_C008_Mototaxi_Electrica_P01,0.0,80.19376252660572,-1.0,37.86862105465899
3,NONE,-1.0,-0.1,-1.0,-0.1
3,NONE,-1.0,-0.1,-1.0,-0.1
3,NONE,-1.0,-0.1,-1.0,-0.1
3,NONE,-1.0,-0.1,-1.0,-0.1
3,NONE,-1.0,-0.1,-1.0,-0.1
3,NONE,-1.0,-0.1,-1.0,-0.1
3,NONE,-1.0,-0.1,-1.0,-0.1
3,NONE,-1.0,-0.1,-1.0,-0.1
3,NONE,-1.0,-0.1,-1.0,-0.1
3,NONE,-1.0,-0.1,-1.0,-0.1
3,NONE,-1.0,-0.1,-1.0,-0.1
3,NONE,-1.0,-0.1,-1.0,-0.1
3,NONE,-1.0,-0.1,-1.0,-0.1
3,NONE,-1.0,-0.1,-1.0,-0.1
3,NONE,-1.0,-0.1,-1.0,-0.1
3,NONE,-1.0,-0.1,-1.0,-0.1
3,NONE,-1.0,-0.1,-1.0,-0.1
3,NONE,-1.0,-0.1,-1.0,-0.1
3,NONE,-1.0,-0.1,-1.0,-0.1
3,NONE,-1.0,-0.1,-1.0,-0.1
3,NONE,-1.0,-0.1,-1.0,-0.1
3,NONE,-1.0,-0.1,-1.0,-0.1
3,NONE,-1.0,-0.1,-1.0,-0.1
3,NONE,-1.0,-0.1,-1.0,-0.1
3,NONE,-1.0,-0.1,-1.0,-0.1
3,NONE,-1.0,-0.1,-1.0,-0.1
3,NONE,-1.0,-0.1,-1.0,-0.1
3,NONE,-1.0,-0.1,-1.0,-0.1
3,NONE,-1.0,-0.1,-1.0,-0.1
3,NONE,-1.0,-0.1,-1.0,-0.1
3,NONE,-1.0,-0.1,-1.0,-0.1
3,NONE,-1.0,-0.1,-1.0,-0.1
3,NONE,-1.0,-0.1,-1.0,-0.1
3,NONE,-1.0,-0.1,-1.0,-0.1
3,NONE,-1.0,-0.1,-1.0,-0.1
3,NONE,-1.0,-0.1,-1.0,-0.1
3,NONE,-1.0,-0.1,-1.0,-0.1
3,NONE,-1.0,-0.1,-1.0,-0.1
3,NONE,-1.0,-0.1,-1.0,-0.1
2,EV_B13_C008_Mototaxi_Electrica_P02,-1.0,-0.1,7.0,42.356175815769845
1,EV_B13_C008_Mototaxi_Electrica_P02,7.0,71.69542701619625,-1.0,42.356175815769845
1,EV_B13_C008_Mototaxi_Electrica_P02,6.0,71.69542701619625,-1.0,42.356175815769845
1,EV_B13_C008_Mototaxi_Electrica_P02,5.0,71.69542701619625,-1.0,42.356175815769845
1,EV_B13_C008_Mototaxi_Electrica_P02,4.0,71.69542701619625,-1.0,42.356175815769845
1,EV_B13_C008_Mototaxi_Electrica_P02,3.0,71.69542701619625,-1.0,42.356175815769845
1,EV_B13_C008_Mototaxi_Electrica_P02,2.0,71.69542701619625,-1.0,42.356175815769845
1,EV_B13_C008_Mototaxi_Electrica_P02,1.0,71.69542701619625,-1.0,42.356175815769845
1,EV_B13_C008_Mototaxi_Electrica_P02,0.0,71.69542701619625,-1.0,42.356175815769845
3,NONE,-1.0,-0.1,-1.0,-0.1
3,NONE,-1.0,-0.1,-1.0,-0.1
3,NONE,-1.0,-0.1,-1.0,-0.1
3,NONE,-1.0,-0.1,-1.0,-0.1
3,NONE,-1.0,-0.1,-1.0,-0.1
3,NONE,-1.0,-0.1,-1.0,-0.1
3,NONE,-1.0,-0.1,-1.0,-0.1
3,NONE,-1.0,-0.1,-1.0,-0.1
3,NONE,-1.0,-0.1,-1.0,-0.1
3,NONE,-1.0,-0.1,-1.0,-0.1
3,NONE,-1.0,-0.1,-1.0,-0.1
3,NONE,-1.0,-0.1,-1.0,-0.1
3,NONE,-1.0,-0.1,-1.0,-0.1
3,NONE,-1.0,-0.1,-1.0,-0.1
3,NONE,-1.0,-0.1,-1.0,-0.1
3,NONE,-1.0,-0.1,-1.0,-0.1
3,NONE,-1.0,-0.1,-1.0,-0.1
3,NONE,-1.0,-0.1,-1.0,-0.1
3,NONE,-1.0,-0.1,-1.0,-0.1
3,NONE,-1.0,-0.1,-1.0,-0.1
3,NONE,-1.0,-0.1,-1.0,-0.1
3,NONE,-1.0,-0.1,-1.0,-0.1
3,NONE,-1.0,-0.1,-1.0,-0.1
3,NONE,-1.0,-0.1,-1.0,-0.1
3,NONE,-1.0,-0.1,-1.0,-0.1
3,NONE,-1.0,-0.1,-1.0,-0.1
3,NONE,-1.0,-0.1,-1.0,-0.1
3,NONE,-1.0,-0.1,-1.0,-0.1
3,NONE,-1.0,-0.1,-1.0,-0.1
3,NONE,-1.0,-0.1,-1.0,-0.1
3,NONE,-1.0,-0.1,-1.0,-0.1
3,NONE,-1.0,-0.1,-1.0,-0.1
3,NONE,-1.0,-0.1,-1.0,-0.1
3,NONE,-1.0,-0.1,-1.0,-0.1
3,NONE,-1.0,-0.1,-1.0,-0.1
3,NONE,-1.0,-0.1,-1.0,-0.1
3,NONE,-1.0,-0.1,-1.0,-0.1
3,NONE,-1.0,-0.1,-1.0,-0.1
3,NONE,-1.0,-0.1,-1.0,-0.1
3,NONE,-1.0,-0.1,-1.0,-0.1
3,NONE,-1.0,-0.1,-1.0,-0.1
3,NONE,-1.0,-0.1,-1.0,-0.1
3,NONE,-1.0,-0.1,-1.0,-0.1
3,NONE,-1.0,-0.1,-1.0,-0.1
3,NONE,-1.0,-0.1,-1.0,-0.1
3,NONE,-1.0,-0.1,-1.0,-0.1
3,NONE,-1.0,-0.1,-1.0,-0.1
3,NONE,-1.0,-0.1,-1.0,-0.1
3,NONE,-1.0,-0.1,-1.0,-0.1
3,NONE,-1.0,-0.1,-1.0,-0.1
3,NONE,-1.0,-0.1,-1.0,-0.1
3,NONE,-1.0,-0.1,-1.0,-0.1
3,NONE,-1.0,-0.1,-1.0,-0.1
3,NONE,-1.0,-0.1,-1.0,-0.1
3,NONE,-1.0,-0.1,-1.0,-0.1
3,NONE,-1.0,-0.1,-1.0,-0.1
3,NONE,-1.0,-0.1,-1.0,-0.1
3,NONE,-1.0,-0.1,-1.0,-0.1
3,NONE,-1.0,-0.1,-1.0,-0.1
3,NONE,-1.0,-0.1,-1.0,-0.1
3,NONE,-1.0,-0.1,-1.0,-0.1
3,NONE,-1.0,-0.1,-1.0,-0.1
3,NONE,-1.0,-0.1,-1.0,-0.1
3,NONE,-1.0,-0.1,-1.0,-0.1
3,NONE,-1.0,-0.1,-1.0,-0.1
2,EV_B13_C008_Mototaxi_Electrica_P03,-1.0,-0.1,9.0,38.135684563768365
1,EV_B13_C008_Mototaxi_Electrica_P03,5.0,92.47896787200541,-1.0,38.135684563768365
1,EV_B13_C008_Mototaxi_Electrica_P03,4.0,92.47896787200541,-1.0,38.135684563768365
1,EV_B13_C008_Mototaxi_Electrica_P03,3.0,92.47896787200541,-1.0,38.135684563768365
1,EV_B13_C008_Mototaxi_Electrica_P03,2.0,92.47896787200541,-1.0,38.135684563768365
1,EV_B13_C008_Mototaxi_Electrica_P03,1.0,92.47896787200541,-1.0,38.135684563768365
1,EV_B13_C008_Mototaxi_Electrica_P03,0.0,92.47896787200541,-1.0,38.135684563768365
3,NONE,-1.0,-0.1,-1.0,-0.1
3,NONE,-1.0,-0.1,-1.0,-0.1
3,NONE,-1.0,-0.1,-1.0,-0.1
3,NONE,-1.0,-0.1,-1.0,-0.1
3,NONE,-1.0,-0.1,-1.0,-0.1
3,NONE,-1.0,-0.1,-1.0,-0.1
3,NONE,-1.0,-0.1,-1.0,-0.1
3,NONE,-1.0,-0.1,-1.0,-0.1
3,NONE,-1.0,-0.1,-1.0,-0.1
3,NONE,-1.0,-0.1,-1.0,-0.1
3,NONE,-1.0,-0.1,-1.0,-0.1
3,NONE,-1.0,-0.1,-1.0,-0.1
3,NONE,-1.0,-0.1,-1.0,-0.1
3,NONE,-1.0,-0.1,-1.0,-0.1
3,NONE,-1.0,-0.1,-1.0,-0.1
3,NONE,-1.0,-0.1,-1.0,-0.1
2,EV_B13_C008_Mototaxi_Electrica_P04,-1.0,-0.1,8.0,30.99948674726926
1,EV_B13_C008_Mototaxi_Electrica_P04,6.0,79.90204625178717,-1.0,30.99948674726926
1,EV_B13_C008_Mototaxi_Electrica_P04,5.0,79.90204625178717,-1.0,30.99948674726926
1,EV_B13_C008_Mototaxi_Electrica_P04,4.0,79.90204625178717,-1.0,30.99948674726926
1,EV_B13_C008_Mototaxi_Electrica_P04,3.0,79.90204625178717,-1.0,30.99948674726926
1,EV_B13_C008_Mototaxi_Electrica_P04,2.0,79.90204625178717,-1.0,30.99948674726926
1,EV_B13_C008_Mototaxi_Electrica_P04,1.0,79.90204625178717,-1.0,30.99948674726926
1,EV_B13_C008_Mototaxi_Electrica_P04,0.0,79.90204625178717,-1.0,30.99948674726926
3,NONE,-1.0,-0.1,-1.0,-0.1
3,NONE,-1.0,-0.1,-1.0,-0.1
3,NONE,-1.0,-0.1,-1.0,-0.1
3,NONE,-1.0,-0.1,-1.0,-0.1
3,NONE,-1.0,-0.1,-1.0,-0.1
3,NONE,-1.0,-0.1,-1.0,-0.1
3,NONE,-1.0,-0.1,-1.0,-0.1
3,NONE,-1.0,-0.1,-1.0,-0.1
3,NONE,-1.0,-0.1,-1.0,-0.1
3,NONE,-1.0,-0.1,-1.0,-0.1
3,NONE,-1.0,-0.1,-1.0,-0.1
3,NONE,-1.0,-0.1,-1.0,-0.1
3,NONE,-1.0,-0.1,-1.0,-0.1
3,NONE,-1.0,-0.1,-1.0,-0.1
3,NONE,-1.0,-0.1,-1.0,-0.1
3,NONE,-1.0,-0.1,-1.0,-0.1
3,NONE,-1.0,-0.1,-1.0,-0.1
3,NONE,-1.0,-0.1,-1.0,-0.1
3,NONE,-1.0,-0.1,-1.0,-0.1
3,NONE,-1.0,-0.1,-1.0,-0.1
3,NONE,-1.0,-0.1,-1.0,-0.1
3,NONE,-1.0,-0.1,-1.0,-0.1
3,NONE,-1.0,-0.1,-1.0,-0.1
3,NONE,-1.0,-0.1,-1.0,-0.1
3,NONE,-1.0,-0.1,-1.0,-0.1
3,NONE,-1.0,-0.1,-1.0,-0.1
3,NONE,-1.0,-0.1,-1.0,-0.1
3,NONE,-1.0,-0.1,-1.0,-0.1
3,NONE,-1.0,-0.1,-1.0,-0.1
3,NONE,-1.0,-0.1,-1.0,-0.1
3,NONE,-1.0,-0.1,-1.0,-0.1
3,NONE,-1.0,-0.1,-1.0,-0.1
3,NONE,-1.0,-0.1,-1.0,-0.1
3,NONE,-1.0,-0.1,-1.0,-0.1
3,NONE,-1.0,-0.1,-1.0,-0.1
3,NONE,-1.0,-0.1,-1.0,-0.1
3,NONE,-1.0,-0.1,-1.0,-0.1
3,NONE,-1.0,-0.1,-1.0,-0.1
3,NONE,-1.0,-0.1,-1.0,-0.1
2,EV_B13_C008_Mototaxi_Electrica_P05,-1.0,-0.1,7.0,35.71912979126246
1,EV_B13_C008_Mototaxi_Electrica_P05,6.0,85.6758140334258,-1.0,35.71912979126246
1,EV_B13_C008_Mototaxi_Electrica_P05,5.0,85.6758140334258,-1.0,35.71912979126246
1,EV_B13_C008_Mototaxi_Electrica_P05,4.0,85.6758140334258,-1.0,35.71912979126246
1,EV_B13_C008_Mototaxi_Electrica_P05,3.0,85.6758140334258,-1.0,35.71912979126246
1,EV_B13_C008_Mototaxi_Electrica_P05,2.0,85.6758140334258,-1.0,35.71912979126246
1,EV_B13_C008_Mototaxi_Electrica_P05,1.0,85.6758140334258,-1.0,35.71912979126246
1,EV_B13_C008_Mototaxi_Electrica_P05,0.0,85.6758140334258,-1.0,35.71912979126246
3,NONE,-1.0,-0.1,-1.0,-0.1
3,NONE,-1.0,-0.1,-1.0,-0.1
3,NONE,-1.0,-0.1,-1.0,-0.1
3,NONE,-1.0,-0.1,-1.0,-0.1
3,NONE,-1.0,-0.1,-1.0,-0.1
3,NONE,-1.0,-0.1,-1.0,-0.1
3,NONE,-1.0,-0.1,-1.0,-0.1
3,NONE,-1.0,-0.1,-1.0,-0.1
3,NONE,-1.0,-0.1,-1.0,-0.1
3,NONE,-1.0,-0.1,-1.0,-0.1
3,NONE,-1.0,-0.1,-1.0,-0.1
3,NONE,-1.0,-0.1,-1.0,-0.1
3,NONE,-1.0,-0.1,-1.0,-0.1
3,NONE,-1.0,-0.1,-1.0,-0.1
3,NONE,-1.0,-0.1,-1.0,-0.1
3,NONE,-1.0,-0.1,-1.0,-0.1
2,EV_B13_C008_Mototaxi_Electrica_P06,-1.0,-0.1,7.0,21.56321562629902
1,EV_B13_C008_Mototaxi_Electrica_P06,6.0,77.79309406502045,-1.0,21.56321562629902
1,EV_B13_C008_Mototaxi_Electrica_P06,5.0,77.79309406502045,-1.0,21.56321562629902
1,EV_B13_C008_Mototaxi_Electrica_P06,4.0,77.79309406502045,-1.0,21.56321562629902
1,EV_B13_C008_Mototaxi_Electrica_P06,3.0,77.79309406502045,-1.0,21.56321562629902
1,EV_B13_C008_Mototaxi_Electrica_P06,2.0,77.79309406502045,-1.0,21.56321562629902
1,EV_B13_C008_Mototaxi_Electrica_P06,1.0,77.79309406502045,-1.0,21.56321562629902
1,EV_B13_C008_Mototaxi_Electrica_P06,0.0,77.79309406502045,-1.0,21.56321562629902
3,NONE,-1.0,-0.1,-1.0,-0.1
3,NONE,-1.0,-0.1,-1.0,-0.1
3,NONE,-1.0,-0.1,-1.0,-0.1
3,NONE,-1.0,-0.1,-1.0,-0.1
3,NONE,-1.0,-0.1,-1.0,-0.1
3,NONE,-1.0,-0.1,-1.0,-0.1
3,NONE,-1.0,-0.1,-1.0,-0.1
3,NONE,-1.0,-0.1,-1.0,-0.1
3,NONE,-1.0,-0.1,-1.0,-0.1
3,NONE,-1.0,-0.1,-1.0,-0.1
3,NONE,-1.0,-0.1,-1.0,-0.1
3,NONE,-1.0,-0.1,-1.0,-0.1
3,NONE,-1.0,-0.1,-1.0,-0.1
3,NONE,-1.0,-0.1,-1.0,-0.1
3,NONE,-1.0,-0.1,-1.0,-0.1
3,NONE,-1.0,-0.1,-1.0,-0.1
3,NONE,-1.0,-0.1,-1.0,-0.1
3,NONE,-1.0,-0.1,-1.0,-0.1
3,NONE,-1.0,-0.1,-1.0,-0.1
3,NONE,-1.0,-0.1,-1.0,-0.1
3,NONE,-1.0,-0.1,-1.0,-0.1
3,NONE,-1.0,-0.1,-1.0,-0.1
3,NONE,-1.0,-0.1,-1.0,-0.1
3,NONE,-1.0,-0.1,-1.0,-0.1
3,NONE,-1.0,-0.1,-1.0,-0.1
3,NONE,-1.0,-0.1,-1.0,-0.1
3,NONE,-1.0,-0.1,-1.0,-0.1
3,NONE,-1.0,-0.1,-1.0,-0.1
3,NONE,-1.0,-0.1,-1.0,-0.1
3,NONE,-1.0,-0.1,-1.0,-0.1
3,NONE,-1.0,-0.1,-1.0,-0.1
3,NONE,-1.0,-0.1,-1.0,-0.1
3,NONE,-1.0,-0.1,-1.0,-0.1
3,NONE,-1.0,-0.1,-1.0,-0.1
3,NONE,-1.0,-0.1,-1.0,-0.1
3,NONE,-1.0,-0.1,-1.0,-0.1
3,NONE,-1.0,-0.1,-1.0,-0.1
3,NONE,-1.0,-0.1,-1.0,-0.1
3,NONE,-1.0,-0.1,-1.0,-0.1
3,NONE,-1.0,-0.1,-1.0,-0.1
3,NONE,-1.0,-0.1,-1.0,-0.1
3,NONE,-1.0,-0.1,-1.0,-0.1
3,NONE,-1.0,-0.1,-1.0,-0.1
3,NONE,-1.0,-0.1,-1.0,-0.1
3,NONE,-1.0,-0.1,-1.0,-0.1
3,NONE,-1.0,-0.1,-1.0,-0.1
3,NONE,-1.0,-0.1,-1.0,-0.1
3,NONE,-1.0,-0.1,-1.0,-0.1
3,NONE,-1.0,-0.1,-1.0,-0.1
3,NONE,-1.0,-0.1,-1.0,-0.1
3,NONE,-1.0,-0.1,-1.0,-0.1
3,NONE,-1.0,-0.1,-1.0,-0.1
3,NONE,-1.0,-0.1,-1.0,-0.1
3,NONE,-1.0,-0.1,-1.0,-0.1
3,NONE,-1.0,-0.1,-1.0,-0.1
3,NONE,-1.0,-0.1,-1.0,-0.1
3,NONE,-1.0,-0.1,-1.0,-0.1
3,NONE,-1.0,-0.1,-1.0,-0.1
3,NONE,-1.0,-0.1,-1.0,-0.1
3,NONE,-1.0,-0.1,-1.0,-0.1
3,NONE,-1.0,-0.1,-1.0,-0.1
3,NONE,-1.0,-0.1,-1.0,-0.1
3,NONE,-1.0,-0.1,-1.0,-0.1
3,NONE,-1.0,-0.1,-1.0,-0.1
2,EV_B13_C008_Mototaxi_Electrica_P07,-1.0,-0.1,7.0,39.99830052752045
1,EV_B13_C008_Mototaxi_Electrica_P07,7.0,85.0514849270127,-1.0,39.99830052752045
1,EV_B13_C008_Mototaxi_Electrica_P07,6.0,85.0514849270127,-1.0,39.99830052752045
1,EV_B13_C008_Mototaxi_Electrica_P07,5.0,85.0514849270127,-1.0,39.99830052752045
1,EV_B13_C008_Mototaxi_Electrica_P07,4.0,85.0514849270127,-1.0,39.99830052752045
1,EV_B13_C008_Mototaxi_Electrica_P07,3.0,85.0514849270127,-1.0,39.99830052752045
1,EV_B13_C008_Mototaxi_Electrica_P07,2.0,85.0514849270127,-1.0,39.99830052752045
1,EV_B13_C008_Mototaxi_Electrica_P07,1.0,85.0514849270127,-1.0,39.99830052752045
1,EV_B13_C008_Mototaxi_Electrica_P07,0.0,85.0514849270127,-1.0,39.99830052752045
3,NONE,-1.0,-0.1,-1.0,-0.1
3,NONE,-1.0,-0.1,-1.0,-0.1
3,NONE,-1.0,-0.1,-1.0,-0.1
3,NONE,-1.0,-0.1,-1.0,-0.1
3,NONE,-1.0,-0.1,-1.0,-0.1
3,NONE,-1.0,-0.1,-1.0,-0.1
3,NONE,-1.0,-0.1,-1.0,-0.1
3,NONE,-1.0,-0.1,-1.0,-0.1
3,NONE,-1.0,-0.1,-1.0,-0.1
3,NONE,-1.0,-0.1,-1.0,-0.1
3,NONE,-1.0,-0.1,-1.0,-0.1
3,NONE,-1.0,-0.1,-1.0,-0.1
3,NONE,-1.0,-0.1,-1.0,-0.1
3,NONE,-1.0,-0.1,-1.0,-0.1
3,NONE,-1.0,-0.1,-1.0,-0.1
3,NONE,-1.0,-0.1,-1.0,-0.1
2,EV_B13_C008_Mototaxi_Electrica_P08,-1.0,-0.1,8.0,23.73139850566543
1,EV_B13_C008_Mototaxi_Electrica_P08,6.0,84.30065565647823,-1.0,23.73139850566543
1,EV_B13_C008_Mototaxi_Electrica_P08,5.0,84.30065565647823,-1.0,23.73139850566543
1,EV_B13_C008_Mototaxi_Electrica_P08,4.0,84.30065565647823,-1.0,23.73139850566543
1,EV_B13_C008_Mototaxi_Electrica_P08,3.0,84.30065565647823,-1.0,23.73139850566543
1,EV_B13_C008_Mototaxi_Electrica_P08,2.0,84.30065565647823,-1.0,23.73139850566543
1,EV_B13_C008_Mototaxi_Electrica_P08,1.0,84.30065565647823,-1.0,23.73139850566543
1,EV_B13_C008_Mototaxi_Electrica_P08,0.0,84.30065565647823,-1.0,23.73139850566543
3,NONE,-1.0,-0.1,-1.0,-0.1
3,NONE,-1.0,-0.1,-1.0,-0.1
3,NONE,-1.0,-0.1,-1.0,-0.1
3,NONE,-1.0,-0.1,-1.0,-0.1
3,NONE,-1.0,-0.1,-1.0,-0.1
3,NONE,-1.0,-0.1,-1.0,-0.1
3,NONE,-1.0,-0.1,-1.0,-0.1
3,NONE,-1.0,-0.1,-1.0,-0.1
3,NONE,-1.0,-0.1,-1.0,-0.1
3,NONE,-1.0,-0.1,-1.0,-0.1
3,NONE,-1.0,-0.1,-1.0,-0.1
3,NONE,-1.0,-0.1,-1.0,-0.1
3,NONE,-1.0,-0.1,-1.0,-0.1
3,NONE,-1.0,-0.1,-1.0,-0.1
3,NONE,-1.0,-0.1,-1.0,-0.1
3,NONE,-1.0,-0.1,-1.0,-0.1
3,NONE,-1.0,-0.1,-1.0,-0.1
3,NONE,-1.0,-0.1,-1.0,-0.1
3,NONE,-1.0,-0.1,-1.0,-0.1
3,NONE,-1.0,-0.1,-1.0,-0.1
3,NONE,-1.0,-0.1,-1.0,-0.1
3,NONE,-1.0,-0.1,-1.0,-0.1
3,NONE,-1.0,-0.1,-1.0,-0.1
3,NONE,-1.0,-0.1,-1.0,-0.1
3,NONE,-1.0,-0.1,-1.0,-0.1
3,NONE,-1.0,-0.1,-1.0,-0.1
3,NONE,-1.0,-0.1,-1.0,-0.1
3,NONE,-1.0,-0.1,-1.0,-0.1
3,NONE,-1.0,-0.1,-1.0,-0.1
3,NONE,-1.0,-0.1,-1.0,-0.1
3,NONE,-1.0,-0.1,-1.0,-0.1
3,NONE,-1.0,-0.1,-1.0,-0.1
3,NONE,-1.0,-0.1,-1.0,-0.1
3,NONE,-1.0,-0.1,-1.0,-0.1
3,NONE,-1.0,-0.1,-1.0,-0.1
3,NONE,-1.0,-0.1,-1.0,-0.1
3,NONE,-1.0,-0.1,-1.0,-0.1
3,NONE,-1.0,-0.1,-1.0,-0.1
3,NONE,-1.0,-0.1,-1.0,-0.1
3,NONE,-1.0,-0.1,-1.0,-0.1
2,EV_B13_C008_Mototaxi_Electrica_P09,-1.0,-0.1,8.0,13.801654953139831
1,EV_B13_C008_Mototaxi_Electrica_P09,6.0,78.9810648056399,-1.0,13.801654953139831
1,EV_B13_C008_Mototaxi_Electrica_P09,5.0,78.9810648056399,-1.0,13.801654953139831
1,EV_B13_C008_Mototaxi_Electrica_P09,4.0,78.9810648056399,-1.0,13.801654953139831
1,EV_B13_C008_Mototaxi_Electrica_P09,3.0,78.9810648056399,-1.0,13.801654953139831
1,EV_B13_C008_Mototaxi_Electrica_P09,2.0,78.9810648056399,-1.0,13.801654953139831
1,EV_B13_C008_Mototaxi_Electrica_P09,1.0,78.9810648056399,-1.0,13.801654953139831
1,EV_B13_C008_Mototaxi_Electrica_P09,0.0,78.9810648056399,-1.0,13.801654953139831
3,NONE,-1.0,-0.1,-1.0,-0.1
3,NONE,-1.0,-0.1,-1.0,-0.1
3,NONE,-1.0,-0.1,-1.0,-0.1
3,NONE,-1.0,-0.1,-1.0,-0.1
3,NONE,-1.0,-0.1,-1.0,-0.1
3,NONE,-1.0,-0.1,-1.0,-0.1
3,NONE,-1.0,-0.1,-1.0,-0.1
3,NONE,-1.0,-0.1,-1.0,-0.1
3,NONE,-1.0,-0.1,-1.0,-0.1
3,NONE,-1.0,-0.1,-1.0,-0.1
3,NONE,-1.0,-0.1,-1.0,-0.1
3,NONE,-1.0,-0.1,-1.0,-0.1
3,NONE,-1.0,-0.1,-1.0,-0.1
3,NONE,-1.0,-0.1,-1.0,-0.1
3,NONE,-1.0,-0.1,-1.0,-0.1
3,NONE,-1.0,-0.1,-1.0,-0.1
2,EV_B13_C008_Mototaxi_Electrica_P10,-1.0,-0.1,8.0,39.21888684913104
1,EV_B13_C008_Mototaxi_Electrica_P10,6.0,92.0164067001826,-1.0,39.21888684913104
1,EV_B13_C008_Mototaxi_Electrica_P10,5.0,92.0164067001826,-1.0,39.21888684913104
1,EV_B13_C008_Mototaxi_Electrica_P10,4.0,92.0164067001826,-1.0,39.21888684913104
1,EV_B13_C008_Mototaxi_Electrica_P10,3.0,92.0164067001826,-1.0,39.21888684913104
1,EV_B13_C008_Mototaxi_Electrica_P10,2.0,92.0164067001826,-1.0,39.21888684913104
1,EV_B13_C008_Mototaxi_Electrica_P10,1.0,92.0164067001826,-1.0,39.21888684913104
1,EV_B13_C008_Mototaxi_Electrica_P10,0.0,92.0164067001826,-1.0,39.21888684913104
3,NONE,-1.0,-0.1,-1.0,-0.1
3,NONE,-1.0,-0.1,-1.0,-0.1
3,NONE,-1.0,-0.1,-1.0,-0.1
3,NONE,-1.0,-0.1,-1.0,-0.1
3,NONE,-1.0,-0.1,-1.0,-0.1
3,NONE,-1.0,-0.1,-1.0,-0.1
3,NONE,-1.0,-0.1,-1.0,-0.1
3,NONE,-1.0,-0.1,-1.0,-0.1
3,NONE,-1.0,-0.1,-1.0,-0.1
3,NONE,-1.0,-0.1,-1.0,-0.1
3,NONE,-1.0,-0.1,-1.0,-0.1
3,NONE,-1.0,-0.1,-1.0,-0.1
3,NONE,-1.0,-0.1,-1.0,-0.1
3,NONE,-1.0,-0.1,-1.0,-0.1
3,NONE,-1.0,-0.1,-1.0,-0.1
3,NONE,-1.0,-0.1,-1.0,-0.1
3,NONE,-1.0,-0.1,-1.0,-0.1
3,NONE,-1.0,-0.1,-1.0,-0.1
3,NONE,-1.0,-0.1,-1.0,-0.1
3,NONE,-1.0,-0.1,-1.0,-0.1
3,NONE,-1.0,-0.1,-1.0,-0.1
3,NONE,-1.0,-0.1,-1.0,-0.1
3,NONE,-1.0,-0.1,-1.0,-0.1
3,NONE,-1.0,-0.1,-1.0,-0.1
3,NONE,-1.0,-0.1,-1.0,-0.1
3,NONE,-1.0,-0.1,-1.0,-0.1
3,NONE,-1.0,-0.1,-1.0,-0.1
3,NONE,-1.0,-0.1,-1.0,-0.1
3,NONE,-1.0,-0.1,-1.0,-0.1
3,NONE,-1.0,-0.1,-1.0,-0.1
3,NONE,-1.0,-0.1,-1.0,-0.1
3,NONE,-1.0,-0.1,-1.0,-0.1
3,NONE,-1.0,-0.1,-1.0,-0.1
3,NONE,-1.0,-0.1,-1.0,-0.1
3,NONE,-1.0,-0.1,-1.0,-0.1
3,NONE,-1.0,-0.1,-1.0,-0.1
3,NONE,-1.0,-0.1,-1.0,-0.1
3,NONE,-1.0,-0.1,-1.0,-0.1
3,NONE,-1.0,-0.1,-1.0,-0.1
3,NONE,-1.0,-0.1,-1.0,-0.1
3,NONE,-1.0,-0.1,-1.0,-0.1
3,NONE,-1.0,-0.1,-1.0,-0.1
3,NONE,-1.0,-0.1,-1.0,-0.1
3,NONE,-1.0,-0.1,-1.0,-0.1
3,NONE,-1.0,-0.1,-1.0,-0.1
3,NONE,-1.0,-0.1,-1.0,-0.1
3,NONE,-1.0,-0.1,-1.0,-0.1
3,NONE,-1.0,-0.1,-1.0,-0.1
3,NONE,-1.0,-0.1,-1.0,-0.1
3,NONE,-1.0,-0.1,-1.0,-0.1
3,NONE,-1.0,-0.1,-1.0,-0.1
3,NONE,-1.0,-0.1,-1.0,-0.1
3,NONE,-1.0,-0.1,-1.0,-0.1
3,NONE,-1.0,-0.1,-1.0,-0.1
3,NONE,-1.0,-0.1,-1.0,-0.1
3,NONE,-1.0,-0.1,-1.0,-0.1
3,NONE,-1.0,-0.1,-1.0,-0.1
3,NONE,-1.0,-0.1,-1.0,-0.1
3,NONE,-1.0,-0.1,-1.0,-0.1
3,NONE,-1.0,-0.1,-1.0,-0.1
3,NONE,-1.0,-0.1,-1.0,-0.1
3,NONE,-1.0,-0.1,-1.0,-0.1
3,NONE,-1.0,-0.1,-1.0,-0.1
3,NONE,-1.0,-0.1,-1.0,-0.1
3,NONE,-1.0,-0.1,-1.0,-0.1
3,NONE,-1.0,-0.1,-1.0,-0.1
3,NONE,-1.0,-0.1,-1.0,-0.1
3,NONE,-1.0,-0.1,-1.0,-0.1
3,NONE,-1.0,-0.1,-1.0,-0.1
3,NONE,-1.0,-0.1,-1.0,-0.1
3,NONE,-1.0,-0.1,-1.0,-0.1
3,NONE,-1.0,-0.1,-1.0,-0.1
3,NONE,-1.0,-0.1,-1.0,-0.1
3,NONE,-1.0,-0.1,-1.0,-0.1
3,NONE,-1.0,-0.1,-1.0,-0.1
3,NONE,-1.0,-0.1,-1.0,-0.1
3,NONE,-1.0,-0.1,-1.0,-0.1
3,NONE,-1.0,-0.1,-1.0,-0.1
3,NONE,-1.0,-0.1,-1.0,-0.1
3,NONE,-1.0,-0.1,-1.0,-0.1
3,NONE,-1.0,-0.1,-1.0,-0.1
3,NONE,-1.0,-0.1,-1.0,-0.1
3,NONE,-1.0,-0.1,-1.0,-0.1
3,NONE,-1.0,-0.1,-1.0,-0.1
3,NONE,-1.0,-0.1,-1.0,-0.1
3,NONE,-1.0,-0.1,-1.0,-0.1
3,NONE,-1.0,-0.1,-1.0,-0.1
3,NONE,-1.0,-0.1,-1.0,-0.1
3,NONE,-1.0,-0.1,-1.0,-0.1
3,NONE,-1.0,-0.1,-1.0,-0.1
3,NONE,-1.0,-0.1,-1.0,-0.1
3,NONE,-1.0,-0.1,-1.0,-0.1
3,NONE,-1.0,-0.1,-1.0,-0.1
3,NONE,-1.0,-0.1,-1.0,-0.1
3,NONE,-1.0,-0.1,-1.0,-0.1
3,NONE,-1.0,-0.1,-1.0,-0.1
3,NONE,-1.0,-0.1,-1.0,-0.1
3,NONE,-1.0,-0.1,-1.0,-0.1
3,NONE,-1.0,-0.1,-1.0,-0.1
3,NONE,-1.0,-0.1,-1.0,-0.1
3,NONE,-1.0,-0.1,-1.0,-0.1
3,NONE,-1.0,-0.1,-1.0,-0.1
3,NONE,-1.0,-0.1,-1.0,-0.1
3,NONE,-1.0,-0.1,-1.0,-0.1
3,NONE,-1.0,-0.1,-1.0,-0.1
3,NONE,-1.0,-0.1,-1.0,-0.1
3,NONE,-1.0,-0.1,-1.0,-0.1
3,NONE,-1.0,-0.1,-1.0,-0.1
3,NONE,-1.0,-0.1,-1.0,-0.1
3,NONE,-1.0,-0.1,-1.0,-0.1
3,NONE,-1.0,-0.1,-1.0,-0.1
3,NONE,-1.0,-0.1,-1.0,-0.1
3,NONE,-1.0,-0.1,-1.0,-0.1
2,EV_B13_C008_Mototaxi_Electrica_P01,-1.0,-0.1,9.0,33.302551639213725
1,EV_B13_C008_Mototaxi_Electrica_P01,5.0,74.12048008126084,-1.0,33.302551639213725
1,EV_B13_C008_Mototaxi_Electrica_P01,4.0,74.12048008126084,-1.0,33.302551639213725
1,EV_B13_C008_Mototaxi_Electrica_P01,3.0,74.12048008126084,-1.0,33.302551639213725
1,EV_B13_C008_Mototaxi_Electrica_P01,2.0,74.12048008126084,-1.0,33.302551639213725
1,EV_B13_C008_Mototaxi_Electrica_P01,1.0,74.12048008126084,-1.0,33.302551639213725
1,EV_B13_C008_Mototaxi_Electrica_P01,0.0,74.12048008126084,-1.0,33.302551639213725
3,NONE,-1.0,-0.1,-1.0,-0.1
3,NONE,-1.0,-0.1,-1.0,-0.1
3,NONE,-1.0,-0.1,-1.0,-0.1
3,NONE,-1.0,-0.1,-1.0,-0.1
3,NONE,-1.0,-0.1,-1.0,-0.1
3,NONE,-1.0,-0.1,-1.0,-0.1
3,NONE,-1.0,-0.1,-1.0,-0.1
3,NONE,-1.0,-0.1,-1.0,-0.1
3,NONE,-1.0,-0.1,-1.0,-0.1
3,NONE,-1.0,-0.1,-1.0,-0.1
3,NONE,-1.0,-0.1,-1.0,-0.1
3,NONE,-1.0,-0.1,-1.0,-0.1
3,NONE,-1.0,-0.1,-1.0,-0.1
3,NONE,-1.0,-0.1,-1.0,-0.1
3,NONE,-1.0,-0.1,-1.0,-0.1
3,NONE,-1.0,-0.1,-1.0,-0.1
3,NONE,-1.0,-0.1,-1.0,-0.1
2,EV_B13_C008_Mototaxi_Electrica_P02,-1.0,-0.1,9.0,26.13575729467285
1,EV_B13_C008_Mototaxi_Electrica_P02,5.0,79.47237754842612,-1.0,26.13575729467285
1,EV_B13_C008_Mototaxi_Electrica_P02,4.0,79.47237754842612,-1.0,26.13575729467285
1,EV_B13_C008_Mototaxi_Electrica_P02,3.0,79.47237754842612,-1.0,26.13575729467285
1,EV_B13_C008_Mototaxi_Electrica_P02,2.0,79.47237754842612,-1.0,26.13575729467285
1,EV_B13_C008_Mototaxi_Electrica_P02,1.0,79.47237754842612,-1.0,26.13575729467285
1,EV_B13_C008_Mototaxi_Electrica_P02,0.0,79.47237754842612,-1.0,26.13575729467285
3,NONE,-1.0,-0.1,-1.0,-0.1
3,NONE,-1.0,-0.1,-1.0,-0.1
3,NONE,-1.0,-0.1,-1.0,-0.1
3,NONE,-1.0,-0.1,-1.0,-0.1
3,NONE,-1.0,-0.1,-1.0,-0.1
3,NONE,-1.0,-0.1,-1.0,-0.1
3,NONE,-1.0,-0.1,-1.0,-0.1
3,NONE,-1.0,-0.1,-1.0,-0.1
3,NONE,-1.0,-0.1,-1.0,-0.1
3,NONE,-1.0,-0.1,-1.0,-0.1
3,NONE,-1.0,-0.1,-1.0,-0.1
3,NONE,-1.0,-0.1,-1.0,-0.1
3,NONE,-1.0,-0.1,-1.0,-0.1
3,NONE,-1.0,-0.1,-1.0,-0.1
3,NONE,-1.0,-0.1,-1.0,-0.1
2,EV_B13_C008_Mototaxi_Electrica_P03,-1.0,-0.1,7.0,38.90452663731183
1,EV_B13_C008_Mototaxi_Electrica_P03,6.0,95.94665309841122,-1.0,38.90452663731183
1,EV_B13_C008_Mototaxi_Electrica_P03,5.0,95.94665309841122,-1.0,38.90452663731183
1,EV_B13_C008_Mototaxi_Electrica_P03,4.0,95.94665309841122,-1.0,38.90452663731183
1,EV_B13_C008_Mototaxi_Electrica_P03,3.0,95.94665309841122,-1.0,38.90452663731183
1,EV_B13_C008_Mototaxi_Electrica_P03,2.0,95.94665309841122,-1.0,38.90452663731183
1,EV_B13_C008_Mototaxi_Electrica_P03,1.0,95.94665309841122,-1.0,38.90452663731183
1,EV_B13_C008_Mototaxi_Electrica_P03,0.0,95.94665309841122,-1.0,38.90452663731183
3,NONE,-1.0,-0.1,-1.0,-0.1
3,NONE,-1.0,-0.1,-1.0,-0.1
3,NONE,-1.0,-0.1,-1.0,-0.1
3,NONE,-1.0,-0.1,-1.0,-0.1
3,NONE,-1.0,-0.1,-1.0,-0.1
3,NONE,-1.0,-0.1,-1.0,-0.1
3,NONE,-1.0,-0.1,-1.0,-0.1
3,NONE,-1.0,-0.1,-1.0,-0.1
3,NONE,-1.0,-0.1,-1.0,-0.1
3,NONE,-1.0,-0.1,-1.0,-0.1
3,NONE,-1.0,-0.1,-1.0,-0.1
3,NONE,-1.0,-0.1,-1.0,-0.1
3,NONE,-1.0,-0.1,-1.0,-0.1
3,NONE,-1.0,-0.1,-1.0,-0.1
3,NONE,-1.0,-0.1,-1.0,-0.1
3,NONE,-1.0,-0.1,-1.0,-0.1
3,NONE,-1.0,-0.1,-1.0,-0.1
3,NONE,-1.0,-0.1,-1.0,-0.1
3,NONE,-1.0,-0.1,-1.0,-0.1
3,NONE,-1.0,-0.1,-1.0,-0.1
3,NONE,-1.0,-0.1,-1.0,-0.1
3,NONE,-1.0,-0.1,-1.0,-0.1
3,NONE,-1.0,-0.1,-1.0,-0.1
3,NONE,-1.0,-0.1,-1.0,-0.1
3,NONE,-1.0,-0.1,-1.0,-0.1
3,NONE,-1.0,-0.1,-1.0,-0.1
3,NONE,-1.0,-0.1,-1.0,-0.1
3,NONE,-1.0,-0.1,-1.0,-0.1
3,NONE,-1.0,-0.1,-1.0,-0.1
3,NONE,-1.0,-0.1,-1.0,-0.1
3,NONE,-1.0,-0.1,-1.0,-0.1
3,NONE,-1.0,-0.1,-1.0,-0.1
3,NONE,-1.0,-0.1,-1.0,-0.1
3,NONE,-1.0,-0.1,-1.0,-0.1
3,NONE,-1.0,-0.1,-1.0,-0.1
3,NONE,-1.0,-0.1,-1.0,-0.1
3,NONE,-1.0,-0.1,-1.0,-0.1
3,NONE,-1.0,-0.1,-1.0,-0.1
3,NONE,-1.0,-0.1,-1.0,-0.1
3,NONE,-1.0,-0.1,-1.0,-0.1
3,NONE,-1.0,-0.1,-1.0,-0.1
3,NONE,-1.0,-0.1,-1.0,-0.1
3,NONE,-1.0,-0.1,-1.0,-0.1
3,NONE,-1.0,-0.1,-1.0,-0.1
3,NONE,-1.0,-0.1,-1.0,-0.1
3,NONE,-1.0,-0.1,-1.0,-0.1
3,NONE,-1.0,-0.1,-1.0,-0.1
3,NONE,-1.0,-0.1,-1.0,-0.1
3,NONE,-1.0,-0.1,-1.0,-0.1
3,NONE,-1.0,-0.1,-1.0,-0.1
3,NONE,-1.0,-0.1,-1.0,-0.1
3,NONE,-1.0,-0.1,-1.0,-0.1
3,NONE,-1.0,-0.1,-1.0,-0.1
3,NONE,-1.0,-0.1,-1.0,-0.1
3,NONE,-1.0,-0.1,-1.0,-0.1
3,NONE,-1.0,-0.1,-1.0,-0.1
3,NONE,-1.0,-0.1,-1.0,-0.1
3,NONE,-1.0,-0.1,-1.0,-0.1
3,NONE,-1.0,-0.1,-1.0,-0.1
3,NONE,-1.0,-0.1,-1.0,-0.1
3,NONE,-1.0,-0.1,-1.0,-0.1
3,NONE,-1.0,-0.1,-1.0,-0.1
3,NONE,-1.0,-0.1,-1.0,-0.1
3,NONE,-1.0,-0.1,-1.0,-0.1
3,NONE,-1.0,-0.1,-1.0,-0.1
3,NONE,-1.0,-0.1,-1.0,-0.1
3,NONE,-1.0,-0.1,-1.0,-0.1
3,NONE,-1.0,-0.1,-1.0,-0.1
3,NONE,-1.0,-0.1,-1.0,-0.1
3,NONE,-1.0,-0.1,-1.0,-0.1
3,NONE,-1.0,-0.1,-1.0,-0.1
3,NONE,-1.0,-0.1,-1.0,-0.1
3,NONE,-1.0,-0.1,-1.0,-0.1
3,NONE,-1.0,-0.1,-1.0,-0.1
3,NONE,-1.0,-0.1,-1.0,-0.1
3,NONE,-1.0,-0.1,-1.0,-0.1
3,NONE,-1.0,-0.1,-1.0,-0.1
3,NONE,-1.0,-0.1,-1.0,-0.1
3,NONE,-1.0,-0.1,-1.0,-0.1
3,NONE,-1.0,-0.1,-1.0,-0.1
3,NONE,-1.0,-0.1,-1.0,-0.1
3,NONE,-1.0,-0.1,-1.0,-0.1
3,NONE,-1.0,-0.1,-1.0,-0.1
3,NONE,-1.0,-0.1,-1.0,-0.1
3,NONE,-1.0,-0.1,-1.0,-0.1
3,NONE,-1.0,-0.1,-1.0,-0.1
3,NONE,-1.0,-0.1,-1.0,-0.1
3,NONE,-1.0,-0.1,-1.0,-0.1
2,EV_B13_C008_Mototaxi_Electrica_P04,-1.0,-0.1,7.0,64.33733359156398
1,EV_B13_C008_Mototaxi_Electrica_P04,6.0,79.67624335925728,-1.0,64.33733359156398
1,EV_B13_C008_Mototaxi_Electrica_P04,5.0,79.67624335925728,-1.0,64.33733359156398
1,EV_B13_C008_Mototaxi_Electrica_P04,4.0,79.67624335925728,-1.0,64.33733359156398
1,EV_B13_C008_Mototaxi_Electrica_P04,3.0,79.67624335925728,-1.0,64.33733359156398
1,EV_B13_C008_Mototaxi_Electrica_P04,2.0,79.67624335925728,-1.0,64.33733359156398
1,EV_B13_C008_Mototaxi_Electrica_P04,1.0,79.67624335925728,-1.0,64.33733359156398
1,EV_B13_C008_Mototaxi_Electrica_P04,0.0,79.67624335925728,-1.0,64.33733359156398
3,NONE,-1.0,-0.1,-1.0,-0.1
3,NONE,-1.0,-0.1,-1.0,-0.1
3,NONE,-1.0,-0.1,-1.0,-0.1
3,NONE,-1.0,-0.1,-1.0,-0.1
3,NONE,-1.0,-0.1,-1.0,-0.1
3,NONE,-1.0,-0.1,-1.0,-0.1
3,NONE,-1.0,-0.1,-1.0,-0.1
3,NONE,-1.0,-0.1,-1.0,-0.1
3,NONE,-1.0,-0.1,-1.0,-0.1
3,NONE,-1.0,-0.1,-1.0,-0.1
3,NONE,-1.0,-0.1,-1.0,-0.1
3,NONE,-1.0,-0.1,-1.0,-0.1
3,NONE,-1.0,-0.1,-1.0,-0.1
3,NONE,-1.0,-0.1,-1.0,-0.1
3,NONE,-1.0,-0.1,-1.0,-0.1
3,NONE,-1.0,-0.1,-1.0,-0.1
3,NONE,-1.0,-0.1,-1.0,-0.1
3,NONE,-1.0,-0.1,-1.0,-0.1
3,NONE,-1.0,-0.1,-1.0,-0.1
3,NONE,-1.0,-0.1,-1.0,-0.1
3,NONE,-1.0,-0.1,-1.0,-0.1
3,NONE,-1.0,-0.1,-1.0,-0.1
3,NONE,-1.0,-0.1,-1.0,-0.1
3,NONE,-1.0,-0.1,-1.0,-0.1
3,NONE,-1.0,-0.1,-1.0,-0.1
3,NONE,-1.0,-0.1,-1.0,-0.1
3,NONE,-1.0,-0.1,-1.0,-0.1
3,NONE,-1.0,-0.1,-1.0,-0.1
3,NONE,-1.0,-0.1,-1.0,-0.1
3,NONE,-1.0,-0.1,-1.0,-0.1
3,NONE,-1.0,-0.1,-1.0,-0.1
3,NONE,-1.0,-0.1,-1.0,-0.1
3,NONE,-1.0,-0.1,-1.0,-0.1
3,NONE,-1.0,-0.1,-1.0,-0.1
3,NONE,-1.0,-0.1,-1.0,-0.1
3,NONE,-1.0,-0.1,-1.0,-0.1
3,NONE,-1.0,-0.1,-1.0,-0.1
3,NONE,-1.0,-0.1,-1.0,-0.1
3,NONE,-1.0,-0.1,-1.0,-0.1
3,NONE,-1.0,-0.1,-1.0,-0.1
3,NONE,-1.0,-0.1,-1.0,-0.1
3,NONE,-1.0,-0.1,-1.0,-0.1
3,NONE,-1.0,-0.1,-1.0,-0.1
3,NONE,-1.0,-0.1,-1.0,-0.1
3,NONE,-1.0,-0.1,-1.0,-0.1
3,NONE,-1.0,-0.1,-1.0,-0.1
3,NONE,-1.0,-0.1,-1.0,-0.1
3,NONE,-1.0,-0.1,-1.0,-0.1
3,NONE,-1.0,-0.1,-1.0,-0.1
3,NONE,-1.0,-0.1,-1.0,-0.1
3,NONE,-1.0,-0.1,-1.0,-0.1
3,NONE,-1.0,-0.1,-1.0,-0.1
3,NONE,-1.0,-0.1,-1.0,-0.1
3,NONE,-1.0,-0.1,-1.0,-0.1
3,NONE,-1.0,-0.1,-1.0,-0.1
3,NONE,-1.0,-0.1,-1.0,-0.1
3,NONE,-1.0,-0.1,-1.0,-0.1
3,NONE,-1.0,-0.1,-1.0,-0.1
3,NONE,-1.0,-0.1,-1.0,-0.1
3,NONE,-1.0,-0.1,-1.0,-0.1
3,NONE,-1.0,-0.1,-1.0,-0.1
3,NONE,-1.0,-0.1,-1.0,-0.1
3,NONE,-1.0,-0.1,-1.0,-0.1
3,NONE,-1.0,-0.1,-1.0,-0.1
3,NONE,-1.0,-0.1,-1.0,-0.1
2,EV_B13_C008_Mototaxi_Electrica_P05,-1.0,-0.1,8.0,32.43766756948824
1,EV_B13_C008_Mototaxi_Electrica_P05,6.0,77.36550853324277,-1.0,32.43766756948824
1,EV_B13_C008_Mototaxi_Electrica_P05,5.0,77.36550853324277,-1.0,32.43766756948824
1,EV_B13_C008_Mototaxi_Electrica_P05,4.0,77.36550853324277,-1.0,32.43766756948824
1,EV_B13_C008_Mototaxi_Electrica_P05,3.0,77.36550853324277,-1.0,32.43766756948824
1,EV_B13_C008_Mototaxi_Electrica_P05,2.0,77.36550853324277,-1.0,32.43766756948824
1,EV_B13_C008_Mototaxi_Electrica_P05,1.0,77.36550853324277,-1.0,32.43766756948824
1,EV_B13_C008_Mototaxi_Electrica_P05,0.0,77.36550853324277,-1.0,32.43766756948824
3,NONE,-1.0,-0.1,-1.0,-0.1
3,NONE,-1.0,-0.1,-1.0,-0.1
3,NONE,-1.0,-0.1,-1.0,-0.1
3,NONE,-1.0,-0.1,-1.0,-0.1
3,NONE,-1.0,-0.1,-1.0,-0.1
3,NONE,-1.0,-0.1,-1.0,-0.1
3,NONE,-1.0,-0.1,-1.0,-0.1
3,NONE,-1.0,-0.1,-1.0,-0.1
3,NONE,-1.0,-0.1,-1.0,-0.1
3,NONE,-1.0,-0.1,-1.0,-0.1
3,NONE,-1.0,-0.1,-1.0,-0.1
3,NONE,-1.0,-0.1,-1.0,-0.1
3,NONE,-1.0,-0.1,-1.0,-0.1
3,NONE,-1.0,-0.1,-1.0,-0.1
3,NONE,-1.0,-0.1,-1.0,-0.1
3,NONE,-1.0,-0.1,-1.0,-0.1
3,NONE,-1.0,-0.1,-1.0,-0.1
3,NONE,-1.0,-0.1,-1.0,-0.1
3,NONE,-1.0,-0.1,-1.0,-0.1
3,NONE,-1.0,-0.1,-1.0,-0.1
3,NONE,-1.0,-0.1,-1.0,-0.1
3,NONE,-1.0,-0.1,-1.0,-0.1
3,NONE,-1.0,-0.1,-1.0,-0.1
3,NONE,-1.0,-0.1,-1.0,-0.1
3,NONE,-1.0,-0.1,-1.0,-0.1
3,NONE,-1.0,-0.1,-1.0,-0.1
3,NONE,-1.0,-0.1,-1.0,-0.1
3,NONE,-1.0,-0.1,-1.0,-0.1
3,NONE,-1.0,-0.1,-1.0,-0.1
3,NONE,-1.0,-0.1,-1.0,-0.1
3,NONE,-1.0,-0.1,-1.0,-0.1
3,NONE,-1.0,-0.1,-1.0,-0.1
3,NONE,-1.0,-0.1,-1.0,-0.1
3,NONE,-1.0,-0.1,-1.0,-0.1
3,NONE,-1.0,-0.1,-1.0,-0.1
3,NONE,-1.0,-0.1,-1.0,-0.1
3,NONE,-1.0,-0.1,-1.0,-0.1
3,NONE,-1.0,-0.1,-1.0,-0.1
3,NONE,-1.0,-0.1,-1.0,-0.1
3,NONE,-1.0,-0.1,-1.0,-0.1
3,NONE,-1.0,-0.1,-1.0,-0.1
3,NONE,-1.0,-0.1,-1.0,-0.1
3,NONE,-1.0,-0.1,-1.0,-0.1
3,NONE,-1.0,-0.1,-1.0,-0.1
3,NONE,-1.0,-0.1,-1.0,-0.1
3,NONE,-1.0,-0.1,-1.0,-0.1
3,NONE,-1.0,-0.1,-1.0,-0.1
3,NONE,-1.0,-0.1,-1.0,-0.1
3,NONE,-1.0,-0.1,-1.0,-0.1
3,NONE,-1.0,-0.1,-1.0,-0.1
3,NONE,-1.0,-0.1,-1.0,-0.1
3,NONE,-1.0,-0.1,-1.0,-0.1
3,NONE,-1.0,-0.1,-1.0,-0.1
3,NONE,-1.0,-0.1,-1.0,-0.1
3,NONE,-1.0,-0.1,-1.0,-0.1
3,NONE,-1.0,-0.1,-1.0,-0.1
3,NONE,-1.0,-0.1,-1.0,-0.1
3,NONE,-1.0,-0.1,-1.0,-0.1
3,NONE,-1.0,-0.1,-1.0,-0.1
3,NONE,-1.0,-0.1,-1.0,-0.1
3,NONE,-1.0,-0.1,-1.0,-0.1
3,NONE,-1.0,-0.1,-1.0,-0.1
3,NONE,-1.0,-0.1,-1.0,-0.1
3,NONE,-1.0,-0.1,-1.0,-0.1
3,NONE,-1.0,-0.1,-1.0,-0.1
2,EV_B13_C008_Mototaxi_Electrica_P06,-1.0,-0.1,9.0,20.28499081418841
1,EV_B13_C008_Mototaxi_Electrica_P06,5.0,84.14973549376553,-1.0,20.28499081418841
1,EV_B13_C008_Mototaxi_Electrica_P06,4.0,84.14973549376553,-1.0,20.28499081418841
1,EV_B13_C008_Mototaxi_Electrica_P06,3.0,84.14973549376553,-1.0,20.28499081418841
1,EV_B13_C008_Mototaxi_Electrica_P06,2.0,84.14973549376553,-1.0,20.28499081418841
1,EV_B13_C008_Mototaxi_Electrica_P06,1.0,84.14973549376553,-1.0,20.28499081418841
1,EV_B13_C008_Mototaxi_Electrica_P06,0.0,84.14973549376553,-1.0,20.28499081418841
3,NONE,-1.0,-0.1,-1.0,-0.1
3,NONE,-1.0,-0.1,-1.0,-0.1
3,NONE,-1.0,-0.1,-1.0,-0.1
3,NONE,-1.0,-0.1,-1.0,-0.1
3,NONE,-1.0,-0.1,-1.0,-0.1
3,NONE,-1.0,-0.1,-1.0,-0.1
3,NONE,-1.0,-0.1,-1.0,-0.1
3,NONE,-1.0,-0.1,-1.0,-0.1
3,NONE,-1.0,-0.1,-1.0,-0.1
3,NONE,-1.0,-0.1,-1.0,-0.1
3,NONE,-1.0,-0.1,-1.0,-0.1
3,NONE,-1.0,-0.1,-1.0,-0.1
3,NONE,-1.0,-0.1,-1.0,-0.1
3,NONE,-1.0,-0.1,-1.0,-0.1
3,NONE,-1.0,-0.1,-1.0,-0.1
2,EV_B13_C008_Mototaxi_Electrica_P07,-1.0,-0.1,7.0,39.00196592341408
1,EV_B13_C008_Mototaxi_Electrica_P07,6.0,81.22722603922787,-1.0,39.00196592341408
1,EV_B13_C008_Mototaxi_Electrica_P07,5.0,81.22722603922787,-1.0,39.00196592341408
1,EV_B13_C008_Mototaxi_Electrica_P07,4.0,81.22722603922787,-1.0,39.00196592341408
1,EV_B13_C008_Mototaxi_Electrica_P07,3.0,81.22722603922787,-1.0,39.00196592341408
1,EV_B13_C008_Mototaxi_Electrica_P07,2.0,81.22722603922787,-1.0,39.00196592341408
1,EV_B13_C008_Mototaxi_Electrica_P07,1.0,81.22722603922787,-1.0,39.00196592341408
1,EV_B13_C008_Mototaxi_Electrica_P07,0.0,81.22722603922787,-1.0,39.00196592341408
3,NONE,-1.0,-0.1,-1.0,-0.1
3,NONE,-1.0,-0.1,-1.0,-0.1
3,NONE,-1.0,-0.1,-1.0,-0.1
3,NONE,-1.0,-0.1,-1.0,-0.1
3,NONE,-1.0,-0.1,-1.0,-0.1
3,NONE,-1.0,-0.1,-1.0,-0.1
3,NONE,-1.0,-0.1,-1.0,-0.1
3,NONE,-1.0,-0.1,-1.0,-0.1
3,NONE,-1.0,-0.1,-1.0,-0.1
3,NONE,-1.0,-0.1,-1.0,-0.1
3,NONE,-1.0,-0.1,-1.0,-0.1
3,NONE,-1.0,-0.1,-1.0,-0.1
3,NONE,-1.0,-0.1,-1.0,-0.1
3,NONE,-1.0,-0.1,-1.0,-0.1
3,NONE,-1.0,-0.1,-1.0,-0.1
3,NONE,-1.0,-0.1,-1.0,-0.1
3,NONE,-1.0,-0.1,-1.0,-0.1
3,NONE,-1.0,-0.1,-1.0,-0.1
3,NONE,-1.0,-0.1,-1.0,-0.1
3,NONE,-1.0,-0.1,-1.0,-0.1
3,NONE,-1.0,-0.1,-1.0,-0.1
3,NONE,-1.0,-0.1,-1.0,-0.1
3,NONE,-1.0,-0.1,-1.0,-0.1
3,NONE,-1.0,-0.1,-1.0,-0.1
3,NONE,-1.0,-0.1,-1.0,-0.1
3,NONE,-1.0,-0.1,-1.0,-0.1
3,NONE,-1.0,-0.1,-1.0,-0.1
3,NONE,-1.0,-0.1,-1.0,-0.1
3,NONE,-1.0,-0.1,-1.0,-0.1
3,NONE,-1.0,-0.1,-1.0,-0.1
3,NONE,-1.0,-0.1,-1.0,-0.1
3,NONE,-1.0,-0.1,-1.0,-0.1
3,NONE,-1.0,-0.1,-1.0,-0.1
3,NONE,-1.0,-0.1,-1.0,-0.1
3,NONE,-1.0,-0.1,-1.0,-0.1
3,NONE,-1.0,-0.1,-1.0,-0.1
3,NONE,-1.0,-0.1,-1.0,-0.1
3,NONE,-1.0,-0.1,-1.0,-0.1
3,NONE,-1.0,-0.1,-1.0,-0.1
3,NONE,-1.0,-0.1,-1.0,-0.1
2,EV_B13_C008_Mototaxi_Electrica_P08,-1.0,-0.1,7.0,49.35660411677071
1,EV_B13_C008_Mototaxi_Electrica_P08,7.0,77.01959269562445,-1.0,49.35660411677071
1,EV_B13_C008_Mototaxi_Electrica_P08,6.0,77.01959269562445,-1.0,49.35660411677071
1,EV_B13_C008_Mototaxi_Electrica_P08,5.0,77.01959269562445,-1.0,49.35660411677071
1,EV_B13_C008_Mototaxi_Electrica_P08,4.0,77.01959269562445,-1.0,49.35660411677071
1,EV_B13_C008_Mototaxi_Electrica_P08,3.0,77.01959269562445,-1.0,49.35660411677071
1,EV_B13_C008_Mototaxi_Electrica_P08,2.0,77.01959269562445,-1.0,49.35660411677071
1,EV_B13_C008_Mototaxi_Electrica_P08,1.0,77.01959269562445,-1.0,49.35660411677071
1,EV_B13_C008_Mototaxi_Electrica_P08,0.0,77.01959269562445,-1.0,49.35660411677071
3,NONE,-1.0,-0.1,-1.0,-0.1
3,NONE,-1.0,-0.1,-1.0,-0.1
3,NONE,-1.0,-0.1,-1.0,-0.1
3,NONE,-1.0,-0.1,-1.0,-0.1
3,NONE,-1.0,-0.1,-1.0,-0.1
3,NONE,-1.0,-0.1,-1.0,-0.1
3,NONE,-1.0,-0.1,-1.0,-0.1
3,NONE,-1.0,-0.1,-1.0,-0.1
3,NONE,-1.0,-0.1,-1.0,-0.1
3,NONE,-1.0,-0.1,-1.0,-0.1
3,NONE,-1.0,-0.1,-1.0,-0.1
3,NONE,-1.0,-0.1,-1.0,-0.1
3,NONE,-1.0,-0.1,-1.0,-0.1
3,NONE,-1.0,-0.1,-1.0,-0.1
3,NONE,-1.0,-0.1,-1.0,-0.1
3,NONE,-1.0,-0.1,-1.0,-0.1
2,EV_B13_C008_Mototaxi_Electrica_P09,-1.0,-0.1,8.0,29.49993207684028
1,EV_B13_C008_Mototaxi_Electrica_P09,6.0,78.47727491458454,-1.0,29.49993207684028
1,EV_B13_C008_Mototaxi_Electrica_P09,5.0,78.47727491458454,-1.0,29.49993207684028
1,EV_B13_C008_Mototaxi_Electrica_P09,4.0,78.47727491458454,-1.0,29.49993207684028
1,EV_B13_C008_Mototaxi_Electrica_P09,3.0,78.47727491458454,-1.0,29.49993207684028
1,EV_B13_C008_Mototaxi_Electrica_P09,2.0,78.47727491458454,-1.0,29.49993207684028
1,EV_B13_C008_Mototaxi_Electrica_P09,1.0,78.47727491458454,-1.0,29.49993207684028
1,EV_B13_C008_Mototaxi_Electrica_P09,0.0,78.47727491458454,-1.0,29.49993207684028
3,NONE,-1.0,-0.1,-1.0,-0.1
3,NONE,-1.0,-0.1,-1.0,-0.1
3,NONE,-1.0,-0.1,-1.0,-0.1
3,NONE,-1.0,-0.1,-1.0,-0.1
3,NONE,-1.0,-0.1,-1.0,-0.1
3,NONE,-1.0,-0.1,-1.0,-0.1
3,NONE,-1.0,-0.1,-1.0,-0.1
3,NONE,-1.0,-0.1,-1.0,-0.1
3,NONE,-1.0,-0.1,-1.0,-0.1
3,NONE,-1.0,-0.1,-1.0,-0.1
3,NONE,-1.0,-0.1,-1.0,-0.1
3,NONE,-1.0,-0.1,-1.0,-0.1
3,NONE,-1.0,-0.1,-1.0,-0.1
3,NONE,-1.0,-0.1,-1.0,-0.1
3,NONE,-1.0,-0.1,-1.0,-0.1
3,NONE,-1.0,-0.1,-1.0,-0.1
3,NONE,-1.0,-0.1,-1.0,-0.1
3,NONE,-1.0,-0.1,-1.0,-0.1
3,NONE,-1.0,-0.1,-1.0,-0.1
3,NONE,-1.0,-0.1,-1.0,-0.1
3,NONE,-1.0,-0.1,-1.0,-0.1
3,NONE,-1.0,-0.1,-1.0,-0.1
3,NONE,-1.0,-0.1,-1.0,-0.1
3,NONE,-1.0,-0.1,-1.0,-0.1
3,NONE,-1.0,-0.1,-1.0,-0.1
3,NONE,-1.0,-0.1,-1.0,-0.1
3,NONE,-1.0,-0.1,-1.0,-0.1
3,NONE,-1.0,-0.1,-1.0,-0.1
3,NONE,-1.0,-0.1,-1.0,-0.1
3,NONE,-1.0,-0.1,-1.0,-0.1
3,NONE,-1.0,-0.1,-1.0,-0.1
3,NONE,-1.0,-0.1,-1.0,-0.1
3,NONE,-1.0,-0.1,-1.0,-0.1
3,NONE,-1.0,-0.1,-1.0,-0.1
3,NONE,-1.0,-0.1,-1.0,-0.1
3,NONE,-1.0,-0.1,-1.0,-0.1
3,NONE,-1.0,-0.1,-1.0,-0.1
3,NONE,-1.0,-0.1,-1.0,-0.1
3,NONE,-1.0,-0.1,-1.0,-0.1
3,NONE,-1.0,-0.1,-1.0,-0.1
3,NONE,-1.0,-0.1,-1.0,-0.1
3,NONE,-1.0,-0.1,-1.0,-0.1
3,NONE,-1.0,-0.1,-1.0,-0.1
3,NONE,-1.0,-0.1,-1.0,-0.1
3,NONE,-1.0,-0.1,-1.0,-0.1
3,NONE,-1.0,-0.1,-1.0,-0.1
3,NONE,-1.0,-0.1,-1.0,-0.1
3,NONE,-1.0,-0.1,-1.0,-0.1
3,NONE,-1.0,-0.1,-1.0,-0.1
3,NONE,-1.0,-0.1,-1.0,-0.1
3,NONE,-1.0,-0.1,-1.0,-0.1
3,NONE,-1.0,-0.1,-1.0,-0.1
3,NONE,-1.0,-0.1,-1.0,-0.1
3,NONE,-1.0,-0.1,-1.0,-0.1
3,NONE,-1.0,-0.1,-1.0,-0.1
3,NONE,-1.0,-0.1,-1.0,-0.1
3,NONE,-1.0,-0.1,-1.0,-0.1
3,NONE,-1.0,-0.1,-1.0,-0.1
3,NONE,-1.0,-0.1,-1.0,-0.1
3,NONE,-1.0,-0.1,-1.0,-0.1
3,NONE,-1.0,-0.1,-1.0,-0.1
3,NONE,-1.0,-0.1,-1.0,-0.1
3,NONE,-1.0,-0.1,-1.0,-0.1
3,NONE,-1.0,-0.1,-1.0,-0.1
2,EV_B13_C008_Mototaxi_Electrica_P10,-1.0,-0.1,8.0,36.036351199619816
1,EV_B13_C008_Mototaxi_Electrica_P10,6.0,83.87732311481626,-1.0,36.036351199619816
1,EV_B13_C008_Mototaxi_Electrica_P10,5.0,83.87732311481626,-1.0,36.036351199619816
1,EV_B13_C008_Mototaxi_Electrica_P10,4.0,83.87732311481626,-1.0,36.036351199619816
1,EV_B13_C008_Mototaxi_Electrica_P10,3.0,83.87732311481626,-1.0,36.036351199619816
1,EV_B13_C008_Mototaxi_Electrica_P10,2.0,83.87732311481626,-1.0,36.036351199619816
1,EV_B13_C008_Mototaxi_Electrica_P10,1.0,83.87732311481626,-1.0,36.036351199619816
1,EV_B13_C008_Mototaxi_Electrica_P10,0.0,83.87732311481626,-1.0,36.036351199619816
3,NONE,-1.0,-0.1,-1.0,-0.1
3,NONE,-1.0,-0.1,-1.0,-0.1
3,NONE,-1.0,-0.1,-1.0,-0.1
3,NONE,-1.0,-0.1,-1.0,-0.1
3,NONE,-1.0,-0.1,-1.0,-0.1
3,NONE,-1.0,-0.1,-1.0,-0.1
3,NONE,-1.0,-0.1,-1.0,-0.1
3,NONE,-1.0,-0.1,-1.0,-0.1
3,NONE,-1.0,-0.1,-1.0,-0.1
3,NONE,-1.0,-0.1,-1.0,-0.1
3,NONE,-1.0,-0.1,-1.0,-0.1
3,NONE,-1.0,-0.1,-1.0,-0.1
3,NONE,-1.0,-0.1,-1.0,-0.1
3,NONE,-1.0,-0.1,-1.0,-0.1
3,NONE,-1.0,-0.1,-1.0,-0.1
3,NONE,-1.0,-0.1,-1.0,-0.1
3,NONE,-1.0,-0.1,-1.0,-0.1
2,EV_B13_C008_Mototaxi_Electrica_P01,-1.0,-0.1,9.0,20.921084426813223
1,EV_B13_C008_Mototaxi_Electrica_P01,5.0,75.51530580193375,-1.0,20.921084426813223
1,EV_B13_C008_Mototaxi_Electrica_P01,4.0,75.51530580193375,-1.0,20.921084426813223
1,EV_B13_C008_Mototaxi_Electrica_P01,3.0,75.51530580193375,-1.0,20.921084426813223
1,EV_B13_C008_Mototaxi_Electrica_P01,2.0,75.51530580193375,-1.0,20.921084426813223
1,EV_B13_C008_Mototaxi_Electrica_P01,1.0,75.51530580193375,-1.0,20.921084426813223
1,EV_B13_C008_Mototaxi_Electrica_P01,0.0,75.51530580193375,-1.0,20.921084426813223
3,NONE,-1.0,-0.1,-1.0,-0.1
3,NONE,-1.0,-0.1,-1.0,-0.1
3,NONE,-1.0,-0.1,-1.0,-0.1
3,NONE,-1.0,-0.1,-1.0,-0.1
3,NONE,-1.0,-0.1,-1.0,-0.1
3,NONE,-1.0,-0.1,-1.0,-0.1
3,NONE,-1.0,-0.1,-1.0,-0.1
3,NONE,-1.0,-0.1,-1.0,-0.1
3,NONE,-1.0,-0.1,-1.0,-0.1
3,NONE,-1.0,-0.1,-1.0,-0.1
3,NONE,-1.0,-0.1,-1.0,-0.1
3,NONE,-1.0,-0.1,-1.0,-0.1
3,NONE,-1.0,-0.1,-1.0,-0.1
3,NONE,-1.0,-0.1,-1.0,-0.1
3,NONE,-1.0,-0.1,-1.0,-0.1
3,NONE,-1.0,-0.1,-1.0,-0.1
3,NONE,-1.0,-0.1,-1.0,-0.1
2,EV_B13_C008_Mototaxi_Electrica_P02,-1.0,-0.1,9.0,43.69792421593657
1,EV_B13_C008_Mototaxi_Electrica_P02,5.0,86.01836106731818,-1.0,43.69792421593657
1,EV_B13_C008_Mototaxi_Electrica_P02,4.0,86.01836106731818,-1.0,43.69792421593657
1,EV_B13_C008_Mototaxi_Electrica_P02,3.0,86.01836106731818,-1.0,43.69792421593657
1,EV_B13_C008_Mototaxi_Electrica_P02,2.0,86.01836106731818,-1.0,43.69792421593657
1,EV_B13_C008_Mototaxi_Electrica_P02,1.0,86.01836106731818,-1.0,43.69792421593657
1,EV_B13_C008_Mototaxi_Electrica_P02,0.0,86.01836106731818,-1.0,43.69792421593657
3,NONE,-1.0,-0.1,-1.0,-0.1
3,NONE,-1.0,-0.1,-1.0,-0.1
3,NONE,-1.0,-0.1,-1.0,-0.1
3,NONE,-1.0,-0.1,-1.0,-0.1
3,NONE,-1.0,-0.1,-1.0,-0.1
3,NONE,-1.0,-0.1,-1.0,-0.1
3,NONE,-1.0,-0.1,-1.0,-0.1
3,NONE,-1.0,-0.1,-1.0,-0.1
3,NONE,-1.0,-0.1,-1.0,-0.1
3,NONE,-1.0,-0.1,-1.0,-0.1
3,NONE,-1.0,-0.1,-1.0,-0.1
3,NONE,-1.0,-0.1,-1.0,-0.1
3,NONE,-1.0,-0.1,-1.0,-0.1
3,NONE,-1.0,-0.1,-1.0,-0.1
3,NONE,-1.0,-0.1,-1.0,-0.1
3,NONE,-1.0,-0.1,-1.0,-0.1
3,NONE,-1.0,-0.1,-1.0,-0.1
3,NONE,-1.0,-0.1,-1.0,-0.1
3,NONE,-1.0,-0.1,-1.0,-0.1
3,NONE,-1.0,-0.1,-1.0,-0.1
3,NONE,-1.0,-0.1,-1.0,-0.1
3,NONE,-1.0,-0.1,-1.0,-0.1
3,NONE,-1.0,-0.1,-1.0,-0.1
3,NONE,-1.0,-0.1,-1.0,-0.1
3,NONE,-1.0,-0.1,-1.0,-0.1
3,NONE,-1.0,-0.1,-1.0,-0.1
3,NONE,-1.0,-0.1,-1.0,-0.1
3,NONE,-1.0,-0.1,-1.0,-0.1
3,NONE,-1.0,-0.1,-1.0,-0.1
3,NONE,-1.0,-0.1,-1.0,-0.1
3,NONE,-1.0,-0.1,-1.0,-0.1
3,NONE,-1.0,-0.1,-1.0,-0.1
3,NONE,-1.0,-0.1,-1.0,-0.1
3,NONE,-1.0,-0.1,-1.0,-0.1
3,NONE,-1.0,-0.1,-1.0,-0.1
3,NONE,-1.0,-0.1,-1.0,-0.1
3,NONE,-1.0,-0.1,-1.0,-0.1
3,NONE,-1.0,-0.1,-1.0,-0.1
3,NONE,-1.0,-0.1,-1.0,-0.1
3,NONE,-1.0,-0.1,-1.0,-0.1
2,EV_B13_C008_Mototaxi_Electrica_P03,-1.0,-0.1,8.0,39.341763151211254
1,EV_B13_C008_Mototaxi_Electrica_P03,6.0,82.36686526017688,-1.0,39.341763151211254
1,EV_B13_C008_Mototaxi_Electrica_P03,5.0,82.36686526017688,-1.0,39.341763151211254
1,EV_B13_C008_Mototaxi_Electrica_P03,4.0,82.36686526017688,-1.0,39.341763151211254
1,EV_B13_C008_Mototaxi_Electrica_P03,3.0,82.36686526017688,-1.0,39.341763151211254
1,EV_B13_C008_Mototaxi_Electrica_P03,2.0,82.36686526017688,-1.0,39.341763151211254
1,EV_B13_C008_Mototaxi_Electrica_P03,1.0,82.36686526017688,-1.0,39.341763151211254
1,EV_B13_C008_Mototaxi_Electrica_P03,0.0,82.36686526017688,-1.0,39.341763151211254
3,NONE,-1.0,-0.1,-1.0,-0.1
3,NONE,-1.0,-0.1,-1.0,-0.1
3,NONE,-1.0,-0.1,-1.0,-0.1
3,NONE,-1.0,-0.1,-1.0,-0.1
3,NONE,-1.0,-0.1,-1.0,-0.1
3,NONE,-1.0,-0.1,-1.0,-0.1
3,NONE,-1.0,-0.1,-1.0,-0.1
3,NONE,-1.0,-0.1,-1.0,-0.1
3,NONE,-1.0,-0.1,-1.0,-0.1
3,NONE,-1.0,-0.1,-1.0,-0.1
3,NONE,-1.0,-0.1,-1.0,-0.1
3,NONE,-1.0,-0.1,-1.0,-0.1
3,NONE,-1.0,-0.1,-1.0,-0.1
3,NONE,-1.0,-0.1,-1.0,-0.1
3,NONE,-1.0,-0.1,-1.0,-0.1
3,NONE,-1.0,-0.1,-1.0,-0.1
3,NONE,-1.0,-0.1,-1.0,-0.1
3,NONE,-1.0,-0.1,-1.0,-0.1
3,NONE,-1.0,-0.1,-1.0,-0.1
3,NONE,-1.0,-0.1,-1.0,-0.1
3,NONE,-1.0,-0.1,-1.0,-0.1
3,NONE,-1.0,-0.1,-1.0,-0.1
3,NONE,-1.0,-0.1,-1.0,-0.1
3,NONE,-1.0,-0.1,-1.0,-0.1
3,NONE,-1.0,-0.1,-1.0,-0.1
3,NONE,-1.0,-0.1,-1.0,-0.1
3,NONE,-1.0,-0.1,-1.0,-0.1
3,NONE,-1.0,-0.1,-1.0,-0.1
3,NONE,-1.0,-0.1,-1.0,-0.1
3,NONE,-1.0,-0.1,-1.0,-0.1
3,NONE,-1.0,-0.1,-1.0,-0.1
3,NONE,-1.0,-0.1,-1.0,-0.1
3,NONE,-1.0,-0.1,-1.0,-0.1
3,NONE,-1.0,-0.1,-1.0,-0.1
3,NONE,-1.0,-0.1,-1.0,-0.1
3,NONE,-1.0,-0.1,-1.0,-0.1
3,NONE,-1.0,-0.1,-1.0,-0.1
3,NONE,-1.0,-0.1,-1.0,-0.1
3,NONE,-1.0,-0.1,-1.0,-0.1
3,NONE,-1.0,-0.1,-1.0,-0.1
3,NONE,-1.0,-0.1,-1.0,-0.1
3,NONE,-1.0,-0.1,-1.0,-0.1
3,NONE,-1.0,-0.1,-1.0,-0.1
3,NONE,-1.0,-0.1,-1.0,-0.1
3,NONE,-1.0,-0.1,-1.0,-0.1
3,NONE,-1.0,-0.1,-1.0,-0.1
3,NONE,-1.0,-0.1,-1.0,-0.1
3,NONE,-1.0,-0.1,-1.0,-0.1
3,NONE,-1.0,-0.1,-1.0,-0.1
3,NONE,-1.0,-0.1,-1.0,-0.1
3,NONE,-1.0,-0.1,-1.0,-0.1
3,NONE,-1.0,-0.1,-1.0,-0.1
3,NONE,-1.0,-0.1,-1.0,-0.1
3,NONE,-1.0,-0.1,-1.0,-0.1
3,NONE,-1.0,-0.1,-1.0,-0.1
3,NONE,-1.0,-0.1,-1.0,-0.1
3,NONE,-1.0,-0.1,-1.0,-0.1
3,NONE,-1.0,-0.1,-1.0,-0.1
3,NONE,-1.0,-0.1,-1.0,-0.1
3,NONE,-1.0,-0.1,-1.0,-0.1
3,NONE,-1.0,-0.1,-1.0,-0.1
3,NONE,-1.0,-0.1,-1.0,-0.1
3,NONE,-1.0,-0.1,-1.0,-0.1
3,NONE,-1.0,-0.1,-1.0,-0.1
3,NONE,-1.0,-0.1,-1.0,-0.1
3,NONE,-1.0,-0.1,-1.0,-0.1
3,NONE,-1.0,-0.1,-1.0,-0.1
3,NONE,-1.0,-0.1,-1.0,-0.1
3,NONE,-1.0,-0.1,-1.0,-0.1
3,NONE,-1.0,-0.1,-1.0,-0.1
3,NONE,-1.0,-0.1,-1.0,-0.1
3,NONE,-1.0,-0.1,-1.0,-0.1
3,NONE,-1.0,-0.1,-1.0,-0.1
3,NONE,-1.0,-0.1,-1.0,-0.1
3,NONE,-1.0,-0.1,-1.0,-0.1
3,NONE,-1.0,-0.1,-1.0,-0.1
3,NONE,-1.0,-0.1,-1.0,-0.1
3,NONE,-1.0,-0.1,-1.0,-0.1
3,NONE,-1.0,-0.1,-1.0,-0.1
3,NONE,-1.0,-0.1,-1.0,-0.1
3,NONE,-1.0,-0.1,-1.0,-0.1
3,NONE,-1.0,-0.1,-1.0,-0.1
3,NONE,-1.0,-0.1,-1.0,-0.1
3,NONE,-1.0,-0.1,-1.0,-0.1
3,NONE,-1.0,-0.1,-1.0,-0.1
3,NONE,-1.0,-0.1,-1.0,-0.1
3,NONE,-1.0,-0.1,-1.0,-0.1
3,NONE,-1.0,-0.1,-1.0,-0.1
3,NONE,-1.0,-0.1,-1.0,-0.1
3,NONE,-1.0,-0.1,-1.0,-0.1
3,NONE,-1.0,-0.1,-1.0,-0.1
3,NONE,-1.0,-0.1,-1.0,-0.1
3,NONE,-1.0,-0.1,-1.0,-0.1
3,NONE,-1.0,-0.1,-1.0,-0.1
3,NONE,-1.0,-0.1,-1.0,-0.1
3,NONE,-1.0,-0.1,-1.0,-0.1
3,NONE,-1.0,-0.1,-1.0,-0.1
3,NONE,-1.0,-0.1,-1.0,-0.1
3,NONE,-1.0,-0.1,-1.0,-0.1
3,NONE,-1.0,-0.1,-1.0,-0.1
3,NONE,-1.0,-0.1,-1.0,-0.1
3,NONE,-1.0,-0.1,-1.0,-0.1
3,NONE,-1.0,-0.1,-1.0,-0.1
3,NONE,-1.0,-0.1,-1.0,-0.1
3,NONE,-1.0,-0.1,-1.0,-0.1
3,NONE,-1.0,-0.1,-1.0,-0.1
3,NONE,-1.0,-0.1,-1.0,-0.1
3,NONE,-1.0,-0.1,-1.0,-0.1
3,NONE,-1.0,-0.1,-1.0,-0.1
3,NONE,-1.0,-0.1,-1.0,-0.1
3,NONE,-1.0,-0.1,-1.0,-0.1
2,EV_B13_C008_Mototaxi_Electrica_P04,-1.0,-0.1,7.0,47.08074998735704
1,EV_B13_C008_Mototaxi_Electrica_P04,7.0,81.43266547957916,-1.0,47.08074998735704
1,EV_B13_C008_Mototaxi_Electrica_P04,6.0,81.43266547957916,-1.0,47.08074998735704
1,EV_B13_C008_Mototaxi_Electrica_P04,5.0,81.43266547957916,-1.0,47.08074998735704
1,EV_B13_C008_Mototaxi_Electrica_P04,4.0,81.43266547957916,-1.0,47.08074998735704
1,EV_B13_C008_Mototaxi_Electrica_P04,3.0,81.43266547957916,-1.0,47.08074998735704
1,EV_B13_C008_Mototaxi_Electrica_P04,2.0,81.43266547957916,-1.0,47.08074998735704
1,EV_B13_C008_Mototaxi_Electrica_P04,1.0,81.43266547957916,-1.0,47.08074998735704
1,EV_B13_C008_Mototaxi_Electrica_P04,0.0,81.43266547957916,-1.0,47.08074998735704
3,NONE,-1.0,-0.1,-1.0,-0.1
3,NONE,-1.0,-0.1,-1.0,-0.1
3,NONE,-1.0,-0.1,-1.0,-0.1
3,NONE,-1.0,-0.1,-1.0,-0.1
3,NONE,-1.0,-0.1,-1.0,-0.1
3,NONE,-1.0,-0.1,-1.0,-0.1
3,NONE,-1.0,-0.1,-1.0,-0.1
3,NONE,-1.0,-0.1,-1.0,-0.1
3,NONE,-1.0,-0.1,-1.0,-0.1
3,NONE,-1.0,-0.1,-1.0,-0.1
3,NONE,-1.0,-0.1,-1.0,-0.1
3,NONE,-1.0,-0.1,-1.0,-0.1
3,NONE,-1.0,-0.1,-1.0,-0.1
3,NONE,-1.0,-0.1,-1.0,-0.1
3,NONE,-1.0,-0.1,-1.0,-0.1
3,NONE,-1.0,-0.1,-1.0,-0.1
3,NONE,-1.0,-0.1,-1.0,-0.1
3,NONE,-1.0,-0.1,-1.0,-0.1
3,NONE,-1.0,-0.1,-1.0,-0.1
3,NONE,-1.0,-0.1,-1.0,-0.1
3,NONE,-1.0,-0.1,-1.0,-0.1
3,NONE,-1.0,-0.1,-1.0,-0.1
3,NONE,-1.0,-0.1,-1.0,-0.1
3,NONE,-1.0,-0.1,-1.0,-0.1
3,NONE,-1.0,-0.1,-1.0,-0.1
3,NONE,-1.0,-0.1,-1.0,-0.1
3,NONE,-1.0,-0.1,-1.0,-0.1
3,NONE,-1.0,-0.1,-1.0,-0.1
3,NONE,-1.0,-0.1,-1.0,-0.1
3,NONE,-1.0,-0.1,-1.0,-0.1
3,NONE,-1.0,-0.1,-1.0,-0.1
3,NONE,-1.0,-0.1,-1.0,-0.1
3,NONE,-1.0,-0.1,-1.0,-0.1
3,NONE,-1.0,-0.1,-1.0,-0.1
3,NONE,-1.0,-0.1,-1.0,-0.1
3,NONE,-1.0,-0.1,-1.0,-0.1
3,NONE,-1.0,-0.1,-1.0,-0.1
3,NONE,-1.0,-0.1,-1.0,-0.1
3,NONE,-1.0,-0.1,-1.0,-0.1
3,NONE,-1.0,-0.1,-1.0,-0.1
2,EV_B13_C008_Mototaxi_Electrica_P05,-1.0,-0.1,8.0,18.53688255655824
1,EV_B13_C008_Mototaxi_Electrica_P05,6.0,72.94574823108069,-1.0,18.53688255655824
1,EV_B13_C008_Mototaxi_Electrica_P05,5.0,72.94574823108069,-1.0,18.53688255655824
1,EV_B13_C008_Mototaxi_Electrica_P05,4.0,72.94574823108069,-1.0,18.53688255655824
1,EV_B13_C008_Mototaxi_Electrica_P05,3.0,72.94574823108069,-1.0,18.53688255655824
1,EV_B13_C008_Mototaxi_Electrica_P05,2.0,72.94574823108069,-1.0,18.53688255655824
1,EV_B13_C008_Mototaxi_Electrica_P05,1.0,72.94574823108069,-1.0,18.53688255655824
1,EV_B13_C008_Mototaxi_Electrica_P05,0.0,72.94574823108069,-1.0,18.53688255655824
3,NONE,-1.0,-0.1,-1.0,-0.1
3,NONE,-1.0,-0.1,-1.0,-0.1
3,NONE,-1.0,-0.1,-1.0,-0.1
3,NONE,-1.0,-0.1,-1.0,-0.1
3,NONE,-1.0,-0.1,-1.0,-0.1
3,NONE,-1.0,-0.1,-1.0,-0.1
3,NONE,-1.0,-0.1,-1.0,-0.1
3,NONE,-1.0,-0.1,-1.0,-0.1
3,NONE,-1.0,-0.1,-1.0,-0.1
3,NONE,-1.0,-0.1,-1.0,-0.1
3,NONE,-1.0,-0.1,-1.0,-0.1
3,NONE,-1.0,-0.1,-1.0,-0.1
3,NONE,-1.0,-0.1,-1.0,-0.1
3,NONE,-1.0,-0.1,-1.0,-0.1
3,NONE,-1.0,-0.1,-1.0,-0.1
3,NONE,-1.0,-0.1,-1.0,-0.1
3,NONE,-1.0,-0.1,-1.0,-0.1
3,NONE,-1.0,-0.1,-1.0,-0.1
3,NONE,-1.0,-0.1,-1.0,-0.1
3,NONE,-1.0,-0.1,-1.0,-0.1
3,NONE,-1.0,-0.1,-1.0,-0.1
3,NONE,-1.0,-0.1,-1.0,-0.1
3,NONE,-1.0,-0.1,-1.0,-0.1
3,NONE,-1.0,-0.1,-1.0,-0.1
3,NONE,-1.0,-0.1,-1.0,-0.1
3,NONE,-1.0,-0.1,-1.0,-0.1
3,NONE,-1.0,-0.1,-1.0,-0.1
3,NONE,-1.0,-0.1,-1.0,-0.1
3,NONE,-1.0,-0.1,-1.0,-0.1
3,NONE,-1.0,-0.1,-1.0,-0.1
3,NONE,-1.0,-0.1,-1.0,-0.1
3,NONE,-1.0,-0.1,-1.0,-0.1
3,NONE,-1.0,-0.1,-1.0,-0.1
3,NONE,-1.0,-0.1,-1.0,-0.1
3,NONE,-1.0,-0.1,-1.0,-0.1
3,NONE,-1.0,-0.1,-1.0,-0.1
3,NONE,-1.0,-0.1,-1.0,-0.1
3,NONE,-1.0,-0.1,-1.0,-0.1
3,NONE,-1.0,-0.1,-1.0,-0.1
3,NONE,-1.0,-0.1,-1.0,-0.1
3,NONE,-1.0,-0.1,-1.0,-0.1
3,NONE,-1.0,-0.1,-1.0,-0.1
3,NONE,-1.0,-0.1,-1.0,-0.1
3,NONE,-1.0,-0.1,-1.0,-0.1
3,NONE,-1.0,-0.1,-1.0,-0.1
3,NONE,-1.0,-0.1,-1.0,-0.1
3,NONE,-1.0,-0.1,-1.0,-0.1
3,NONE,-1.0,-0.1,-1.0,-0.1
3,NONE,-1.0,-0.1,-1.0,-0.1
3,NONE,-1.0,-0.1,-1.0,-0.1
3,NONE,-1.0,-0.1,-1.0,-0.1
3,NONE,-1.0,-0.1,-1.0,-0.1
3,NONE,-1.0,-0.1,-1.0,-0.1
3,NONE,-1.0,-0.1,-1.0,-0.1
3,NONE,-1.0,-0.1,-1.0,-0.1
3,NONE,-1.0,-0.1,-1.0,-0.1
3,NONE,-1.0,-0.1,-1.0,-0.1
3,NONE,-1.0,-0.1,-1.0,-0.1
3,NONE,-1.0,-0.1,-1.0,-0.1
3,NONE,-1.0,-0.1,-1.0,-0.1
3,NONE,-1.0,-0.1,-1.0,-0.1
3,NONE,-1.0,-0.1,-1.0,-0.1
3,NONE,-1.0,-0.1,-1.0,-0.1
3,NONE,-1.0,-0.1,-1.0,-0.1
3,NONE,-1.0,-0.1,-1.0,-0.1
3,NONE,-1.0,-0.1,-1.0,-0.1
3,NONE,-1.0,-0.1,-1.0,-0.1
3,NONE,-1.0,-0.1,-1.0,-0.1
3,NONE,-1.0,-0.1,-1.0,-0.1
3,NONE,-1.0,-0.1,-1.0,-0.1
3,NONE,-1.0,-0.1,-1.0,-0.1
3,NONE,-1.0,-0.1,-1.0,-0.1
3,NONE,-1.0,-0.1,-1.0,-0.1
3,NONE,-1.0,-0.1,-1.0,-0.1
3,NONE,-1.0,-0.1,-1.0,-0.1
3,NONE,-1.0,-0.1,-1.0,-0.1
3,NONE,-1.0,-0.1,-1.0,-0.1
3,NONE,-1.0,-0.1,-1.0,-0.1
3,NONE,-1.0,-0.1,-1.0,-0.1
3,NONE,-1.0,-0.1,-1.0,-0.1
3,NONE,-1.0,-0.1,-1.0,-0.1
3,NONE,-1.0,-0.1,-1.0,-0.1
3,NONE,-1.0,-0.1,-1.0,-0.1
3,NONE,-1.0,-0.1,-1.0,-0.1
3,NONE,-1.0,-0.1,-1.0,-0.1
3,NONE,-1.0,-0.1,-1.0,-0.1
3,NONE,-1.0,-0.1,-1.0,-0.1
2,EV_B13_C008_Mototaxi_Electrica_P06,-1.0,-0.1,7.0,37.12162357962113
1,EV_B13_C008_Mototaxi_Electrica_P06,7.0,78.73382208905637,-1.0,37.12162357962113
1,EV_B13_C008_Mototaxi_Electrica_P06,6.0,78.73382208905637,-1.0,37.12162357962113
1,EV_B13_C008_Mototaxi_Electrica_P06,5.0,78.73382208905637,-1.0,37.12162357962113
1,EV_B13_C008_Mototaxi_Electrica_P06,4.0,78.73382208905637,-1.0,37.12162357962113
1,EV_B13_C008_Mototaxi_Electrica_P06,3.0,78.73382208905637,-1.0,37.12162357962113
1,EV_B13_C008_Mototaxi_Electrica_P06,2.0,78.73382208905637,-1.0,37.12162357962113
1,EV_B13_C008_Mototaxi_Electrica_P06,1.0,78.73382208905637,-1.0,37.12162357962113
1,EV_B13_C008_Mototaxi_Electrica_P06,0.0,78.73382208905637,-1.0,37.12162357962113
3,NONE,-1.0,-0.1,-1.0,-0.1
3,NONE,-1.0,-0.1,-1.0,-0.1
3,NONE,-1.0,-0.1,-1.0,-0.1
3,NONE,-1.0,-0.1,-1.0,-0.1
3,NONE,-1.0,-0.1,-1.0,-0.1
3,NONE,-1.0,-0.1,-1.0,-0.1
3,NONE,-1.0,-0.1,-1.0,-0.1
3,NONE,-1.0,-0.1,-1.0,-0.1
3,NONE,-1.0,-0.1,-1.0,-0.1
3,NONE,-1.0,-0.1,-1.0,-0.1
3,NONE,-1.0,-0.1,-1.0,-0.1
3,NONE,-1.0,-0.1,-1.0,-0.1
3,NONE,-1.0,-0.1,-1.0,-0.1
3,NONE,-1.0,-0.1,-1.0,-0.1
3,NONE,-1.0,-0.1,-1.0,-0.1
3,NONE,-1.0,-0.1,-1.0,-0.1
3,NONE,-1.0,-0.1,-1.0,-0.1
3,NONE,-1.0,-0.1,-1.0,-0.1
3,NONE,-1.0,-0.1,-1.0,-0.1
3,NONE,-1.0,-0.1,-1.0,-0.1
3,NONE,-1.0,-0.1,-1.0,-0.1
3,NONE,-1.0,-0.1,-1.0,-0.1
3,NONE,-1.0,-0.1,-1.0,-0.1
3,NONE,-1.0,-0.1,-1.0,-0.1
3,NONE,-1.0,-0.1,-1.0,-0.1
3,NONE,-1.0,-0.1,-1.0,-0.1
3,NONE,-1.0,-0.1,-1.0,-0.1
3,NONE,-1.0,-0.1,-1.0,-0.1
3,NONE,-1.0,-0.1,-1.0,-0.1
3,NONE,-1.0,-0.1,-1.0,-0.1
3,NONE,-1.0,-0.1,-1.0,-0.1
3,NONE,-1.0,-0.1,-1.0,-0.1
3,NONE,-1.0,-0.1,-1.0,-0.1
3,NONE,-1.0,-0.1,-1.0,-0.1
3,NONE,-1.0,-0.1,-1.0,-0.1
3,NONE,-1.0,-0.1,-1.0,-0.1
3,NONE,-1.0,-0.1,-1.0,-0.1
3,NONE,-1.0,-0.1,-1.0,-0.1
3,NONE,-1.0,-0.1,-1.0,-0.1
3,NONE,-1.0,-0.1,-1.0,-0.1
3,NONE,-1.0,-0.1,-1.0,-0.1
3,NONE,-1.0,-0.1,-1.0,-0.1
3,NONE,-1.0,-0.1,-1.0,-0.1
3,NONE,-1.0,-0.1,-1.0,-0.1
3,NONE,-1.0,-0.1,-1.0,-0.1
3,NONE,-1.0,-0.1,-1.0,-0.1
3,NONE,-1.0,-0.1,-1.0,-0.1
3,NONE,-1.0,-0.1,-1.0,-0.1
3,NONE,-1.0,-0.1,-1.0,-0.1
3,NONE,-1.0,-0.1,-1.0,-0.1
3,NONE,-1.0,-0.1,-1.0,-0.1
3,NONE,-1.0,-0.1,-1.0,-0.1
3,NONE,-1.0,-0.1,-1.0,-0.1
3,NONE,-1.0,-0.1,-1.0,-0.1
3,NONE,-1.0,-0.1,-1.0,-0.1
3,NONE,-1.0,-0.1,-1.0,-0.1
3,NONE,-1.0,-0.1,-1.0,-0.1
3,NONE,-1.0,-0.1,-1.0,-0.1
3,NONE,-1.0,-0.1,-1.0,-0.1
3,NONE,-1.0,-0.1,-1.0,-0.1
3,NONE,-1.0,-0.1,-1.0,-0.1
3,NONE,-1.0,-0.1,-1.0,-0.1
3,NONE,-1.0,-0.1,-1.0,-0.1
3,NONE,-1.0,-0.1,-1.0,-0.1
2,EV_B13_C008_Mototaxi_Electrica_P07,-1.0,-0.1,8.0,19.523389998591313
1,EV_B13_C008_Mototaxi_Electrica_P07,6.0,81.35193770992679,-1.0,19.523389998591313
1,EV_B13_C008_Mototaxi_Electrica_P07,5.0,81.35193770992679,-1.0,19.523389998591313
1,EV_B13_C008_Mototaxi_Electrica_P07,4.0,81.35193770992679,-1.0,19.523389998591313
1,EV_B13_C008_Mototaxi_Electrica_P07,3.0,81.35193770992679,-1.0,19.523389998591313
1,EV_B13_C008_Mototaxi_Electrica_P07,2.0,81.35193770992679,-1.0,19.523389998591313
1,EV_B13_C008_Mototaxi_Electrica_P07,1.0,81.35193770992679,-1.0,19.523389998591313
1,EV_B13_C008_Mototaxi_Electrica_P07,0.0,81.35193770992679,-1.0,19.523389998591313
3,NONE,-1.0,-0.1,-1.0,-0.1
3,NONE,-1.0,-0.1,-1.0,-0.1
3,NONE,-1.0,-0.1,-1.0,-0.1
3,NONE,-1.0,-0.1,-1.0,-0.1
3,NONE,-1.0,-0.1,-1.0,-0.1
3,NONE,-1.0,-0.1,-1.0,-0.1
3,NONE,-1.0,-0.1,-1.0,-0.1
3,NONE,-1.0,-0.1,-1.0,-0.1
3,NONE,-1.0,-0.1,-1.0,-0.1
3,NONE,-1.0,-0.1,-1.0,-0.1
3,NONE,-1.0,-0.1,-1.0,-0.1
3,NONE,-1.0,-0.1,-1.0,-0.1
3,NONE,-1.0,-0.1,-1.0,-0.1
3,NONE,-1.0,-0.1,-1.0,-0.1
3,NONE,-1.0,-0.1,-1.0,-0.1
3,NONE,-1.0,-0.1,-1.0,-0.1
3,NONE,-1.0,-0.1,-1.0,-0.1
3,NONE,-1.0,-0.1,-1.0,-0.1
3,NONE,-1.0,-0.1,-1.0,-0.1
3,NONE,-1.0,-0.1,-1.0,-0.1
3,NONE,-1.0,-0.1,-1.0,-0.1
3,NONE,-1.0,-0.1,-1.0,-0.1
3,NONE,-1.0,-0.1,-1.0,-0.1
3,NONE,-1.0,-0.1,-1.0,-0.1
3,NONE,-1.0,-0.1,-1.0,-0.1
3,NONE,-1.0,-0.1,-1.0,-0.1
3,NONE,-1.0,-0.1,-1.0,-0.1
3,NONE,-1.0,-0.1,-1.0,-0.1
3,NONE,-1.0,-0.1,-1.0,-0.1
3,NONE,-1.0,-0.1,-1.0,-0.1
3,NONE,-1.0,-0.1,-1.0,-0.1
3,NONE,-1.0,-0.1,-1.0,-0.1
3,NONE,-1.0,-0.1,-1.0,-0.1
3,NONE,-1.0,-0.1,-1.0,-0.1
3,NONE,-1.0,-0.1,-1.0,-0.1
3,NONE,-1.0,-0.1,-1.0,-0.1
3,NONE,-1.0,-0.1,-1.0,-0.1
3,NONE,-1.0,-0.1,-1.0,-0.1
3,NONE,-1.0,-0.1,-1.0,-0.1
3,NONE,-1.0,-0.1,-1.0,-0.1
3,NONE,-1.0,-0.1,-1.0,-0.1
3,NONE,-1.0,-0.1,-1.0,-0.1
3,NONE,-1.0,-0.1,-1.0,-0.1
3,NONE,-1.0,-0.1,-1.0,-0.1
3,NONE,-1.0,-0.1,-1.0,-0.1
3,NONE,-1.0,-0.1,-1.0,-0.1
3,NONE,-1.0,-0.1,-1.0,-0.1
3,NONE,-1.0,-0.1,-1.0,-0.1
3,NONE,-1.0,-0.1,-1.0,-0.1
3,NONE,-1.0,-0.1,-1.0,-0.1
3,NONE,-1.0,-0.1,-1.0,-0.1
3,NONE,-1.0,-0.1,-1.0,-0.1
3,NONE,-1.0,-0.1,-1.0,-0.1
3,NONE,-1.0,-0.1,-1.0,-0.1
3,NONE,-1.0,-0.1,-1.0,-0.1
3,NONE,-1.0,-0.1,-1.0,-0.1
3,NONE,-1.0,-0.1,-1.0,-0.1
3,NONE,-1.0,-0.1,-1.0,-0.1
3,NONE,-1.0,-0.1,-1.0,-0.1
3,NONE,-1.0,-0.1,-1.0,-0.1
3,NONE,-1.0,-0.1,-1.0,-0.1
3,NONE,-1.0,-0.1,-1.0,-0.1
3,NONE,-1.0,-0.1,-1.0,-0.1
3,NONE,-1.0,-0.1,-1.0,-0.1
3,NONE,-1.0,-0.1,-1.0,-0.1
2,EV_B13_C008_Mototaxi_Electrica_P08,-1.0,-0.1,9.0,38.449462666503734
1,EV_B13_C008_Mototaxi_Electrica_P08,5.0,76.83188747222165,-1.0,38.449462666503734
1,EV_B13_C008_Mototaxi_Electrica_P08,4.0,76.83188747222165,-1.0,38.449462666503734
1,EV_B13_C008_Mototaxi_Electrica_P08,3.0,76.83188747222165,-1.0,38.449462666503734
1,EV_B13_C008_Mototaxi_Electrica_P08,2.0,76.83188747222165,-1.0,38.449462666503734
1,EV_B13_C008_Mototaxi_Electrica_P08,1.0,76.83188747222165,-1.0,38.449462666503734
1,EV_B13_C008_Mototaxi_Electrica_P08,0.0,76.83188747222165,-1.0,38.449462666503734
3,NONE,-1.0,-0.1,-1.0,-0.1
3,NONE,-1.0,-0.1,-1.0,-0.1
3,NONE,-1.0,-0.1,-1.0,-0.1
3,NONE,-1.0,-0.1,-1.0,-0.1
3,NONE,-1.0,-0.1,-1.0,-0.1
3,NONE,-1.0,-0.1,-1.0,-0.1
3,NONE,-1.0,-0.1,-1.0,-0.1
3,NONE,-1.0,-0.1,-1.0,-0.1
3,NONE,-1.0,-0.1,-1.0,-0.1
3,NONE,-1.0,-0.1,-1.0,-0.1
3,NONE,-1.0,-0.1,-1.0,-0.1
3,NONE,-1.0,-0.1,-1.0,-0.1
3,NONE,-1.0,-0.1,-1.0,-0.1
3,NONE,-1.0,-0.1,-1.0,-0.1
3,NONE,-1.0,-0.1,-1.0,-0.1
3,NONE,-1.0,-0.1,-1.0,-0.1
2,EV_B13_C008_Mototaxi_Electrica_P09,-1.0,-0.1,8.0,23.707334912438206
1,EV_B13_C008_Mototaxi_Electrica_P09,6.0,77.07169050278138,-1.0,23.707334912438206
1,EV_B13_C008_Mototaxi_Electrica_P09,5.0,77.07169050278138,-1.0,23.707334912438206
1,EV_B13_C008_Mototaxi_Electrica_P09,4.0,77.07169050278138,-1.0,23.707334912438206
1,EV_B13_C008_Mototaxi_Electrica_P09,3.0,77.07169050278138,-1.0,23.707334912438206
1,EV_B13_C008_Mototaxi_Electrica_P09,2.0,77.07169050278138,-1.0,23.707334912438206
1,EV_B13_C008_Mototaxi_Electrica_P09,1.0,77.07169050278138,-1.0,23.707334912438206
1,EV_B13_C008_Mototaxi_Electrica_P09,0.0,77.07169050278138,-1.0,23.707334912438206
3,NONE,-1.0,-0.1,-1.0,-0.1
3,NONE,-1.0,-0.1,-1.0,-0.1
3,NONE,-1.0,-0.1,-1.0,-0.1
3,NONE,-1.0,-0.1,-1.0,-0.1
3,NONE,-1.0,-0.1,-1.0,-0.1
3,NONE,-1.0,-0.1,-1.0,-0.1
3,NONE,-1.0,-0.1,-1.0,-0.1
3,NONE,-1.0,-0.1,-1.0,-0.1
3,NONE,-1.0,-0.1,-1.0,-0.1
3,NONE,-1.0,-0.1,-1.0,-0.1
3,NONE,-1.0,-0.1,-1.0,-0.1
3,NONE,-1.0,-0.1,-1.0,-0.1
3,NONE,-1.0,-0.1,-1.0,-0.1
3,NONE,-1.0,-0.1,-1.0,-0.1
3,NONE,-1.0,-0.1,-1.0,-0.1
3,NONE,-1.0,-0.1,-1.0,-0.1
2,EV_B13_C008_Mototaxi_Electrica_P10,-1.0,-0.1,8.0,25.4061393270767
1,EV_B13_C008_Mototaxi_Electrica_P10,6.0,86.17945847659688,-1.0,25.4061393270767
1,EV_B13_C008_Mototaxi_Electrica_P10,5.0,86.17945847659688,-1.0,25.4061393270767
1,EV_B13_C008_Mototaxi_Electrica_P10,4.0,86.17945847659688,-1.0,25.4061393270767
1,EV_B13_C008_Mototaxi_Electrica_P10,3.0,86.17945847659688,-1.0,25.4061393270767
1,EV_B13_C008_Mototaxi_Electrica_P10,2.0,86.17945847659688,-1.0,25.4061393270767
1,EV_B13_C008_Mototaxi_Electrica_P10,1.0,86.17945847659688,-1.0,25.4061393270767
1,EV_B13_C008_Mototaxi_Electrica_P10,0.0,86.17945847659688,-1.0,25.4061393270767
3,NONE,-1.0,-0.1,-1.0,-0.1
3,NONE,-1.0,-0.1,-1.0,-0.1
3,NONE,-1.0,-0.1,-1.0,-0.1
3,NONE,-1.0,-0.1,-1.0,-0.1
3,NONE,-1.0,-0.1,-1.0,-0.1
3,NONE,-1.0,-0.1,-1.0,-0.1
3,NONE,-1.0,-0.1,-1.0,-0.1
3,NONE,-1.0,-0.1,-1.0,-0.1
3,NONE,-1.0,-0.1,-1.0,-0.1
3,NONE,-1.0,-0.1,-1.0,-0.1
3,NONE,-1.0,-0.1,-1.0,-0.1
3,NONE,-1.0,-0.1,-1.0,-0.1
3,NONE,-1.0,-0.1,-1.0,-0.1
3,NONE,-1.0,-0.1,-1.0,-0.1
3,NONE,-1.0,-0.1,-1.0,-0.1
3,NONE,-1.0,-0.1,-1.0,-0.1
3,NONE,-1.0,-0.1,-1.0,-0.1
2,EV_B13_C008_Mototaxi_Electrica_P01,-1.0,-0.1,9.0,33.2823663379591
1,EV_B13_C008_Mototaxi_Electrica_P01,5.0,72.79220063802882,-1.0,33.2823663379591
1,EV_B13_C008_Mototaxi_Electrica_P01,4.0,72.79220063802882,-1.0,33.2823663379591
1,EV_B13_C008_Mototaxi_Electrica_P01,3.0,72.79220063802882,-1.0,33.2823663379591
1,EV_B13_C008_Mototaxi_Electrica_P01,2.0,72.79220063802882,-1.0,33.2823663379591
1,EV_B13_C008_Mototaxi_Electrica_P01,1.0,72.79220063802882,-1.0,33.2823663379591
1,EV_B13_C008_Mototaxi_Electrica_P01,0.0,72.79220063802882,-1.0,33.2823663379591
3,NONE,-1.0,-0.1,-1.0,-0.1
3,NONE,-1.0,-0.1,-1.0,-0.1
3,NONE,-1.0,-0.1,-1.0,-0.1
3,NONE,-1.0,-0.1,-1.0,-0.1
3,NONE,-1.0,-0.1,-1.0,-0.1
3,NONE,-1.0,-0.1,-1.0,-0.1
3,NONE,-1.0,-0.1,-1.0,-0.1
3,NONE,-1.0,-0.1,-1.0,-0.1
3,NONE,-1.0,-0.1,-1.0,-0.1
3,NONE,-1.0,-0.1,-1.0,-0.1
3,NONE,-1.0,-0.1,-1.0,-0.1
3,NONE,-1.0,-0.1,-1.0,-0.1
3,NONE,-1.0,-0.1,-1.0,-0.1
3,NONE,-1.0,-0.1,-1.0,-0.1
3,NONE,-1.0,-0.1,-1.0,-0.1
3,NONE,-1.0,-0.1,-1.0,-0.1
3,NONE,-1.0,-0.1,-1.0,-0.1
3,NONE,-1.0,-0.1,-1.0,-0.1
2,EV_B13_C008_Mototaxi_Electrica_P02,-1.0,-0.1,10.0,53.02320052568409
1,EV_B13_C008_Mototaxi_Electrica_P02,4.0,87.97073879867115,-1.0,53.02320052568409
1,EV_B13_C008_Mototaxi_Electrica_P02,3.0,87.97073879867115,-1.0,53.02320052568409
1,EV_B13_C008_Mototaxi_Electrica_P02,2.0,87.97073879867115,-1.0,53.02320052568409
1,EV_B13_C008_Mototaxi_Electrica_P02,1.0,87.97073879867115,-1.0,53.02320052568409
1,EV_B13_C008_Mototaxi_Electrica_P02,0.0,87.97073879867115,-1.0,53.02320052568409
3,NONE,-1.0,-0.1,-1.0,-0.1
3,NONE,-1.0,-0.1,-1.0,-0.1
3,NONE,-1.0,-0.1,-1.0,-0.1
3,NONE,-1.0,-0.1,-1.0,-0.1
3,NONE,-1.0,-0.1,-1.0,-0.1
3,NONE,-1.0,-0.1,-1.0,-0.1
3,NONE,-1.0,-0.1,-1.0,-0.1
3,NONE,-1.0,-0.1,-1.0,-0.1
3,NONE,-1.0,-0.1,-1.0,-0.1
3,NONE,-1.0,-0.1,-1.0,-0.1
3,NONE,-1.0,-0.1,-1.0,-0.1
3,NONE,-1.0,-0.1,-1.0,-0.1
3,NONE,-1.0,-0.1,-1.0,-0.1
3,NONE,-1.0,-0.1,-1.0,-0.1
3,NONE,-1.0,-0.1,-1.0,-0.1
3,NONE,-1.0,-0.1,-1.0,-0.1
3,NONE,-1.0,-0.1,-1.0,-0.1
3,NONE,-1.0,-0.1,-1.0,-0.1
3,NONE,-1.0,-0.1,-1.0,-0.1
3,NONE,-1.0,-0.1,-1.0,-0.1
3,NONE,-1.0,-0.1,-1.0,-0.1
3,NONE,-1.0,-0.1,-1.0,-0.1
3,NONE,-1.0,-0.1,-1.0,-0.1
3,NONE,-1.0,-0.1,-1.0,-0.1
3,NONE,-1.0,-0.1,-1.0,-0.1
3,NONE,-1.0,-0.1,-1.0,-0.1
3,NONE,-1.0,-0.1,-1.0,-0.1
3,NONE,-1.0,-0.1,-1.0,-0.1
3,NONE,-1.0,-0.1,-1.0,-0.1
3,NONE,-1.0,-0.1,-1.0,-0.1
3,NONE,-1.0,-0.1,-1.0,-0.1
3,NONE,-1.0,-0.1,-1.0,-0.1
3,NONE,-1.0,-0.1,-1.0,-0.1
3,NONE,-1.0,-0.1,-1.0,-0.1
3,NONE,-1.0,-0.1,-1.0,-0.1
3,NONE,-1.0,-0.1,-1.0,-0.1
3,NONE,-1.0,-0.1,-1.0,-0.1
3,NONE,-1.0,-0.1,-1.0,-0.1
3,NONE,-1.0,-0.1,-1.0,-0.1
3,NONE,-1.0,-0.1,-1.0,-0.1
3,NONE,-1.0,-0.1,-1.0,-0.1
3,NONE,-1.0,-0.1,-1.0,-0.1
3,NONE,-1.0,-0.1,-1.0,-0.1
3,NONE,-1.0,-0.1,-1.0,-0.1
3,NONE,-1.0,-0.1,-1.0,-0.1
3,NONE,-1.0,-0.1,-1.0,-0.1
3,NONE,-1.0,-0.1,-1.0,-0.1
3,NONE,-1.0,-0.1,-1.0,-0.1
3,NONE,-1.0,-0.1,-1.0,-0.1
3,NONE,-1.0,-0.1,-1.0,-0.1
3,NONE,-1.0,-0.1,-1.0,-0.1
3,NONE,-1.0,-0.1,-1.0,-0.1
3,NONE,-1.0,-0.1,-1.0,-0.1
3,NONE,-1.0,-0.1,-1.0,-0.1
3,NONE,-1.0,-0.1,-1.0,-0.1
3,NONE,-1.0,-0.1,-1.0,-0.1
3,NONE,-1.0,-0.1,-1.0,-0.1
3,NONE,-1.0,-0.1,-1.0,-0.1
3,NONE,-1.0,-0.1,-1.0,-0.1
3,NONE,-1.0,-0.1,-1.0,-0.1
3,NONE,-1.0,-0.1,-1.0,-0.1
3,NONE,-1.0,-0.1,-1.0,-0.1
3,NONE,-1.0,-0.1,-1.0,-0.1
3,NONE,-1.0,-0.1,-1.0,-0.1
3,NONE,-1.0,-0.1,-1.0,-0.1
3,NONE,-1.0,-0.1,-1.0,-0.1
3,NONE,-1.0,-0.1,-1.0,-0.1
3,NONE,-1.0,-0.1,-1.0,-0.1
3,NONE,-1.0,-0.1,-1.0,-0.1
3,NONE,-1.0,-0.1,-1.0,-0.1
3,NONE,-1.0,-0.1,-1.0,-0.1
3,NONE,-1.0,-0.1,-1.0,-0.1
3,NONE,-1.0,-0.1,-1.0,-0.1
3,NONE,-1.0,-0.1,-1.0,-0.1
3,NONE,-1.0,-0.1,-1.0,-0.1
3,NONE,-1.0,-0.1,-1.0,-0.1
3,NONE,-1.0,-0.1,-1.0,-0.1
3,NONE,-1.0,-0.1,-1.0,-0.1
3,NONE,-1.0,-0.1,-1.0,-0.1
3,NONE,-1.0,-0.1,-1.0,-0.1
3,NONE,-1.0,-0.1,-1.0,-0.1
3,NONE,-1.0,-0.1,-1.0,-0.1
3,NONE,-1.0,-0.1,-1.0,-0.1
3,NONE,-1.0,-0.1,-1.0,-0.1
3,NONE,-1.0,-0.1,-1.0,-0.1
3,NONE,-1.0,-0.1,-1.0,-0.1
3,NONE,-1.0,-0.1,-1.0,-0.1
2,EV_B13_C008_Mototaxi_Electrica_P03,-1.0,-0.1,7.0,46.54627326091594
1,EV_B13_C008_Mototaxi_Electrica_P03,7.0,80.05360064007807,-1.0,46.54627326091594
1,EV_B13_C008_Mototaxi_Electrica_P03,6.0,80.05360064007807,-1.0,46.54627326091594
1,EV_B13_C008_Mototaxi_Electrica_P03,5.0,80.05360064007807,-1.0,46.54627326091594
1,EV_B13_C008_Mototaxi_Electrica_P03,4.0,80.05360064007807,-1.0,46.54627326091594
1,EV_B13_C008_Mototaxi_Electrica_P03,3.0,80.05360064007807,-1.0,46.54627326091594
1,EV_B13_C008_Mototaxi_Electrica_P03,2.0,80.05360064007807,-1.0,46.54627326091594
1,EV_B13_C008_Mototaxi_Electrica_P03,1.0,80.05360064007807,-1.0,46.54627326091594
1,EV_B13_C008_Mototaxi_Electrica_P03,0.0,80.05360064007807,-1.0,46.54627326091594
3,NONE,-1.0,-0.1,-1.0,-0.1
3,NONE,-1.0,-0.1,-1.0,-0.1
3,NONE,-1.0,-0.1,-1.0,-0.1
3,NONE,-1.0,-0.1,-1.0,-0.1
3,NONE,-1.0,-0.1,-1.0,-0.1
3,NONE,-1.0,-0.1,-1.0,-0.1
3,NONE,-1.0,-0.1,-1.0,-0.1
3,NONE,-1.0,-0.1,-1.0,-0.1
3,NONE,-1.0,-0.1,-1.0,-0.1
3,NONE,-1.0,-0.1,-1.0,-0.1
3,NONE,-1.0,-0.1,-1.0,-0.1
3,NONE,-1.0,-0.1,-1.0,-0.1
3,NONE,-1.0,-0.1,-1.0,-0.1
3,NONE,-1.0,-0.1,-1.0,-0.1
3,NONE,-1.0,-0.1,-1.0,-0.1
2,EV_B13_C008_Mototaxi_Electrica_P04,-1.0,-0.1,7.0,26.335342669564326
1,EV_B13_C008_Mototaxi_Electrica_P04,6.0,85.75728898675247,-1.0,26.335342669564326
1,EV_B13_C008_Mototaxi_Electrica_P04,5.0,85.75728898675247,-1.0,26.335342669564326
1,EV_B13_C008_Mototaxi_Electrica_P04,4.0,85.75728898675247,-1.0,26.335342669564326
1,EV_B13_C008_Mototaxi_Electrica_P04,3.0,85.75728898675247,-1.0,26.335342669564326
1,EV_B13_C008_Mototaxi_Electrica_P04,2.0,85.75728898675247,-1.0,26.335342669564326
1,EV_B13_C008_Mototaxi_Electrica_P04,1.0,85.75728898675247,-1.0,26.335342669564326
1,EV_B13_C008_Mototaxi_Electrica_P04,0.0,85.75728898675247,-1.0,26.335342669564326
3,NONE,-1.0,-0.1,-1.0,-0.1
3,NONE,-1.0,-0.1,-1.0,-0.1
3,NONE,-1.0,-0.1,-1.0,-0.1
3,NONE,-1.0,-0.1,-1.0,-0.1
3,NONE,-1.0,-0.1,-1.0,-0.1
3,NONE,-1.0,-0.1,-1.0,-0.1
3,NONE,-1.0,-0.1,-1.0,-0.1
3,NONE,-1.0,-0.1,-1.0,-0.1
3,NONE,-1.0,-0.1,-1.0,-0.1
3,NONE,-1.0,-0.1,-1.0,-0.1
3,NONE,-1.0,-0.1,-1.0,-0.1
3,NONE,-1.0,-0.1,-1.0,-0.1
3,NONE,-1.0,-0.1,-1.0,-0.1
3,NONE,-1.0,-0.1,-1.0,-0.1
3,NONE,-1.0,-0.1,-1.0,-0.1
3,NONE,-1.0,-0.1,-1.0,-0.1
3,NONE,-1.0,-0.1,-1.0,-0.1
3,NONE,-1.0,-0.1,-1.0,-0.1
2,EV_B13_C008_Mototaxi_Electrica_P05,-1.0,-0.1,9.0,57.901515768835445
1,EV_B13_C008_Mototaxi_Electrica_P05,5.0,81.00026595967512,-1.0,57.901515768835445
1,EV_B13_C008_Mototaxi_Electrica_P05,4.0,81.00026595967512,-1.0,57.901515768835445
1,EV_B13_C008_Mototaxi_Electrica_P05,3.0,81.00026595967512,-1.0,57.901515768835445
1,EV_B13_C008_Mototaxi_Electrica_P05,2.0,81.00026595967512,-1.0,57.901515768835445
1,EV_B13_C008_Mototaxi_Electrica_P05,1.0,81.00026595967512,-1.0,57.901515768835445
1,EV_B13_C008_Mototaxi_Electrica_P05,0.0,81.00026595967512,-1.0,57.901515768835445
3,NONE,-1.0,-0.1,-1.0,-0.1
3,NONE,-1.0,-0.1,-1.0,-0.1
3,NONE,-1.0,-0.1,-1.0,-0.1
3,NONE,-1.0,-0.1,-1.0,-0.1
3,NONE,-1.0,-0.1,-1.0,-0.1
3,NONE,-1.0,-0.1,-1.0,-0.1
3,NONE,-1.0,-0.1,-1.0,-0.1
3,NONE,-1.0,-0.1,-1.0,-0.1
3,NONE,-1.0,-0.1,-1.0,-0.1
3,NONE,-1.0,-0.1,-1.0,-0.1
3,NONE,-1.0,-0.1,-1.0,-0.1
3,NONE,-1.0,-0.1,-1.0,-0.1
3,NONE,-1.0,-0.1,-1.0,-0.1
3,NONE,-1.0,-0.1,-1.0,-0.1
3,NONE,-1.0,-0.1,-1.0,-0.1
3,NONE,-1.0,-0.1,-1.0,-0.1
2,EV_B13_C008_Mototaxi_Electrica_P06,-1.0,-0.1,8.0,28.307190713657516
1,EV_B13_C008_Mototaxi_Electrica_P06,6.0,83.86646742544434,-1.0,28.307190713657516
1,EV_B13_C008_Mototaxi_Electrica_P06,5.0,83.86646742544434,-1.0,28.307190713657516
1,EV_B13_C008_Mototaxi_Electrica_P06,4.0,83.86646742544434,-1.0,28.307190713657516
1,EV_B13_C008_Mototaxi_Electrica_P06,3.0,83.86646742544434,-1.0,28.307190713657516
1,EV_B13_C008_Mototaxi_Electrica_P06,2.0,83.86646742544434,-1.0,28.307190713657516
1,EV_B13_C008_Mototaxi_Electrica_P06,1.0,83.86646742544434,-1.0,28.307190713657516
1,EV_B13_C008_Mototaxi_Electrica_P06,0.0,83.86646742544434,-1.0,28.307190713657516
3,NONE,-1.0,-0.1,-1.0,-0.1
3,NONE,-1.0,-0.1,-1.0,-0.1
3,NONE,-1.0,-0.1,-1.0,-0.1
3,NONE,-1.0,-0.1,-1.0,-0.1
3,NONE,-1.0,-0.1,-1.0,-0.1
3,NONE,-1.0,-0.1,-1.0,-0.1
3,NONE,-1.0,-0.1,-1.0,-0.1
3,NONE,-1.0,-0.1,-1.0,-0.1
3,NONE,-1.0,-0.1,-1.0,-0.1
3,NONE,-1.0,-0.1,-1.0,-0.1
3,NONE,-1.0,-0.1,-1.0,-0.1
3,NONE,-1.0,-0.1,-1.0,-0.1
3,NONE,-1.0,-0.1,-1.0,-0.1
3,NONE,-1.0,-0.1,-1.0,-0.1
3,NONE,-1.0,-0.1,-1.0,-0.1
3,NONE,-1.0,-0.1,-1.0,-0.1
3,NONE,-1.0,-0.1,-1.0,-0.1
3,NONE,-1.0,-0.1,-1.0,-0.1
3,NONE,-1.0,-0.1,-1.0,-0.1
3,NONE,-1.0,-0.1,-1.0,-0.1
3,NONE,-1.0,-0.1,-1.0,-0.1
3,NONE,-1.0,-0.1,-1.0,-0.1
3,NONE,-1.0,-0.1,-1.0,-0.1
3,NONE,-1.0,-0.1,-1.0,-0.1
3,NONE,-1.0,-0.1,-1.0,-0.1
3,NONE,-1.0,-0.1,-1.0,-0.1
3,NONE,-1.0,-0.1,-1.0,-0.1
3,NONE,-1.0,-0.1,-1.0,-0.1
3,NONE,-1.0,-0.1,-1.0,-0.1
3,NONE,-1.0,-0.1,-1.0,-0.1
3,NONE,-1.0,-0.1,-1.0,-0.1
3,NONE,-1.0,-0.1,-1.0,-0.1
3,NONE,-1.0,-0.1,-1.0,-0.1
3,NONE,-1.0,-0.1,-1.0,-0.1
3,NONE,-1.0,-0.1,-1.0,-0.1
3,NONE,-1.0,-0.1,-1.0,-0.1
3,NONE,-1.0,-0.1,-1.0,-0.1
3,NONE,-1.0,-0.1,-1.0,-0.1
3,NONE,-1.0,-0.1,-1.0,-0.1
3,NONE,-1.0,-0.1,-1.0,-0.1
3,NONE,-1.0,-0.1,-1.0,-0.1
3,NONE,-1.0,-0.1,-1.0,-0.1
3,NONE,-1.0,-0.1,-1.0,-0.1
3,NONE,-1.0,-0.1,-1.0,-0.1
3,NONE,-1.0,-0.1,-1.0,-0.1
3,NONE,-1.0,-0.1,-1.0,-0.1
3,NONE,-1.0,-0.1,-1.0,-0.1
3,NONE,-1.0,-0.1,-1.0,-0.1
3,NONE,-1.0,-0.1,-1.0,-0.1
3,NONE,-1.0,-0.1,-1.0,-0.1
3,NONE,-1.0,-0.1,-1.0,-0.1
3,NONE,-1.0,-0.1,-1.0,-0.1
3,NONE,-1.0,-0.1,-1.0,-0.1
3,NONE,-1.0,-0.1,-1.0,-0.1
3,NONE,-1.0,-0.1,-1.0,-0.1
3,NONE,-1.0,-0.1,-1.0,-0.1
3,NONE,-1.0,-0.1,-1.0,-0.1
3,NONE,-1.0,-0.1,-1.0,-0.1
3,NONE,-1.0,-0.1,-1.0,-0.1
3,NONE,-1.0,-0.1,-1.0,-0.1
3,NONE,-1.0,-0.1,-1.0,-0.1
3,NONE,-1.0,-0.1,-1.0,-0.1
3,NONE,-1.0,-0.1,-1.0,-0.1
3,NONE,-1.0,-0.1,-1.0,-0.1
3,NONE,-1.0,-0.1,-1.0,-0.1
3,NONE,-1.0,-0.1,-1.0,-0.1
3,NONE,-1.0,-0.1,-1.0,-0.1
3,NONE,-1.0,-0.1,-1.0,-0.1
3,NONE,-1.0,-0.1,-1.0,-0.1
3,NONE,-1.0,-0.1,-1.0,-0.1
3,NONE,-1.0,-0.1,-1.0,-0.1
3,NONE,-1.0,-0.1,-1.0,-0.1
3,NONE,-1.0,-0.1,-1.0,-0.1
3,NONE,-1.0,-0.1,-1.0,-0.1
3,NONE,-1.0,-0.1,-1.0,-0.1
3,NONE,-1.0,-0.1,-1.0,-0.1
3,NONE,-1.0,-0.1,-1.0,-0.1
3,NONE,-1.0,-0.1,-1.0,-0.1
3,NONE,-1.0,-0.1,-1.0,-0.1
3,NONE,-1.0,-0.1,-1.0,-0.1
3,NONE,-1.0,-0.1,-1.0,-0.1
3,NONE,-1.0,-0.1,-1.0,-0.1
3,NONE,-1.0,-0.1,-1.0,-0.1
3,NONE,-1.0,-0.1,-1.0,-0.1
3,NONE,-1.0,-0.1,-1.0,-0.1
3,NONE,-1.0,-0.1,-1.0,-0.1
3,NONE,-1.0,-0.1,-1.0,-0.1
2,EV_B13_C008_Mototaxi_Electrica_P07,-1.0,-0.1,7.0,33.58243739038207
1,EV_B13_C008_Mototaxi_Electrica_P07,6.0,87.9553972968598,-1.0,33.58243739038207
1,EV_B13_C008_Mototaxi_Electrica_P07,5.0,87.9553972968598,-1.0,33.58243739038207
1,EV_B13_C008_Mototaxi_Electrica_P07,4.0,87.9553972968598,-1.0,33.58243739038207
1,EV_B13_C008_Mototaxi_Electrica_P07,3.0,87.9553972968598,-1.0,33.58243739038207
1,EV_B13_C008_Mototaxi_Electrica_P07,2.0,87.9553972968598,-1.0,33.58243739038207
1,EV_B13_C008_Mototaxi_Electrica_P07,1.0,87.9553972968598,-1.0,33.58243739038207
1,EV_B13_C008_Mototaxi_Electrica_P07,0.0,87.9553972968598,-1.0,33.58243739038207
3,NONE,-1.0,-0.1,-1.0,-0.1
3,NONE,-1.0,-0.1,-1.0,-0.1
3,NONE,-1.0,-0.1,-1.0,-0.1
3,NONE,-1.0,-0.1,-1.0,-0.1
3,NONE,-1.0,-0.1,-1.0,-0.1
3,NONE,-1.0,-0.1,-1.0,-0.1
3,NONE,-1.0,-0.1,-1.0,-0.1
3,NONE,-1.0,-0.1,-1.0,-0.1
3,NONE,-1.0,-0.1,-1.0,-0.1
3,NONE,-1.0,-0.1,-1.0,-0.1
3,NONE,-1.0,-0.1,-1.0,-0.1
3,NONE,-1.0,-0.1,-1.0,-0.1
3,NONE,-1.0,-0.1,-1.0,-0.1
3,NONE,-1.0,-0.1,-1.0,-0.1
3,NONE,-1.0,-0.1,-1.0,-0.1
3,NONE,-1.0,-0.1,-1.0,-0.1
2,EV_B13_C008_Mototaxi_Electrica_P08,-1.0,-0.1,7.0,19.970151282069494
1,EV_B13_C008_Mototaxi_Electrica_P08,7.0,71.39730157278544,-1.0,19.970151282069494
1,EV_B13_C008_Mototaxi_Electrica_P08,6.0,71.39730157278544,-1.0,19.970151282069494
1,EV_B13_C008_Mototaxi_Electrica_P08,5.0,71.39730157278544,-1.0,19.970151282069494
1,EV_B13_C008_Mototaxi_Electrica_P08,4.0,71.39730157278544,-1.0,19.970151282069494
1,EV_B13_C008_Mototaxi_Electrica_P08,3.0,71.39730157278544,-1.0,19.970151282069494
1,EV_B13_C008_Mototaxi_Electrica_P08,2.0,71.39730157278544,-1.0,19.970151282069494
1,EV_B13_C008_Mototaxi_Electrica_P08,1.0,71.39730157278544,-1.0,19.970151282069494
1,EV_B13_C008_Mototaxi_Electrica_P08,0.0,71.39730157278544,-1.0,19.970151282069494
3,NONE,-1.0,-0.1,-1.0,-0.1
3,NONE,-1.0,-0.1,-1.0,-0.1
3,NONE,-1.0,-0.1,-1.0,-0.1
3,NONE,-1.0,-0.1,-1.0,-0.1
3,NONE,-1.0,-0.1,-1.0,-0.1
3,NONE,-1.0,-0.1,-1.0,-0.1
3,NONE,-1.0,-0.1,-1.0,-0.1
3,NONE,-1.0,-0.1,-1.0,-0.1
3,NONE,-1.0,-0.1,-1.0,-0.1
3,NONE,-1.0,-0.1,-1.0,-0.1
3,NONE,-1.0,-0.1,-1.0,-0.1
3,NONE,-1.0,-0.1,-1.0,-0.1
3,NONE,-1.0,-0.1,-1.0,-0.1
3,NONE,-1.0,-0.1,-1.0,-0.1
3,NONE,-1.0,-0.1,-1.0,-0.1
3,NONE,-1.0,-0.1,-1.0,-0.1
3,NONE,-1.0,-0.1,-1.0,-0.1
3,NONE,-1.0,-0.1,-1.0,-0.1
3,NONE,-1.0,-0.1,-1.0,-0.1
3,NONE,-1.0,-0.1,-1.0,-0.1
3,NONE,-1.0,-0.1,-1.0,-0.1
3,NONE,-1.0,-0.1,-1.0,-0.1
3,NONE,-1.0,-0.1,-1.0,-0.1
3,NONE,-1.0,-0.1,-1.0,-0.1
3,NONE,-1.0,-0.1,-1.0,-0.1
3,NONE,-1.0,-0.1,-1.0,-0.1
3,NONE,-1.0,-0.1,-1.0,-0.1
3,NONE,-1.0,-0.1,-1.0,-0.1
3,NONE,-1.0,-0.1,-1.0,-0.1
3,NONE,-1.0,-0.1,-1.0,-0.1
3,NONE,-1.0,-0.1,-1.0,-0.1
3,NONE,-1.0,-0.1,-1.0,-0.1
3,NONE,-1.0,-0.1,-1.0,-0.1
3,NONE,-1.0,-0.1,-1.0,-0.1
3,NONE,-1.0,-0.1,-1.0,-0.1
3,NONE,-1.0,-0.1,-1.0,-0.1
3,NONE,-1.0,-0.1,-1.0,-0.1
3,NONE,-1.0,-0.1,-1.0,-0.1
3,NONE,-1.0,-0.1,-1.0,-0.1
3,NONE,-1.0,-0.1,-1.0,-0.1
3,NONE,-1.0,-0.1,-1.0,-0.1
3,NONE,-1.0,-0.1,-1.0,-0.1
3,NONE,-1.0,-0.1,-1.0,-0.1
3,NONE,-1.0,-0.1,-1.0,-0.1
3,NONE,-1.0,-0.1,-1.0,-0.1
3,NONE,-1.0,-0.1,-1.0,-0.1
3,NONE,-1.0,-0.1,-1.0,-0.1
3,NONE,-1.0,-0.1,-1.0,-0.1
3,NONE,-1.0,-0.1,-1.0,-0.1
3,NONE,-1.0,-0.1,-1.0,-0.1
3,NONE,-1.0,-0.1,-1.0,-0.1
3,NONE,-1.0,-0.1,-1.0,-0.1
3,NONE,-1.0,-0.1,-1.0,-0.1
3,NONE,-1.0,-0.1,-1.0,-0.1
3,NONE,-1.0,-0.1,-1.0,-0.1
3,NONE,-1.0,-0.1,-1.0,-0.1
3,NONE,-1.0,-0.1,-1.0,-0.1
3,NONE,-1.0,-0.1,-1.0,-0.1
3,NONE,-1.0,-0.1,-1.0,-0.1
3,NONE,-1.0,-0.1,-1.0,-0.1
3,NONE,-1.0,-0.1,-1.0,-0.1
3,NONE,-1.0,-0.1,-1.0,-0.1
3,NONE,-1.0,-0.1,-1.0,-0.1
3,NONE,-1.0,-0.1,-1.0,-0.1
3,NONE,-1.0,-0.1,-1.0,-0.1
3,NONE,-1.0,-0.1,-1.0,-0.1
3,NONE,-1.0,-0.1,-1.0,-0.1
3,NONE,-1.0,-0.1,-1.0,-0.1
3,NONE,-1.0,-0.1,-1.0,-0.1
3,NONE,-1.0,-0.1,-1.0,-0.1
3,NONE,-1.0,-0.1,-1.0,-0.1
3,NONE,-1.0,-0.1,-1.0,-0.1
3,NONE,-1.0,-0.1,-1.0,-0.1
3,NONE,-1.0,-0.1,-1.0,-0.1
3,NONE,-1.0,-0.1,-1.0,-0.1
3,NONE,-1.0,-0.1,-1.0,-0.1
3,NONE,-1.0,-0.1,-1.0,-0.1
3,NONE,-1.0,-0.1,-1.0,-0.1
3,NONE,-1.0,-0.1,-1.0,-0.1
3,NONE,-1.0,-0.1,-1.0,-0.1
3,NONE,-1.0,-0.1,-1.0,-0.1
3,NONE,-1.0,-0.1,-1.0,-0.1
3,NONE,-1.0,-0.1,-1.0,-0.1
3,NONE,-1.0,-0.1,-1.0,-0.1
3,NONE,-1.0,-0.1,-1.0,-0.1
3,NONE,-1.0,-0.1,-1.0,-0.1
3,NONE,-1.0,-0.1,-1.0,-0.1
3,NONE,-1.0,-0.1,-1.0,-0.1
3,NONE,-1.0,-0.1,-1.0,-0.1
3,NONE,-1.0,-0.1,-1.0,-0.1
3,NONE,-1.0,-0.1,-1.0,-0.1
3,NONE,-1.0,-0.1,-1.0,-0.1
3,NONE,-1.0,-0.1,-1.0,-0.1
3,NONE,-1.0,-0.1,-1.0,-0.1
3,NONE,-1.0,-0.1,-1.0,-0.1
3,NONE,-1.0,-0.1,-1.0,-0.1
3,NONE,-1.0,-0.1,-1.0,-0.1
3,NONE,-1.0,-0.1,-1.0,-0.1
3,NONE,-1.0,-0.1,-1.0,-0.1
3,NONE,-1.0,-0.1,-1.0,-0.1
3,NONE,-1.0,-0.1,-1.0,-0.1
3,NONE,-1.0,-0.1,-1.0,-0.1
3,NONE,-1.0,-0.1,-1.0,-0.1
3,NONE,-1.0,-0.1,-1.0,-0.1
3,NONE,-1.0,-0.1,-1.0,-0.1
3,NONE,-1.0,-0.1,-1.0,-0.1
3,NONE,-1.0,-0.1,-1.0,-0.1
3,NONE,-1.0,-0.1,-1.0,-0.1
3,NONE,-1.0,-0.1,-1.0,-0.1
3,NONE,-1.0,-0.1,-1.0,-0.1
3,NONE,-1.0,-0.1,-1.0,-0.1
3,NONE,-1.0,-0.1,-1.0,-0.1
3,NONE,-1.0,-0.1,-1.0,-0.1
3,NONE,-1.0,-0.1,-1.0,-0.1
2,EV_B13_C008_Mototaxi_Electrica_P09,-1.0,-0.1,10.0,20.808468938413633
1,EV_B13_C008_Mototaxi_Electrica_P09,4.0,85.2189729107488,-1.0,20.808468938413633
1,EV_B13_C008_Mototaxi_Electrica_P09,3.0,85.2189729107488,-1.0,20.808468938413633
1,EV_B13_C008_Mototaxi_Electrica_P09,2.0,85.2189729107488,-1.0,20.808468938413633
1,EV_B13_C008_Mototaxi_Electrica_P09,1.0,85.2189729107488,-1.0,20.808468938413633
1,EV_B13_C008_Mototaxi_Electrica_P09,0.0,85.2189729107488,-1.0,20.808468938413633
3,NONE,-1.0,-0.1,-1.0,-0.1
3,NONE,-1.0,-0.1,-1.0,-0.1
3,NONE,-1.0,-0.1,-1.0,-0.1
3,NONE,-1.0,-0.1,-1.0,-0.1
3,NONE,-1.0,-0.1,-1.0,-0.1
3,NONE,-1.0,-0.1,-1.0,-0.1
3,NONE,-1.0,-0.1,-1.0,-0.1
3,NONE,-1.0,-0.1,-1.0,-0.1
3,NONE,-1.0,-0.1,-1.0,-0.1
3,NONE,-1.0,-0.1,-1.0,-0.1
3,NONE,-1.0,-0.1,-1.0,-0.1
3,NONE,-1.0,-0.1,-1.0,-0.1
3,NONE,-1.0,-0.1,-1.0,-0.1
3,NONE,-1.0,-0.1,-1.0,-0.1
3,NONE,-1.0,-0.1,-1.0,-0.1
2,EV_B13_C008_Mototaxi_Electrica_P10,-1.0,-0.1,7.0,33.83150887478754
1,EV_B13_C008_Mototaxi_Electrica_P10,7.0,72.849628850273,-1.0,33.83150887478754
1,EV_B13_C008_Mototaxi_Electrica_P10,6.0,72.849628850273,-1.0,33.83150887478754
1,EV_B13_C008_Mototaxi_Electrica_P10,5.0,72.849628850273,-1.0,33.83150887478754
1,EV_B13_C008_Mototaxi_Electrica_P10,4.0,72.849628850273,-1.0,33.83150887478754
1,EV_B13_C008_Mototaxi_Electrica_P10,3.0,72.849628850273,-1.0,33.83150887478754
1,EV_B13_C008_Mototaxi_Electrica_P10,2.0,72.849628850273,-1.0,33.83150887478754
1,EV_B13_C008_Mototaxi_Electrica_P10,1.0,72.849628850273,-1.0,33.83150887478754
1,EV_B13_C008_Mototaxi_Electrica_P10,0.0,72.849628850273,-1.0,33.83150887478754
3,NONE,-1.0,-0.1,-1.0,-0.1
3,NONE,-1.0,-0.1,-1.0,-0.1
3,NONE,-1.0,-0.1,-1.0,-0.1
3,NONE,-1.0,-0.1,-1.0,-0.1
3,NONE,-1.0,-0.1,-1.0,-0.1
3,NONE,-1.0,-0.1,-1.0,-0.1
3,NONE,-1.0,-0.1,-1.0,-0.1
3,NONE,-1.0,-0.1,-1.0,-0.1
3,NONE,-1.0,-0.1,-1.0,-0.1
3,NONE,-1.0,-0.1,-1.0,-0.1
3,NONE,-1.0,-0.1,-1.0,-0.1
3,NONE,-1.0,-0.1,-1.0,-0.1
3,NONE,-1.0,-0.1,-1.0,-0.1
3,NONE,-1.0,-0.1,-1.0,-0.1
3,NONE,-1.0,-0.1,-1.0,-0.1
3,NONE,-1.0,-0.1,-1.0,-0.1
3,NONE,-1.0,-0.1,-1.0,-0.1
3,NONE,-1.0,-0.1,-1.0,-0.1
2,EV_B13_C008_Mototaxi_Electrica_P01,-1.0,-0.1,10.0,38.44369591332833
1,EV_B13_C008_Mototaxi_Electrica_P01,4.0,86.11745709708579,-1.0,38.44369591332833
1,EV_B13_C008_Mototaxi_Electrica_P01,3.0,86.11745709708579,-1.0,38.44369591332833
1,EV_B13_C008_Mototaxi_Electrica_P01,2.0,86.11745709708579,-1.0,38.44369591332833
1,EV_B13_C008_Mototaxi_Electrica_P01,1.0,86.11745709708579,-1.0,38.44369591332833
1,EV_B13_C008_Mototaxi_Electrica_P01,0.0,86.11745709708579,-1.0,38.44369591332833
3,NONE,-1.0,-0.1,-1.0,-0.1
3,NONE,-1.0,-0.1,-1.0,-0.1
3,NONE,-1.0,-0.1,-1.0,-0.1
3,NONE,-1.0,-0.1,-1.0,-0.1
3,NONE,-1.0,-0.1,-1.0,-0.1
3,NONE,-1.0,-0.1,-1.0,-0.1
3,NONE,-1.0,-0.1,-1.0,-0.1
3,NONE,-1.0,-0.1,-1.0,-0.1
3,NONE,-1.0,-0.1,-1.0,-0.1
3,NONE,-1.0,-0.1,-1.0,-0.1
3,NONE,-1.0,-0.1,-1.0,-0.1
3,NONE,-1.0,-0.1,-1.0,-0.1
3,NONE,-1.0,-0.1,-1.0,-0.1
3,NONE,-1.0,-0.1,-1.0,-0.1
3,NONE,-1.0,-0.1,-1.0,-0.1
3,NONE,-1.0,-0.1,-1.0,-0.1
3,NONE,-1.0,-0.1,-1.0,-0.1
2,EV_B13_C008_Mototaxi_Electrica_P02,-1.0,-0.1,9.0,19.29220668845421
1,EV_B13_C008_Mototaxi_Electrica_P02,5.0,86.72259867172455,-1.0,19.29220668845421
1,EV_B13_C008_Mototaxi_Electrica_P02,4.0,86.72259867172455,-1.0,19.29220668845421
1,EV_B13_C008_Mototaxi_Electrica_P02,3.0,86.72259867172455,-1.0,19.29220668845421
1,EV_B13_C008_Mototaxi_Electrica_P02,2.0,86.72259867172455,-1.0,19.29220668845421
1,EV_B13_C008_Mototaxi_Electrica_P02,1.0,86.72259867172455,-1.0,19.29220668845421
1,EV_B13_C008_Mototaxi_Electrica_P02,0.0,86.72259867172455,-1.0,19.29220668845421
3,NONE,-1.0,-0.1,-1.0,-0.1
3,NONE,-1.0,-0.1,-1.0,-0.1
3,NONE,-1.0,-0.1,-1.0,-0.1
3,NONE,-1.0,-0.1,-1.0,-0.1
3,NONE,-1.0,-0.1,-1.0,-0.1
3,NONE,-1.0,-0.1,-1.0,-0.1
3,NONE,-1.0,-0.1,-1.0,-0.1
3,NONE,-1.0,-0.1,-1.0,-0.1
3,NONE,-1.0,-0.1,-1.0,-0.1
3,NONE,-1.0,-0.1,-1.0,-0.1
3,NONE,-1.0,-0.1,-1.0,-0.1
3,NONE,-1.0,-0.1,-1.0,-0.1
3,NONE,-1.0,-0.1,-1.0,-0.1
3,NONE,-1.0,-0.1,-1.0,-0.1
3,NONE,-1.0,-0.1,-1.0,-0.1
3,NONE,-1.0,-0.1,-1.0,-0.1
3,NONE,-1.0,-0.1,-1.0,-0.1
3,NONE,-1.0,-0.1,-1.0,-0.1
3,NONE,-1.0,-0.1,-1.0,-0.1
3,NONE,-1.0,-0.1,-1.0,-0.1
3,NONE,-1.0,-0.1,-1.0,-0.1
3,NONE,-1.0,-0.1,-1.0,-0.1
3,NONE,-1.0,-0.1,-1.0,-0.1
3,NONE,-1.0,-0.1,-1.0,-0.1
3,NONE,-1.0,-0.1,-1.0,-0.1
3,NONE,-1.0,-0.1,-1.0,-0.1
3,NONE,-1.0,-0.1,-1.0,-0.1
3,NONE,-1.0,-0.1,-1.0,-0.1
3,NONE,-1.0,-0.1,-1.0,-0.1
3,NONE,-1.0,-0.1,-1.0,-0.1
3,NONE,-1.0,-0.1,-1.0,-0.1
3,NONE,-1.0,-0.1,-1.0,-0.1
3,NONE,-1.0,-0.1,-1.0,-0.1
3,NONE,-1.0,-0.1,-1.0,-0.1
3,NONE,-1.0,-0.1,-1.0,-0.1
3,NONE,-1.0,-0.1,-1.0,-0.1
3,NONE,-1.0,-0.1,-1.0,-0.1
3,NONE,-1.0,-0.1,-1.0,-0.1
3,NONE,-1.0,-0.1,-1.0,-0.1
3,NONE,-1.0,-0.1,-1.0,-0.1
3,NONE,-1.0,-0.1,-1.0,-0.1
3,NONE,-1.0,-0.1,-1.0,-0.1
3,NONE,-1.0,-0.1,-1.0,-0.1
3,NONE,-1.0,-0.1,-1.0,-0.1
3,NONE,-1.0,-0.1,-1.0,-0.1
3,NONE,-1.0,-0.1,-1.0,-0.1
3,NONE,-1.0,-0.1,-1.0,-0.1
3,NONE,-1.0,-0.1,-1.0,-0.1
3,NONE,-1.0,-0.1,-1.0,-0.1
3,NONE,-1.0,-0.1,-1.0,-0.1
3,NONE,-1.0,-0.1,-1.0,-0.1
3,NONE,-1.0,-0.1,-1.0,-0.1
3,NONE,-1.0,-0.1,-1.0,-0.1
3,NONE,-1.0,-0.1,-1.0,-0.1
3,NONE,-1.0,-0.1,-1.0,-0.1
3,NONE,-1.0,-0.1,-1.0,-0.1
3,NONE,-1.0,-0.1,-1.0,-0.1
3,NONE,-1.0,-0.1,-1.0,-0.1
3,NONE,-1.0,-0.1,-1.0,-0.1
3,NONE,-1.0,-0.1,-1.0,-0.1
3,NONE,-1.0,-0.1,-1.0,-0.1
3,NONE,-1.0,-0.1,-1.0,-0.1
3,NONE,-1.0,-0.1,-1.0,-0.1
3,NONE,-1.0,-0.1,-1.0,-0.1
3,NONE,-1.0,-0.1,-1.0,-0.1
3,NONE,-1.0,-0.1,-1.0,-0.1
3,NONE,-1.0,-0.1,-1.0,-0.1
3,NONE,-1.0,-0.1,-1.0,-0.1
3,NONE,-1.0,-0.1,-1.0,-0.1
3,NONE,-1.0,-0.1,-1.0,-0.1
3,NONE,-1.0,-0.1,-1.0,-0.1
3,NONE,-1.0,-0.1,-1.0,-0.1
3,NONE,-1.0,-0.1,-1.0,-0.1
3,NONE,-1.0,-0.1,-1.0,-0.1
3,NONE,-1.0,-0.1,-1.0,-0.1
3,NONE,-1.0,-0.1,-1.0,-0.1
3,NONE,-1.0,-0.1,-1.0,-0.1
3,NONE,-1.0,-0.1,-1.0,-0.1
3,NONE,-1.0,-0.1,-1.0,-0.1
3,NONE,-1.0,-0.1,-1.0,-0.1
3,NONE,-1.0,-0.1,-1.0,-0.1
3,NONE,-1.0,-0.1,-1.0,-0.1
3,NONE,-1.0,-0.1,-1.0,-0.1
3,NONE,-1.0,-0.1,-1.0,-0.1
3,NONE,-1.0,-0.1,-1.0,-0.1
3,NONE,-1.0,-0.1,-1.0,-0.1
3,NONE,-1.0,-0.1,-1.0,-0.1
3,NONE,-1.0,-0.1,-1.0,-0.1
3,NONE,-1.0,-0.1,-1.0,-0.1
3,NONE,-1.0,-0.1,-1.0,-0.1
3,NONE,-1.0,-0.1,-1.0,-0.1
3,NONE,-1.0,-0.1,-1.0,-0.1
3,NONE,-1.0,-0.1,-1.0,-0.1
3,NONE,-1.0,-0.1,-1.0,-0.1
3,NONE,-1.0,-0.1,-1.0,-0.1
3,NONE,-1.0,-0.1,-1.0,-0.1
3,NONE,-1.0,-0.1,-1.0,-0.1
3,NONE,-1.0,-0.1,-1.0,-0.1
3,NONE,-1.0,-0.1,-1.0,-0.1
3,NONE,-1.0,-0.1,-1.0,-0.1
3,NONE,-1.0,-0.1,-1.0,-0.1
3,NONE,-1.0,-0.1,-1.0,-0.1
3,NONE,-1.0,-0.1,-1.0,-0.1
3,NONE,-1.0,-0.1,-1.0,-0.1
3,NONE,-1.0,-0.1,-1.0,-0.1
3,NONE,-1.0,-0.1,-1.0,-0.1
3,NONE,-1.0,-0.1,-1.0,-0.1
3,NONE,-1.0,-0.1,-1.0,-0.1
3,NONE,-1.0,-0.1,-1.0,-0.1
3,NONE,-1.0,-0.1,-1.0,-0.1
3,NONE,-1.0,-0.1,-1.0,-0.1
2,EV_B13_C008_Mototaxi_Electrica_P03,-1.0,-0.1,7.0,44.203599998293974
1,EV_B13_C008_Mototaxi_Electrica_P03,7.0,86.97818375237966,-1.0,44.203599998293974
1,EV_B13_C008_Mototaxi_Electrica_P03,6.0,86.97818375237966,-1.0,44.203599998293974
1,EV_B13_C008_Mototaxi_Electrica_P03,5.0,86.97818375237966,-1.0,44.203599998293974
1,EV_B13_C008_Mototaxi_Electrica_P03,4.0,86.97818375237966,-1.0,44.203599998293974
1,EV_B13_C008_Mototaxi_Electrica_P03,3.0,86.97818375237966,-1.0,44.203599998293974
1,EV_B13_C008_Mototaxi_Electrica_P03,2.0,86.97818375237966,-1.0,44.203599998293974
1,EV_B13_C008_Mototaxi_Electrica_P03,1.0,86.97818375237966,-1.0,44.203599998293974
1,EV_B13_C008_Mototaxi_Electrica_P03,0.0,86.97818375237966,-1.0,44.203599998293974
3,NONE,-1.0,-0.1,-1.0,-0.1
3,NONE,-1.0,-0.1,-1.0,-0.1
3,NONE,-1.0,-0.1,-1.0,-0.1
3,NONE,-1.0,-0.1,-1.0,-0.1
3,NONE,-1.0,-0.1,-1.0,-0.1
3,NONE,-1.0,-0.1,-1.0,-0.1
3,NONE,-1.0,-0.1,-1.0,-0.1
3,NONE,-1.0,-0.1,-1.0,-0.1
3,NONE,-1.0,-0.1,-1.0,-0.1
3,NONE,-1.0,-0.1,-1.0,-0.1
3,NONE,-1.0,-0.1,-1.0,-0.1
3,NONE,-1.0,-0.1,-1.0,-0.1
3,NONE,-1.0,-0.1,-1.0,-0.1
3,NONE,-1.0,-0.1,-1.0,-0.1
3,NONE,-1.0,-0.1,-1.0,-0.1
2,EV_B13_C008_Mototaxi_Electrica_P04,-1.0,-0.1,7.0,33.588035504873865
1,EV_B13_C008_Mototaxi_Electrica_P04,7.0,69.36735117963367,-1.0,33.588035504873865
1,EV_B13_C008_Mototaxi_Electrica_P04,6.0,69.36735117963367,-1.0,33.588035504873865
1,EV_B13_C008_Mototaxi_Electrica_P04,5.0,69.36735117963367,-1.0,33.588035504873865
1,EV_B13_C008_Mototaxi_Electrica_P04,4.0,69.36735117963367,-1.0,33.588035504873865
1,EV_B13_C008_Mototaxi_Electrica_P04,3.0,69.36735117963367,-1.0,33.588035504873865
1,EV_B13_C008_Mototaxi_Electrica_P04,2.0,69.36735117963367,-1.0,33.588035504873865
1,EV_B13_C008_Mototaxi_Electrica_P04,1.0,69.36735117963367,-1.0,33.588035504873865
1,EV_B13_C008_Mototaxi_Electrica_P04,0.0,69.36735117963367,-1.0,33.588035504873865
3,NONE,-1.0,-0.1,-1.0,-0.1
3,NONE,-1.0,-0.1,-1.0,-0.1
3,NONE,-1.0,-0.1,-1.0,-0.1
3,NONE,-1.0,-0.1,-1.0,-0.1
3,NONE,-1.0,-0.1,-1.0,-0.1
3,NONE,-1.0,-0.1,-1.0,-0.1
3,NONE,-1.0,-0.1,-1.0,-0.1
3,NONE,-1.0,-0.1,-1.0,-0.1
3,NONE,-1.0,-0.1,-1.0,-0.1
3,NONE,-1.0,-0.1,-1.0,-0.1
3,NONE,-1.0,-0.1,-1.0,-0.1
3,NONE,-1.0,-0.1,-1.0,-0.1
3,NONE,-1.0,-0.1,-1.0,-0.1
3,NONE,-1.0,-0.1,-1.0,-0.1
3,NONE,-1.0,-0.1,-1.0,-0.1
2,EV_B13_C008_Mototaxi_Electrica_P05,-1.0,-0.1,7.0,25.769987881337862
1,EV_B13_C008_Mototaxi_Electrica_P05,6.0,83.7879952932096,-1.0,25.769987881337862
1,EV_B13_C008_Mototaxi_Electrica_P05,5.0,83.7879952932096,-1.0,25.769987881337862
1,EV_B13_C008_Mototaxi_Electrica_P05,4.0,83.7879952932096,-1.0,25.769987881337862
1,EV_B13_C008_Mototaxi_Electrica_P05,3.0,83.7879952932096,-1.0,25.769987881337862
1,EV_B13_C008_Mototaxi_Electrica_P05,2.0,83.7879952932096,-1.0,25.769987881337862
1,EV_B13_C008_Mototaxi_Electrica_P05,1.0,83.7879952932096,-1.0,25.769987881337862
1,EV_B13_C008_Mototaxi_Electrica_P05,0.0,83.7879952932096,-1.0,25.769987881337862
3,NONE,-1.0,-0.1,-1.0,-0.1
3,NONE,-1.0,-0.1,-1.0,-0.1
3,NONE,-1.0,-0.1,-1.0,-0.1
3,NONE,-1.0,-0.1,-1.0,-0.1
3,NONE,-1.0,-0.1,-1.0,-0.1
3,NONE,-1.0,-0.1,-1.0,-0.1
3,NONE,-1.0,-0.1,-1.0,-0.1
3,NONE,-1.0,-0.1,-1.0,-0.1
3,NONE,-1.0,-0.1,-1.0,-0.1
3,NONE,-1.0,-0.1,-1.0,-0.1
3,NONE,-1.0,-0.1,-1.0,-0.1
3,NONE,-1.0,-0.1,-1.0,-0.1
3,NONE,-1.0,-0.1,-1.0,-0.1
3,NONE,-1.0,-0.1,-1.0,-0.1
3,NONE,-1.0,-0.1,-1.0,-0.1
3,NONE,-1.0,-0.1,-1.0,-0.1
2,EV_B13_C008_Mototaxi_Electrica_P06,-1.0,-0.1,7.0,37.22963737374166
1,EV_B13_C008_Mototaxi_Electrica_P06,7.0,79.71040858994604,-1.0,37.22963737374166
1,EV_B13_C008_Mototaxi_Electrica_P06,6.0,79.71040858994604,-1.0,37.22963737374166
1,EV_B13_C008_Mototaxi_Electrica_P06,5.0,79.71040858994604,-1.0,37.22963737374166
1,EV_B13_C008_Mototaxi_Electrica_P06,4.0,79.71040858994604,-1.0,37.22963737374166
1,EV_B13_C008_Mototaxi_Electrica_P06,3.0,79.71040858994604,-1.0,37.22963737374166
1,EV_B13_C008_Mototaxi_Electrica_P06,2.0,79.71040858994604,-1.0,37.22963737374166
1,EV_B13_C008_Mototaxi_Electrica_P06,1.0,79.71040858994604,-1.0,37.22963737374166
1,EV_B13_C008_Mototaxi_Electrica_P06,0.0,79.71040858994604,-1.0,37.22963737374166
3,NONE,-1.0,-0.1,-1.0,-0.1
3,NONE,-1.0,-0.1,-1.0,-0.1
3,NONE,-1.0,-0.1,-1.0,-0.1
3,NONE,-1.0,-0.1,-1.0,-0.1
3,NONE,-1.0,-0.1,-1.0,-0.1
3,NONE,-1.0,-0.1,-1.0,-0.1
3,NONE,-1.0,-0.1,-1.0,-0.1
3,NONE,-1.0,-0.1,-1.0,-0.1
3,NONE,-1.0,-0.1,-1.0,-0.1
3,NONE,-1.0,-0.1,-1.0,-0.1
3,NONE,-1.0,-0.1,-1.0,-0.1
3,NONE,-1.0,-0.1,-1.0,-0.1
3,NONE,-1.0,-0.1,-1.0,-0.1
3,NONE,-1.0,-0.1,-1.0,-0.1
3,NONE,-1.0,-0.1,-1.0,-0.1
3,NONE,-1.0,-0.1,-1.0,-0.1
3,NONE,-1.0,-0.1,-1.0,-0.1
3,NONE,-1.0,-0.1,-1.0,-0.1
3,NONE,-1.0,-0.1,-1.0,-0.1
3,NONE,-1.0,-0.1,-1.0,-0.1
3,NONE,-1.0,-0.1,-1.0,-0.1
3,NONE,-1.0,-0.1,-1.0,-0.1
3,NONE,-1.0,-0.1,-1.0,-0.1
3,NONE,-1.0,-0.1,-1.0,-0.1
3,NONE,-1.0,-0.1,-1.0,-0.1
3,NONE,-1.0,-0.1,-1.0,-0.1
3,NONE,-1.0,-0.1,-1.0,-0.1
3,NONE,-1.0,-0.1,-1.0,-0.1
3,NONE,-1.0,-0.1,-1.0,-0.1
3,NONE,-1.0,-0.1,-1.0,-0.1
3,NONE,-1.0,-0.1,-1.0,-0.1
3,NONE,-1.0,-0.1,-1.0,-0.1
3,NONE,-1.0,-0.1,-1.0,-0.1
3,NONE,-1.0,-0.1,-1.0,-0.1
3,NONE,-1.0,-0.1,-1.0,-0.1
3,NONE,-1.0,-0.1,-1.0,-0.1
3,NONE,-1.0,-0.1,-1.0,-0.1
3,NONE,-1.0,-0.1,-1.0,-0.1
3,NONE,-1.0,-0.1,-1.0,-0.1
3,NONE,-1.0,-0.1,-1.0,-0.1
3,NONE,-1.0,-0.1,-1.0,-0.1
3,NONE,-1.0,-0.1,-1.0,-0.1
3,NONE,-1.0,-0.1,-1.0,-0.1
3,NONE,-1.0,-0.1,-1.0,-0.1
3,NONE,-1.0,-0.1,-1.0,-0.1
3,NONE,-1.0,-0.1,-1.0,-0.1
3,NONE,-1.0,-0.1,-1.0,-0.1
3,NONE,-1.0,-0.1,-1.0,-0.1
3,NONE,-1.0,-0.1,-1.0,-0.1
3,NONE,-1.0,-0.1,-1.0,-0.1
3,NONE,-1.0,-0.1,-1.0,-0.1
3,NONE,-1.0,-0.1,-1.0,-0.1
3,NONE,-1.0,-0.1,-1.0,-0.1
3,NONE,-1.0,-0.1,-1.0,-0.1
3,NONE,-1.0,-0.1,-1.0,-0.1
3,NONE,-1.0,-0.1,-1.0,-0.1
3,NONE,-1.0,-0.1,-1.0,-0.1
3,NONE,-1.0,-0.1,-1.0,-0.1
3,NONE,-1.0,-0.1,-1.0,-0.1
3,NONE,-1.0,-0.1,-1.0,-0.1
3,NONE,-1.0,-0.1,-1.0,-0.1
3,NONE,-1.0,-0.1,-1.0,-0.1
3,NONE,-1.0,-0.1,-1.0,-0.1
3,NONE,-1.0,-0.1,-1.0,-0.1
3,NONE,-1.0,-0.1,-1.0,-0.1
3,NONE,-1.0,-0.1,-1.0,-0.1
3,NONE,-1.0,-0.1,-1.0,-0.1
3,NONE,-1.0,-0.1,-1.0,-0.1
3,NONE,-1.0,-0.1,-1.0,-0.1
3,NONE,-1.0,-0.1,-1.0,-0.1
3,NONE,-1.0,-0.1,-1.0,-0.1
3,NONE,-1.0,-0.1,-1.0,-0.1
3,NONE,-1.0,-0.1,-1.0,-0.1
3,NONE,-1.0,-0.1,-1.0,-0.1
3,NONE,-1.0,-0.1,-1.0,-0.1
3,NONE,-1.0,-0.1,-1.0,-0.1
3,NONE,-1.0,-0.1,-1.0,-0.1
3,NONE,-1.0,-0.1,-1.0,-0.1
3,NONE,-1.0,-0.1,-1.0,-0.1
3,NONE,-1.0,-0.1,-1.0,-0.1
3,NONE,-1.0,-0.1,-1.0,-0.1
3,NONE,-1.0,-0.1,-1.0,-0.1
3,NONE,-1.0,-0.1,-1.0,-0.1
3,NONE,-1.0,-0.1,-1.0,-0.1
3,NONE,-1.0,-0.1,-1.0,-0.1
3,NONE,-1.0,-0.1,-1.0,-0.1
3,NONE,-1.0,-0.1,-1.0,-0.1
3,NONE,-1.0,-0.1,-1.0,-0.1
2,EV_B13_C008_Mototaxi_Electrica_P07,-1.0,-0.1,8.0,44.244052315814805
1,EV_B13_C008_Mototaxi_Electrica_P07,6.0,81.85986627196202,-1.0,44.244052315814805
1,EV_B13_C008_Mototaxi_Electrica_P07,5.0,81.85986627196202,-1.0,44.244052315814805
1,EV_B13_C008_Mototaxi_Electrica_P07,4.0,81.85986627196202,-1.0,44.244052315814805
1,EV_B13_C008_Mototaxi_Electrica_P07,3.0,81.85986627196202,-1.0,44.244052315814805
1,EV_B13_C008_Mototaxi_Electrica_P07,2.0,81.85986627196202,-1.0,44.244052315814805
1,EV_B13_C008_Mototaxi_Electrica_P07,1.0,81.85986627196202,-1.0,44.244052315814805
1,EV_B13_C008_Mototaxi_Electrica_P07,0.0,81.85986627196202,-1.0,44.244052315814805
3,NONE,-1.0,-0.1,-1.0,-0.1
3,NONE,-1.0,-0.1,-1.0,-0.1
3,NONE,-1.0,-0.1,-1.0,-0.1
3,NONE,-1.0,-0.1,-1.0,-0.1
3,NONE,-1.0,-0.1,-1.0,-0.1
3,NONE,-1.0,-0.1,-1.0,-0.1
3,NONE,-1.0,-0.1,-1.0,-0.1
3,NONE,-1.0,-0.1,-1.0,-0.1
3,NONE,-1.0,-0.1,-1.0,-0.1
3,NONE,-1.0,-0.1,-1.0,-0.1
3,NONE,-1.0,-0.1,-1.0,-0.1
3,NONE,-1.0,-0.1,-1.0,-0.1
3,NONE,-1.0,-0.1,-1.0,-0.1
3,NONE,-1.0,-0.1,-1.0,-0.1
3,NONE,-1.0,-0.1,-1.0,-0.1
3,NONE,-1.0,-0.1,-1.0,-0.1
2,EV_B13_C008_Mototaxi_Electrica_P08,-1.0,-0.1,8.0,37.65904275780406
1,EV_B13_C008_Mototaxi_Electrica_P08,5.0,81.64390190210773,-1.0,37.65904275780406
1,EV_B13_C008_Mototaxi_Electrica_P08,4.0,81.64390190210773,-1.0,37.65904275780406
1,EV_B13_C008_Mototaxi_Electrica_P08,3.0,81.64390190210773,-1.0,37.65904275780406
1,EV_B13_C008_Mototaxi_Electrica_P08,2.0,81.64390190210773,-1.0,37.65904275780406
1,EV_B13_C008_Mototaxi_Electrica_P08,1.0,81.64390190210773,-1.0,37.65904275780406
1,EV_B13_C008_Mototaxi_Electrica_P08,0.0,81.64390190210773,-1.0,37.65904275780406
3,NONE,-1.0,-0.1,-1.0,-0.1
3,NONE,-1.0,-0.1,-1.0,-0.1
3,NONE,-1.0,-0.1,-1.0,-0.1
3,NONE,-1.0,-0.1,-1.0,-0.1
3,NONE,-1.0,-0.1,-1.0,-0.1
3,NONE,-1.0,-0.1,-1.0,-0.1
3,NONE,-1.0,-0.1,-1.0,-0.1
3,NONE,-1.0,-0.1,-1.0,-0.1
3,NONE,-1.0,-0.1,-1.0,-0.1
3,NONE,-1.0,-0.1,-1.0,-0.1
3,NONE,-1.0,-0.1,-1.0,-0.1
3,NONE,-1.0,-0.1,-1.0,-0.1
3,NONE,-1.0,-0.1,-1.0,-0.1
3,NONE,-1.0,-0.1,-1.0,-0.1
3,NONE,-1.0,-0.1,-1.0,-0.1
3,NONE,-1.0,-0.1,-1.0,-0.1
3,NONE,-1.0,-0.1,-1.0,-0.1
2,EV_B13_C008_Mototaxi_Electrica_P09,-1.0,-0.1,8.0,6.078808010321559
1,EV_B13_C008_Mototaxi_Electrica_P09,6.0,74.55611442303375,-1.0,6.078808010321559
1,EV_B13_C008_Mototaxi_Electrica_P09,5.0,74.55611442303375,-1.0,6.078808010321559
1,EV_B13_C008_Mototaxi_Electrica_P09,4.0,74.55611442303375,-1.0,6.078808010321559
1,EV_B13_C008_Mototaxi_Electrica_P09,3.0,74.55611442303375,-1.0,6.078808010321559
1,EV_B13_C008_Mototaxi_Electrica_P09,2.0,74.55611442303375,-1.0,6.078808010321559
1,EV_B13_C008_Mototaxi_Electrica_P09,1.0,74.55611442303375,-1.0,6.078808010321559
1,EV_B13_C008_Mototaxi_Electrica_P09,0.0,74.55611442303375,-1.0,6.078808010321559
3,NONE,-1.0,-0.1,-1.0,-0.1
3,NONE,-1.0,-0.1,-1.0,-0.1
3,NONE,-1.0,-0.1,-1.0,-0.1
3,NONE,-1.0,-0.1,-1.0,-0.1
3,NONE,-1.0,-0.1,-1.0,-0.1
3,NONE,-1.0,-0.1,-1.0,-0.1
3,NONE,-1.0,-0.1,-1.0,-0.1
3,NONE,-1.0,-0.1,-1.0,-0.1
3,NONE,-1.0,-0.1,-1.0,-0.1
3,NONE,-1.0,-0.1,-1.0,-0.1
3,NONE,-1.0,-0.1,-1.0,-0.1
3,NONE,-1.0,-0.1,-1.0,-0.1
3,NONE,-1.0,-0.1,-1.0,-0.1
3,NONE,-1.0,-0.1,-1.0,-0.1
3,NONE,-1.0,-0.1,-1.0,-0.1
3,NONE,-1.0,-0.1,-1.0,-0.1
3,NONE,-1.0,-0.1,-1.0,-0.1
3,NONE,-1.0,-0.1,-1.0,-0.1
3,NONE,-1.0,-0.1,-1.0,-0.1
3,NONE,-1.0,-0.1,-1.0,-0.1
3,NONE,-1.0,-0.1,-1.0,-0.1
3,NONE,-1.0,-0.1,-1.0,-0.1
3,NONE,-1.0,-0.1,-1.0,-0.1
3,NONE,-1.0,-0.1,-1.0,-0.1
3,NONE,-1.0,-0.1,-1.0,-0.1
3,NONE,-1.0,-0.1,-1.0,-0.1
3,NONE,-1.0,-0.1,-1.0,-0.1
3,NONE,-1.0,-0.1,-1.0,-0.1
3,NONE,-1.0,-0.1,-1.0,-0.1
3,NONE,-1.0,-0.1,-1.0,-0.1
3,NONE,-1.0,-0.1,-1.0,-0.1
3,NONE,-1.0,-0.1,-1.0,-0.1
3,NONE,-1.0,-0.1,-1.0,-0.1
3,NONE,-1.0,-0.1,-1.0,-0.1
3,NONE,-1.0,-0.1,-1.0,-0.1
3,NONE,-1.0,-0.1,-1.0,-0.1
3,NONE,-1.0,-0.1,-1.0,-0.1
3,NONE,-1.0,-0.1,-1.0,-0.1
3,NONE,-1.0,-0.1,-1.0,-0.1
3,NONE,-1.0,-0.1,-1.0,-0.1
3,NONE,-1.0,-0.1,-1.0,-0.1
3,NONE,-1.0,-0.1,-1.0,-0.1
3,NONE,-1.0,-0.1,-1.0,-0.1
3,NONE,-1.0,-0.1,-1.0,-0.1
3,NONE,-1.0,-0.1,-1.0,-0.1
3,NONE,-1.0,-0.1,-1.0,-0.1
3,NONE,-1.0,-0.1,-1.0,-0.1
3,NONE,-1.0,-0.1,-1.0,-0.1
3,NONE,-1.0,-0.1,-1.0,-0.1
3,NONE,-1.0,-0.1,-1.0,-0.1
3,NONE,-1.0,-0.1,-1.0,-0.1
3,NONE,-1.0,-0.1,-1.0,-0.1
3,NONE,-1.0,-0.1,-1.0,-0.1
3,NONE,-1.0,-0.1,-1.0,-0.1
3,NONE,-1.0,-0.1,-1.0,-0.1
3,NONE,-1.0,-0.1,-1.0,-0.1
3,NONE,-1.0,-0.1,-1.0,-0.1
3,NONE,-1.0,-0.1,-1.0,-0.1
3,NONE,-1.0,-0.1,-1.0,-0.1
3,NONE,-1.0,-0.1,-1.0,-0.1
3,NONE,-1.0,-0.1,-1.0,-0.1
3,NONE,-1.0,-0.1,-1.0,-0.1
3,NONE,-1.0,-0.1,-1.0,-0.1
3,NONE,-1.0,-0.1,-1.0,-0.1
3,NONE,-1.0,-0.1,-1.0,-0.1
3,NONE,-1.0,-0.1,-1.0,-0.1
3,NONE,-1.0,-0.1,-1.0,-0.1
3,NONE,-1.0,-0.1,-1.0,-0.1
3,NONE,-1.0,-0.1,-1.0,-0.1
3,NONE,-1.0,-0.1,-1.0,-0.1
3,NONE,-1.0,-0.1,-1.0,-0.1
3,NONE,-1.0,-0.1,-1.0,-0.1
3,NONE,-1.0,-0.1,-1.0,-0.1
3,NONE,-1.0,-0.1,-1.0,-0.1
3,NONE,-1.0,-0.1,-1.0,-0.1
3,NONE,-1.0,-0.1,-1.0,-0.1
3,NONE,-1.0,-0.1,-1.0,-0.1
3,NONE,-1.0,-0.1,-1.0,-0.1
3,NONE,-1.0,-0.1,-1.0,-0.1
3,NONE,-1.0,-0.1,-1.0,-0.1
3,NONE,-1.0,-0.1,-1.0,-0.1
3,NONE,-1.0,-0.1,-1.0,-0.1
3,NONE,-1.0,-0.1,-1.0,-0.1
3,NONE,-1.0,-0.1,-1.0,-0.1
3,NONE,-1.0,-0.1,-1.0,-0.1
3,NONE,-1.0,-0.1,-1.0,-0.1
3,NONE,-1.0,-0.1,-1.0,-0.1
3,NONE,-1.0,-0.1,-1.0,-0.1
3,NONE,-1.0,-0.1,-1.0,-0.1
3,NONE,-1.0,-0.1,-1.0,-0.1
3,NONE,-1.0,-0.1,-1.0,-0.1
3,NONE,-1.0,-0.1,-1.0,-0.1
3,NONE,-1.0,-0.1,-1.0,-0.1
3,NONE,-1.0,-0.1,-1.0,-0.1
3,NONE,-1.0,-0.1,-1.0,-0.1
3,NONE,-1.0,-0.1,-1.0,-0.1
3,NONE,-1.0,-0.1,-1.0,-0.1
3,NONE,-1.0,-0.1,-1.0,-0.1
3,NONE,-1.0,-0.1,-1.0,-0.1
3,NONE,-1.0,-0.1,-1.0,-0.1
3,NONE,-1.0,-0.1,-1.0,-0.1
3,NONE,-1.0,-0.1,-1.0,-0.1
3,NONE,-1.0,-0.1,-1.0,-0.1
3,NONE,-1.0,-0.1,-1.0,-0.1
3,NONE,-1.0,-0.1,-1.0,-0.1
3,NONE,-1.0,-0.1,-1.0,-0.1
3,NONE,-1.0,-0.1,-1.0,-0.1
3,NONE,-1.0,-0.1,-1.0,-0.1
3,NONE,-1.0,-0.1,-1.0,-0.1
3,NONE,-1.0,-0.1,-1.0,-0.1
3,NONE,-1.0,-0.1,-1.0,-0.1
3,NONE,-1.0,-0.1,-1.0,-0.1
3,NONE,-1.0,-0.1,-1.0,-0.1
3,NONE,-1.0,-0.1,-1.0,-0.1
2,EV_B13_C008_Mototaxi_Electrica_P10,-1.0,-0.1,10.0,30.472102220391477
1,EV_B13_C008_Mototaxi_Electrica_P10,4.0,73.53975816699985,-1.0,30.472102220391477
1,EV_B13_C008_Mototaxi_Electrica_P10,3.0,73.53975816699985,-1.0,30.472102220391477
1,EV_B13_C008_Mototaxi_Electrica_P10,2.0,73.53975816699985,-1.0,30.472102220391477
1,EV_B13_C008_Mototaxi_Electrica_P10,1.0,73.53975816699985,-1.0,30.472102220391477
1,EV_B13_C008_Mototaxi_Electrica_P10,0.0,73.53975816699985,-1.0,30.472102220391477
3,NONE,-1.0,-0.1,-1.0,-0.1
3,NONE,-1.0,-0.1,-1.0,-0.1
3,NONE,-1.0,-0.1,-1.0,-0.1
3,NONE,-1.0,-0.1,-1.0,-0.1
3,NONE,-1.0,-0.1,-1.0,-0.1
3,NONE,-1.0,-0.1,-1.0,-0.1
3,NONE,-1.0,-0.1,-1.0,-0.1
3,NONE,-1.0,-0.1,-1.0,-0.1
3,NONE,-1.0,-0.1,-1.0,-0.1
3,NONE,-1.0,-0.1,-1.0,-0.1
3,NONE,-1.0,-0.1,-1.0,-0.1
3,NONE,-1.0,-0.1,-1.0,-0.1
3,NONE,-1.0,-0.1,-1.0,-0.1
3,NONE,-1.0,-0.1,-1.0,-0.1
3,NONE,-1.0,-0.1,-1.0,-0.1
3,NONE,-1.0,-0.1,-1.0,-0.1
2,EV_B13_C008_Mototaxi_Electrica_P01,-1.0,-0.1,8.0,39.04509299486035
1,EV_B13_C008_Mototaxi_Electrica_P01,6.0,82.08534770790476,-1.0,39.04509299486035
1,EV_B13_C008_Mototaxi_Electrica_P01,5.0,82.08534770790476,-1.0,39.04509299486035
1,EV_B13_C008_Mototaxi_Electrica_P01,4.0,82.08534770790476,-1.0,39.04509299486035
1,EV_B13_C008_Mototaxi_Electrica_P01,3.0,82.08534770790476,-1.0,39.04509299486035
1,EV_B13_C008_Mototaxi_Electrica_P01,2.0,82.08534770790476,-1.0,39.04509299486035
1,EV_B13_C008_Mototaxi_Electrica_P01,1.0,82.08534770790476,-1.0,39.04509299486035
1,EV_B13_C008_Mototaxi_Electrica_P01,0.0,82.08534770790476,-1.0,39.04509299486035
3,NONE,-1.0,-0.1,-1.0,-0.1
3,NONE,-1.0,-0.1,-1.0,-0.1
3,NONE,-1.0,-0.1,-1.0,-0.1
3,NONE,-1.0,-0.1,-1.0,-0.1
3,NONE,-1.0,-0.1,-1.0,-0.1
3,NONE,-1.0,-0.1,-1.0,-0.1
3,NONE,-1.0,-0.1,-1.0,-0.1
3,NONE,-1.0,-0.1,-1.0,-0.1
3,NONE,-1.0,-0.1,-1.0,-0.1
3,NONE,-1.0,-0.1,-1.0,-0.1
3,NONE,-1.0,-0.1,-1.0,-0.1
3,NONE,-1.0,-0.1,-1.0,-0.1
3,NONE,-1.0,-0.1,-1.0,-0.1
3,NONE,-1.0,-0.1,-1.0,-0.1
3,NONE,-1.0,-0.1,-1.0,-0.1
2,EV_B13_C008_Mototaxi_Electrica_P02,-1.0,-0.1,7.0,19.096035990273116
1,EV_B13_C008_Mototaxi_Electrica_P02,7.0,64.42378931686842,-1.0,19.096035990273116
1,EV_B13_C008_Mototaxi_Electrica_P02,6.0,64.42378931686842,-1.0,19.096035990273116
1,EV_B13_C008_Mototaxi_Electrica_P02,5.0,64.42378931686842,-1.0,19.096035990273116
1,EV_B13_C008_Mototaxi_Electrica_P02,4.0,64.42378931686842,-1.0,19.096035990273116
1,EV_B13_C008_Mototaxi_Electrica_P02,3.0,64.42378931686842,-1.0,19.096035990273116
1,EV_B13_C008_Mototaxi_Electrica_P02,2.0,64.42378931686842,-1.0,19.096035990273116
1,EV_B13_C008_Mototaxi_Electrica_P02,1.0,64.42378931686842,-1.0,19.096035990273116
1,EV_B13_C008_Mototaxi_Electrica_P02,0.0,64.42378931686842,-1.0,19.096035990273116
3,NONE,-1.0,-0.1,-1.0,-0.1
3,NONE,-1.0,-0.1,-1.0,-0.1
3,NONE,-1.0,-0.1,-1.0,-0.1
3,NONE,-1.0,-0.1,-1.0,-0.1
3,NONE,-1.0,-0.1,-1.0,-0.1
3,NONE,-1.0,-0.1,-1.0,-0.1
3,NONE,-1.0,-0.1,-1.0,-0.1
3,NONE,-1.0,-0.1,-1.0,-0.1
3,NONE,-1.0,-0.1,-1.0,-0.1
3,NONE,-1.0,-0.1,-1.0,-0.1
3,NONE,-1.0,-0.1,-1.0,-0.1
3,NONE,-1.0,-0.1,-1.0,-0.1
3,NONE,-1.0,-0.1,-1.0,-0.1
3,NONE,-1.0,-0.1,-1.0,-0.1
3,NONE,-1.0,-0.1,-1.0,-0.1
3,NONE,-1.0,-0.1,-1.0,-0.1
3,NONE,-1.0,-0.1,-1.0,-0.1
2,EV_B13_C008_Mototaxi_Electrica_P03,-1.0,-0.1,9.0,39.101976369824726
1,EV_B13_C008_Mototaxi_Electrica_P03,5.0,76.43966070677354,-1.0,39.101976369824726
1,EV_B13_C008_Mototaxi_Electrica_P03,4.0,76.43966070677354,-1.0,39.101976369824726
1,EV_B13_C008_Mototaxi_Electrica_P03,3.0,76.43966070677354,-1.0,39.101976369824726
1,EV_B13_C008_Mototaxi_Electrica_P03,2.0,76.43966070677354,-1.0,39.101976369824726
1,EV_B13_C008_Mototaxi_Electrica_P03,1.0,76.43966070677354,-1.0,39.101976369824726
1,EV_B13_C008_Mototaxi_Electrica_P03,0.0,76.43966070677354,-1.0,39.101976369824726
3,NONE,-1.0,-0.1,-1.0,-0.1
3,NONE,-1.0,-0.1,-1.0,-0.1
3,NONE,-1.0,-0.1,-1.0,-0.1
3,NONE,-1.0,-0.1,-1.0,-0.1
3,NONE,-1.0,-0.1,-1.0,-0.1
3,NONE,-1.0,-0.1,-1.0,-0.1
3,NONE,-1.0,-0.1,-1.0,-0.1
3,NONE,-1.0,-0.1,-1.0,-0.1
3,NONE,-1.0,-0.1,-1.0,-0.1
3,NONE,-1.0,-0.1,-1.0,-0.1
3,NONE,-1.0,-0.1,-1.0,-0.1
3,NONE,-1.0,-0.1,-1.0,-0.1
3,NONE,-1.0,-0.1,-1.0,-0.1
3,NONE,-1.0,-0.1,-1.0,-0.1
3,NONE,-1.0,-0.1,-1.0,-0.1
3,NONE,-1.0,-0.1,-1.0,-0.1
3,NONE,-1.0,-0.1,-1.0,-0.1
3,NONE,-1.0,-0.1,-1.0,-0.1
3,NONE,-1.0,-0.1,-1.0,-0.1
3,NONE,-1.0,-0.1,-1.0,-0.1
3,NONE,-1.0,-0.1,-1.0,-0.1
3,NONE,-1.0,-0.1,-1.0,-0.1
3,NONE,-1.0,-0.1,-1.0,-0.1
3,NONE,-1.0,-0.1,-1.0,-0.1
3,NONE,-1.0,-0.1,-1.0,-0.1
3,NONE,-1.0,-0.1,-1.0,-0.1
3,NONE,-1.0,-0.1,-1.0,-0.1
3,NONE,-1.0,-0.1,-1.0,-0.1
3,NONE,-1.0,-0.1,-1.0,-0.1
3,NONE,-1.0,-0.1,-1.0,-0.1
3,NONE,-1.0,-0.1,-1.0,-0.1
3,NONE,-1.0,-0.1,-1.0,-0.1
3,NONE,-1.0,-0.1,-1.0,-0.1
3,NONE,-1.0,-0.1,-1.0,-0.1
3,NONE,-1.0,-0.1,-1.0,-0.1
3,NONE,-1.0,-0.1,-1.0,-0.1
3,NONE,-1.0,-0.1,-1.0,-0.1
3,NONE,-1.0,-0.1,-1.0,-0.1
3,NONE,-1.0,-0.1,-1.0,-0.1
3,NONE,-1.0,-0.1,-1.0,-0.1
3,NONE,-1.0,-0.1,-1.0,-0.1
3,NONE,-1.0,-0.1,-1.0,-0.1
3,NONE,-1.0,-0.1,-1.0,-0.1
3,NONE,-1.0,-0.1,-1.0,-0.1
3,NONE,-1.0,-0.1,-1.0,-0.1
3,NONE,-1.0,-0.1,-1.0,-0.1
3,NONE,-1.0,-0.1,-1.0,-0.1
3,NONE,-1.0,-0.1,-1.0,-0.1
3,NONE,-1.0,-0.1,-1.0,-0.1
3,NONE,-1.0,-0.1,-1.0,-0.1
3,NONE,-1.0,-0.1,-1.0,-0.1
3,NONE,-1.0,-0.1,-1.0,-0.1
3,NONE,-1.0,-0.1,-1.0,-0.1
3,NONE,-1.0,-0.1,-1.0,-0.1
3,NONE,-1.0,-0.1,-1.0,-0.1
3,NONE,-1.0,-0.1,-1.0,-0.1
3,NONE,-1.0,-0.1,-1.0,-0.1
3,NONE,-1.0,-0.1,-1.0,-0.1
3,NONE,-1.0,-0.1,-1.0,-0.1
3,NONE,-1.0,-0.1,-1.0,-0.1
3,NONE,-1.0,-0.1,-1.0,-0.1
3,NONE,-1.0,-0.1,-1.0,-0.1
3,NONE,-1.0,-0.1,-1.0,-0.1
3,NONE,-1.0,-0.1,-1.0,-0.1
2,EV_B13_C008_Mototaxi_Electrica_P04,-1.0,-0.1,8.0,34.75576700025452
1,EV_B13_C008_Mototaxi_Electrica_P04,6.0,79.02999192515097,-1.0,34.75576700025452
1,EV_B13_C008_Mototaxi_Electrica_P04,5.0,79.02999192515097,-1.0,34.75576700025452
1,EV_B13_C008_Mototaxi_Electrica_P04,4.0,79.02999192515097,-1.0,34.75576700025452
1,EV_B13_C008_Mototaxi_Electrica_P04,3.0,79.02999192515097,-1.0,34.75576700025452
1,EV_B13_C008_Mototaxi_Electrica_P04,2.0,79.02999192515097,-1.0,34.75576700025452
1,EV_B13_C008_Mototaxi_Electrica_P04,1.0,79.02999192515097,-1.0,34.75576700025452
1,EV_B13_C008_Mototaxi_Electrica_P04,0.0,79.02999192515097,-1.0,34.75576700025452
3,NONE,-1.0,-0.1,-1.0,-0.1
3,NONE,-1.0,-0.1,-1.0,-0.1
3,NONE,-1.0,-0.1,-1.0,-0.1
3,NONE,-1.0,-0.1,-1.0,-0.1
3,NONE,-1.0,-0.1,-1.0,-0.1
3,NONE,-1.0,-0.1,-1.0,-0.1
3,NONE,-1.0,-0.1,-1.0,-0.1
3,NONE,-1.0,-0.1,-1.0,-0.1
3,NONE,-1.0,-0.1,-1.0,-0.1
3,NONE,-1.0,-0.1,-1.0,-0.1
3,NONE,-1.0,-0.1,-1.0,-0.1
3,NONE,-1.0,-0.1,-1.0,-0.1
3,NONE,-1.0,-0.1,-1.0,-0.1
3,NONE,-1.0,-0.1,-1.0,-0.1
3,NONE,-1.0,-0.1,-1.0,-0.1
3,NONE,-1.0,-0.1,-1.0,-0.1
3,NONE,-1.0,-0.1,-1.0,-0.1
2,EV_B13_C008_Mototaxi_Electrica_P05,-1.0,-0.1,9.0,29.807131437224594
1,EV_B13_C008_Mototaxi_Electrica_P05,5.0,88.9485917203982,-1.0,29.807131437224594
1,EV_B13_C008_Mototaxi_Electrica_P05,4.0,88.9485917203982,-1.0,29.807131437224594
1,EV_B13_C008_Mototaxi_Electrica_P05,3.0,88.9485917203982,-1.0,29.807131437224594
1,EV_B13_C008_Mototaxi_Electrica_P05,2.0,88.9485917203982,-1.0,29.807131437224594
1,EV_B13_C008_Mototaxi_Electrica_P05,1.0,88.9485917203982,-1.0,29.807131437224594
1,EV_B13_C008_Mototaxi_Electrica_P05,0.0,88.9485917203982,-1.0,29.807131437224594
3,NONE,-1.0,-0.1,-1.0,-0.1
3,NONE,-1.0,-0.1,-1.0,-0.1
3,NONE,-1.0,-0.1,-1.0,-0.1
3,NONE,-1.0,-0.1,-1.0,-0.1
3,NONE,-1.0,-0.1,-1.0,-0.1
3,NONE,-1.0,-0.1,-1.0,-0.1
3,NONE,-1.0,-0.1,-1.0,-0.1
3,NONE,-1.0,-0.1,-1.0,-0.1
3,NONE,-1.0,-0.1,-1.0,-0.1
3,NONE,-1.0,-0.1,-1.0,-0.1
3,NONE,-1.0,-0.1,-1.0,-0.1
3,NONE,-1.0,-0.1,-1.0,-0.1
3,NONE,-1.0,-0.1,-1.0,-0.1
3,NONE,-1.0,-0.1,-1.0,-0.1
3,NONE,-1.0,-0.1,-1.0,-0.1
3,NONE,-1.0,-0.1,-1.0,-0.1
2,EV_B13_C008_Mototaxi_Electrica_P06,-1.0,-0.1,8.0,58.32747305400563
1,EV_B13_C008_Mototaxi_Electrica_P06,6.0,83.06704745893593,-1.0,58.32747305400563
1,EV_B13_C008_Mototaxi_Electrica_P06,5.0,83.06704745893593,-1.0,58.32747305400563
1,EV_B13_C008_Mototaxi_Electrica_P06,4.0,83.06704745893593,-1.0,58.32747305400563
1,EV_B13_C008_Mototaxi_Electrica_P06,3.0,83.06704745893593,-1.0,58.32747305400563
1,EV_B13_C008_Mototaxi_Electrica_P06,2.0,83.06704745893593,-1.0,58.32747305400563
1,EV_B13_C008_Mototaxi_Electrica_P06,1.0,83.06704745893593,-1.0,58.32747305400563
1,EV_B13_C008_Mototaxi_Electrica_P06,0.0,83.06704745893593,-1.0,58.32747305400563
3,NONE,-1.0,-0.1,-1.0,-0.1
3,NONE,-1.0,-0.1,-1.0,-0.1
3,NONE,-1.0,-0.1,-1.0,-0.1
3,NONE,-1.0,-0.1,-1.0,-0.1
3,NONE,-1.0,-0.1,-1.0,-0.1
3,NONE,-1.0,-0.1,-1.0,-0.1
3,NONE,-1.0,-0.1,-1.0,-0.1
3,NONE,-1.0,-0.1,-1.0,-0.1
3,NONE,-1.0,-0.1,-1.0,-0.1
3,NONE,-1.0,-0.1,-1.0,-0.1
3,NONE,-1.0,-0.1,-1.0,-0.1
3,NONE,-1.0,-0.1,-1.0,-0.1
3,NONE,-1.0,-0.1,-1.0,-0.1
3,NONE,-1.0,-0.1,-1.0,-0.1
3,NONE,-1.0,-0.1,-1.0,-0.1
3,NONE,-1.0,-0.1,-1.0,-0.1
3,NONE,-1.0,-0.1,-1.0,-0.1
3,NONE,-1.0,-0.1,-1.0,-0.1
3,NONE,-1.0,-0.1,-1.0,-0.1
3,NONE,-1.0,-0.1,-1.0,-0.1
3,NONE,-1.0,-0.1,-1.0,-0.1
3,NONE,-1.0,-0.1,-1.0,-0.1
3,NONE,-1.0,-0.1,-1.0,-0.1
3,NONE,-1.0,-0.1,-1.0,-0.1
3,NONE,-1.0,-0.1,-1.0,-0.1
3,NONE,-1.0,-0.1,-1.0,-0.1
3,NONE,-1.0,-0.1,-1.0,-0.1
3,NONE,-1.0,-0.1,-1.0,-0.1
3,NONE,-1.0,-0.1,-1.0,-0.1
3,NONE,-1.0,-0.1,-1.0,-0.1
3,NONE,-1.0,-0.1,-1.0,-0.1
3,NONE,-1.0,-0.1,-1.0,-0.1
3,NONE,-1.0,-0.1,-1.0,-0.1
3,NONE,-1.0,-0.1,-1.0,-0.1
3,NONE,-1.0,-0.1,-1.0,-0.1
3,NONE,-1.0,-0.1,-1.0,-0.1
3,NONE,-1.0,-0.1,-1.0,-0.1
3,NONE,-1.0,-0.1,-1.0,-0.1
3,NONE,-1.0,-0.1,-1.0,-0.1
2,EV_B13_C008_Mototaxi_Electrica_P07,-1.0,-0.1,7.0,37.93634746436596
1,EV_B13_C008_Mototaxi_Electrica_P07,6.0,90.89584813522538,-1.0,37.93634746436596
1,EV_B13_C008_Mototaxi_Electrica_P07,5.0,90.89584813522538,-1.0,37.93634746436596
1,EV_B13_C008_Mototaxi_Electrica_P07,4.0,90.89584813522538,-1.0,37.93634746436596
1,EV_B13_C008_Mototaxi_Electrica_P07,3.0,90.89584813522538,-1.0,37.93634746436596
1,EV_B13_C008_Mototaxi_Electrica_P07,2.0,90.89584813522538,-1.0,37.93634746436596
1,EV_B13_C008_Mototaxi_Electrica_P07,1.0,90.89584813522538,-1.0,37.93634746436596
1,EV_B13_C008_Mototaxi_Electrica_P07,0.0,90.89584813522538,-1.0,37.93634746436596
3,NONE,-1.0,-0.1,-1.0,-0.1
3,NONE,-1.0,-0.1,-1.0,-0.1
3,NONE,-1.0,-0.1,-1.0,-0.1
3,NONE,-1.0,-0.1,-1.0,-0.1
3,NONE,-1.0,-0.1,-1.0,-0.1
3,NONE,-1.0,-0.1,-1.0,-0.1
3,NONE,-1.0,-0.1,-1.0,-0.1
3,NONE,-1.0,-0.1,-1.0,-0.1
3,NONE,-1.0,-0.1,-1.0,-0.1
3,NONE,-1.0,-0.1,-1.0,-0.1
3,NONE,-1.0,-0.1,-1.0,-0.1
3,NONE,-1.0,-0.1,-1.0,-0.1
3,NONE,-1.0,-0.1,-1.0,-0.1
3,NONE,-1.0,-0.1,-1.0,-0.1
3,NONE,-1.0,-0.1,-1.0,-0.1
3,NONE,-1.0,-0.1,-1.0,-0.1
3,NONE,-1.0,-0.1,-1.0,-0.1
3,NONE,-1.0,-0.1,-1.0,-0.1
3,NONE,-1.0,-0.1,-1.0,-0.1
3,NONE,-1.0,-0.1,-1.0,-0.1
3,NONE,-1.0,-0.1,-1.0,-0.1
3,NONE,-1.0,-0.1,-1.0,-0.1
3,NONE,-1.0,-0.1,-1.0,-0.1
3,NONE,-1.0,-0.1,-1.0,-0.1
3,NONE,-1.0,-0.1,-1.0,-0.1
3,NONE,-1.0,-0.1,-1.0,-0.1
3,NONE,-1.0,-0.1,-1.0,-0.1
3,NONE,-1.0,-0.1,-1.0,-0.1
3,NONE,-1.0,-0.1,-1.0,-0.1
3,NONE,-1.0,-0.1,-1.0,-0.1
3,NONE,-1.0,-0.1,-1.0,-0.1
3,NONE,-1.0,-0.1,-1.0,-0.1
3,NONE,-1.0,-0.1,-1.0,-0.1
3,NONE,-1.0,-0.1,-1.0,-0.1
3,NONE,-1.0,-0.1,-1.0,-0.1
3,NONE,-1.0,-0.1,-1.0,-0.1
3,NONE,-1.0,-0.1,-1.0,-0.1
3,NONE,-1.0,-0.1,-1.0,-0.1
3,NONE,-1.0,-0.1,-1.0,-0.1
3,NONE,-1.0,-0.1,-1.0,-0.1
3,NONE,-1.0,-0.1,-1.0,-0.1
3,NONE,-1.0,-0.1,-1.0,-0.1
3,NONE,-1.0,-0.1,-1.0,-0.1
3,NONE,-1.0,-0.1,-1.0,-0.1
3,NONE,-1.0,-0.1,-1.0,-0.1
3,NONE,-1.0,-0.1,-1.0,-0.1
3,NONE,-1.0,-0.1,-1.0,-0.1
3,NONE,-1.0,-0.1,-1.0,-0.1
3,NONE,-1.0,-0.1,-1.0,-0.1
3,NONE,-1.0,-0.1,-1.0,-0.1
3,NONE,-1.0,-0.1,-1.0,-0.1
3,NONE,-1.0,-0.1,-1.0,-0.1
3,NONE,-1.0,-0.1,-1.0,-0.1
3,NONE,-1.0,-0.1,-1.0,-0.1
3,NONE,-1.0,-0.1,-1.0,-0.1
3,NONE,-1.0,-0.1,-1.0,-0.1
3,NONE,-1.0,-0.1,-1.0,-0.1
3,NONE,-1.0,-0.1,-1.0,-0.1
3,NONE,-1.0,-0.1,-1.0,-0.1
3,NONE,-1.0,-0.1,-1.0,-0.1
3,NONE,-1.0,-0.1,-1.0,-0.1
3,NONE,-1.0,-0.1,-1.0,-0.1
3,NONE,-1.0,-0.1,-1.0,-0.1
3,NONE,-1.0,-0.1,-1.0,-0.1
3,NONE,-1.0,-0.1,-1.0,-0.1
3,NONE,-1.0,-0.1,-1.0,-0.1
3,NONE,-1.0,-0.1,-1.0,-0.1
2,EV_B13_C008_Mototaxi_Electrica_P08,-1.0,-0.1,10.0,60.483993013599054
1,EV_B13_C008_Mototaxi_Electrica_P08,4.0,76.60062293238877,-1.0,60.483993013599054
1,EV_B13_C008_Mototaxi_Electrica_P08,3.0,76.60062293238877,-1.0,60.483993013599054
1,EV_B13_C008_Mototaxi_Electrica_P08,2.0,76.60062293238877,-1.0,60.483993013599054
1,EV_B13_C008_Mototaxi_Electrica_P08,1.0,76.60062293238877,-1.0,60.483993013599054
1,EV_B13_C008_Mototaxi_Electrica_P08,0.0,76.60062293238877,-1.0,60.483993013599054
3,NONE,-1.0,-0.1,-1.0,-0.1
3,NONE,-1.0,-0.1,-1.0,-0.1
3,NONE,-1.0,-0.1,-1.0,-0.1
3,NONE,-1.0,-0.1,-1.0,-0.1
3,NONE,-1.0,-0.1,-1.0,-0.1
3,NONE,-1.0,-0.1,-1.0,-0.1
3,NONE,-1.0,-0.1,-1.0,-0.1
3,NONE,-1.0,-0.1,-1.0,-0.1
3,NONE,-1.0,-0.1,-1.0,-0.1
3,NONE,-1.0,-0.1,-1.0,-0.1
3,NONE,-1.0,-0.1,-1.0,-0.1
3,NONE,-1.0,-0.1,-1.0,-0.1
3,NONE,-1.0,-0.1,-1.0,-0.1
3,NONE,-1.0,-0.1,-1.0,-0.1
3,NONE,-1.0,-0.1,-1.0,-0.1
3,NONE,-1.0,-0.1,-1.0,-0.1
3,NONE,-1.0,-0.1,-1.0,-0.1
3,NONE,-1.0,-0.1,-1.0,-0.1
3,NONE,-1.0,-0.1,-1.0,-0.1
3,NONE,-1.0,-0.1,-1.0,-0.1
3,NONE,-1.0,-0.1,-1.0,-0.1
3,NONE,-1.0,-0.1,-1.0,-0.1
3,NONE,-1.0,-0.1,-1.0,-0.1
3,NONE,-1.0,-0.1,-1.0,-0.1
3,NONE,-1.0,-0.1,-1.0,-0.1
3,NONE,-1.0,-0.1,-1.0,-0.1
3,NONE,-1.0,-0.1,-1.0,-0.1
3,NONE,-1.0,-0.1,-1.0,-0.1
3,NONE,-1.0,-0.1,-1.0,-0.1
3,NONE,-1.0,-0.1,-1.0,-0.1
3,NONE,-1.0,-0.1,-1.0,-0.1
3,NONE,-1.0,-0.1,-1.0,-0.1
3,NONE,-1.0,-0.1,-1.0,-0.1
3,NONE,-1.0,-0.1,-1.0,-0.1
3,NONE,-1.0,-0.1,-1.0,-0.1
3,NONE,-1.0,-0.1,-1.0,-0.1
3,NONE,-1.0,-0.1,-1.0,-0.1
3,NONE,-1.0,-0.1,-1.0,-0.1
3,NONE,-1.0,-0.1,-1.0,-0.1
3,NONE,-1.0,-0.1,-1.0,-0.1
3,NONE,-1.0,-0.1,-1.0,-0.1
3,NONE,-1.0,-0.1,-1.0,-0.1
3,NONE,-1.0,-0.1,-1.0,-0.1
3,NONE,-1.0,-0.1,-1.0,-0.1
3,NONE,-1.0,-0.1,-1.0,-0.1
3,NONE,-1.0,-0.1,-1.0,-0.1
3,NONE,-1.0,-0.1,-1.0,-0.1
3,NONE,-1.0,-0.1,-1.0,-0.1
3,NONE,-1.0,-0.1,-1.0,-0.1
3,NONE,-1.0,-0.1,-1.0,-0.1
3,NONE,-1.0,-0.1,-1.0,-0.1
3,NONE,-1.0,-0.1,-1.0,-0.1
3,NONE,-1.0,-0.1,-1.0,-0.1
3,NONE,-1.0,-0.1,-1.0,-0.1
3,NONE,-1.0,-0.1,-1.0,-0.1
3,NONE,-1.0,-0.1,-1.0,-0.1
3,NONE,-1.0,-0.1,-1.0,-0.1
3,NONE,-1.0,-0.1,-1.0,-0.1
3,NONE,-1.0,-0.1,-1.0,-0.1
3,NONE,-1.0,-0.1,-1.0,-0.1
3,NONE,-1.0,-0.1,-1.0,-0.1
3,NONE,-1.0,-0.1,-1.0,-0.1
3,NONE,-1.0,-0.1,-1.0,-0.1
3,NONE,-1.0,-0.1,-1.0,-0.1
3,NONE,-1.0,-0.1,-1.0,-0.1
3,NONE,-1.0,-0.1,-1.0,-0.1
2,EV_B13_C008_Mototaxi_Electrica_P09,-1.0,-0.1,10.0,46.56424874818411
1,EV_B13_C008_Mototaxi_Electrica_P09,4.0,80.83714921358239,-1.0,46.56424874818411
1,EV_B13_C008_Mototaxi_Electrica_P09,3.0,80.83714921358239,-1.0,46.56424874818411
1,EV_B13_C008_Mototaxi_Electrica_P09,2.0,80.83714921358239,-1.0,46.56424874818411
1,EV_B13_C008_Mototaxi_Electrica_P09,1.0,80.83714921358239,-1.0,46.56424874818411
1,EV_B13_C008_Mototaxi_Electrica_P09,0.0,80.83714921358239,-1.0,46.56424874818411
3,NONE,-1.0,-0.1,-1.0,-0.1
3,NONE,-1.0,-0.1,-1.0,-0.1
3,NONE,-1.0,-0.1,-1.0,-0.1
3,NONE,-1.0,-0.1,-1.0,-0.1
3,NONE,-1.0,-0.1,-1.0,-0.1
3,NONE,-1.0,-0.1,-1.0,-0.1
3,NONE,-1.0,-0.1,-1.0,-0.1
3,NONE,-1.0,-0.1,-1.0,-0.1
3,NONE,-1.0,-0.1,-1.0,-0.1
3,NONE,-1.0,-0.1,-1.0,-0.1
3,NONE,-1.0,-0.1,-1.0,-0.1
3,NONE,-1.0,-0.1,-1.0,-0.1
3,NONE,-1.0,-0.1,-1.0,-0.1
3,NONE,-1.0,-0.1,-1.0,-0.1
3,NONE,-1.0,-0.1,-1.0,-0.1
3,NONE,-1.0,-0.1,-1.0,-0.1
2,EV_B13_C008_Mototaxi_Electrica_P10,-1.0,-0.1,8.0,33.08235552246155
1,EV_B13_C008_Mototaxi_Electrica_P10,6.0,82.00266058900188,-1.0,33.08235552246155
1,EV_B13_C008_Mototaxi_Electrica_P10,5.0,82.00266058900188,-1.0,33.08235552246155
1,EV_B13_C008_Mototaxi_Electrica_P10,4.0,82.00266058900188,-1.0,33.08235552246155
1,EV_B13_C008_Mototaxi_Electrica_P10,3.0,82.00266058900188,-1.0,33.08235552246155
1,EV_B13_C008_Mototaxi_Electrica_P10,2.0,82.00266058900188,-1.0,33.08235552246155
1,EV_B13_C008_Mototaxi_Electrica_P10,1.0,82.00266058900188,-1.0,33.08235552246155
1,EV_B13_C008_Mototaxi_Electrica_P10,0.0,82.00266058900188,-1.0,33.08235552246155
3,NONE,-1.0,-0.1,-1.0,-0.1
3,NONE,-1.0,-0.1,-1.0,-0.1
3,NONE,-1.0,-0.1,-1.0,-0.1
3,NONE,-1.0,-0.1,-1.0,-0.1
3,NONE,-1.0,-0.1,-1.0,-0.1
3,NONE,-1.0,-0.1,-1.0,-0.1
3,NONE,-1.0,-0.1,-1.0,-0.1
3,NONE,-1.0,-0.1,-1.0,-0.1
3,NONE,-1.0,-0.1,-1.0,-0.1
3,NONE,-1.0,-0.1,-1.0,-0.1
3,NONE,-1.0,-0.1,-1.0,-0.1
3,NONE,-1.0,-0.1,-1.0,-0.1
3,NONE,-1.0,-0.1,-1.0,-0.1
3,NONE,-1.0,-0.1,-1.0,-0.1
3,NONE,-1.0,-0.1,-1.0,-0.1
3,NONE,-1.0,-0.1,-1.0,-0.1
3,NONE,-1.0,-0.1,-1.0,-0.1
3,NONE,-1.0,-0.1,-1.0,-0.1
3,NONE,-1.0,-0.1,-1.0,-0.1
3,NONE,-1.0,-0.1,-1.0,-0.1
3,NONE,-1.0,-0.1,-1.0,-0.1
3,NONE,-1.0,-0.1,-1.0,-0.1
3,NONE,-1.0,-0.1,-1.0,-0.1
3,NONE,-1.0,-0.1,-1.0,-0.1
3,NONE,-1.0,-0.1,-1.0,-0.1
3,NONE,-1.0,-0.1,-1.0,-0.1
3,NONE,-1.0,-0.1,-1.0,-0.1
3,NONE,-1.0,-0.1,-1.0,-0.1
3,NONE,-1.0,-0.1,-1.0,-0.1
3,NONE,-1.0,-0.1,-1.0,-0.1
3,NONE,-1.0,-0.1,-1.0,-0.1
3,NONE,-1.0,-0.1,-1.0,-0.1
3,NONE,-1.0,-0.1,-1.0,-0.1
3,NONE,-1.0,-0.1,-1.0,-0.1
3,NONE,-1.0,-0.1,-1.0,-0.1
3,NONE,-1.0,-0.1,-1.0,-0.1
3,NONE,-1.0,-0.1,-1.0,-0.1
3,NONE,-1.0,-0.1,-1.0,-0.1
3,NONE,-1.0,-0.1,-1.0,-0.1
3,NONE,-1.0,-0.1,-1.0,-0.1
3,NONE,-1.0,-0.1,-1.0,-0.1
3,NONE,-1.0,-0.1,-1.0,-0.1
3,NONE,-1.0,-0.1,-1.0,-0.1
3,NONE,-1.0,-0.1,-1.0,-0.1
3,NONE,-1.0,-0.1,-1.0,-0.1
3,NONE,-1.0,-0.1,-1.0,-0.1
3,NONE,-1.0,-0.1,-1.0,-0.1
3,NONE,-1.0,-0.1,-1.0,-0.1
3,NONE,-1.0,-0.1,-1.0,-0.1
3,NONE,-1.0,-0.1,-1.0,-0.1
3,NONE,-1.0,-0.1,-1.0,-0.1
3,NONE,-1.0,-0.1,-1.0,-0.1
3,NONE,-1.0,-0.1,-1.0,-0.1
3,NONE,-1.0,-0.1,-1.0,-0.1
3,NONE,-1.0,-0.1,-1.0,-0.1
3,NONE,-1.0,-0.1,-1.0,-0.1
3,NONE,-1.0,-0.1,-1.0,-0.1
3,NONE,-1.0,-0.1,-1.0,-0.1
3,NONE,-1.0,-0.1,-1.0,-0.1
3,NONE,-1.0,-0.1,-1.0,-0.1
3,NONE,-1.0,-0.1,-1.0,-0.1
3,NONE,-1.0,-0.1,-1.0,-0.1
3,NONE,-1.0,-0.1,-1.0,-0.1
3,NONE,-1.0,-0.1,-1.0,-0.1
2,EV_B13_C008_Mototaxi_Electrica_P01,-1.0,-0.1,8.0,42.16643375284796
1,EV_B13_C008_Mototaxi_Electrica_P01,6.0,83.19322781339649,-1.0,42.16643375284796
1,EV_B13_C008_Mototaxi_Electrica_P01,5.0,83.19322781339649,-1.0,42.16643375284796
1,EV_B13_C008_Mototaxi_Electrica_P01,4.0,83.19322781339649,-1.0,42.16643375284796
1,EV_B13_C008_Mototaxi_Electrica_P01,3.0,83.19322781339649,-1.0,42.16643375284796
1,EV_B13_C008_Mototaxi_Electrica_P01,2.0,83.19322781339649,-1.0,42.16643375284796
1,EV_B13_C008_Mototaxi_Electrica_P01,1.0,83.19322781339649,-1.0,42.16643375284796
1,EV_B13_C008_Mototaxi_Electrica_P01,0.0,83.19322781339649,-1.0,42.16643375284796
3,NONE,-1.0,-0.1,-1.0,-0.1
3,NONE,-1.0,-0.1,-1.0,-0.1
3,NONE,-1.0,-0.1,-1.0,-0.1
3,NONE,-1.0,-0.1,-1.0,-0.1
3,NONE,-1.0,-0.1,-1.0,-0.1
3,NONE,-1.0,-0.1,-1.0,-0.1
3,NONE,-1.0,-0.1,-1.0,-0.1
3,NONE,-1.0,-0.1,-1.0,-0.1
3,NONE,-1.0,-0.1,-1.0,-0.1
3,NONE,-1.0,-0.1,-1.0,-0.1
3,NONE,-1.0,-0.1,-1.0,-0.1
3,NONE,-1.0,-0.1,-1.0,-0.1
3,NONE,-1.0,-0.1,-1.0,-0.1
3,NONE,-1.0,-0.1,-1.0,-0.1
3,NONE,-1.0,-0.1,-1.0,-0.1
3,NONE,-1.0,-0.1,-1.0,-0.1
3,NONE,-1.0,-0.1,-1.0,-0.1
3,NONE,-1.0,-0.1,-1.0,-0.1
3,NONE,-1.0,-0.1,-1.0,-0.1
3,NONE,-1.0,-0.1,-1.0,-0.1
3,NONE,-1.0,-0.1,-1.0,-0.1
3,NONE,-1.0,-0.1,-1.0,-0.1
3,NONE,-1.0,-0.1,-1.0,-0.1
3,NONE,-1.0,-0.1,-1.0,-0.1
3,NONE,-1.0,-0.1,-1.0,-0.1
3,NONE,-1.0,-0.1,-1.0,-0.1
3,NONE,-1.0,-0.1,-1.0,-0.1
3,NONE,-1.0,-0.1,-1.0,-0.1
3,NONE,-1.0,-0.1,-1.0,-0.1
3,NONE,-1.0,-0.1,-1.0,-0.1
3,NONE,-1.0,-0.1,-1.0,-0.1
3,NONE,-1.0,-0.1,-1.0,-0.1
3,NONE,-1.0,-0.1,-1.0,-0.1
3,NONE,-1.0,-0.1,-1.0,-0.1
3,NONE,-1.0,-0.1,-1.0,-0.1
3,NONE,-1.0,-0.1,-1.0,-0.1
3,NONE,-1.0,-0.1,-1.0,-0.1
3,NONE,-1.0,-0.1,-1.0,-0.1
3,NONE,-1.0,-0.1,-1.0,-0.1
2,EV_B13_C008_Mototaxi_Electrica_P02,-1.0,-0.1,7.0,28.636991632630455
1,EV_B13_C008_Mototaxi_Electrica_P02,7.0,88.9372787685378,-1.0,28.636991632630455
1,EV_B13_C008_Mototaxi_Electrica_P02,6.0,88.9372787685378,-1.0,28.636991632630455
1,EV_B13_C008_Mototaxi_Electrica_P02,5.0,88.9372787685378,-1.0,28.636991632630455
1,EV_B13_C008_Mototaxi_Electrica_P02,4.0,88.9372787685378,-1.0,28.636991632630455
1,EV_B13_C008_Mototaxi_Electrica_P02,3.0,88.9372787685378,-1.0,28.636991632630455
1,EV_B13_C008_Mototaxi_Electrica_P02,2.0,88.9372787685378,-1.0,28.636991632630455
1,EV_B13_C008_Mototaxi_Electrica_P02,1.0,88.9372787685378,-1.0,28.636991632630455
1,EV_B13_C008_Mototaxi_Electrica_P02,0.0,88.9372787685378,-1.0,28.636991632630455
3,NONE,-1.0,-0.1,-1.0,-0.1
3,NONE,-1.0,-0.1,-1.0,-0.1
3,NONE,-1.0,-0.1,-1.0,-0.1
3,NONE,-1.0,-0.1,-1.0,-0.1
3,NONE,-1.0,-0.1,-1.0,-0.1
3,NONE,-1.0,-0.1,-1.0,-0.1
3,NONE,-1.0,-0.1,-1.0,-0.1
3,NONE,-1.0,-0.1,-1.0,-0.1
3,NONE,-1.0,-0.1,-1.0,-0.1
3,NONE,-1.0,-0.1,-1.0,-0.1
3,NONE,-1.0,-0.1,-1.0,-0.1
3,NONE,-1.0,-0.1,-1.0,-0.1
3,NONE,-1.0,-0.1,-1.0,-0.1
3,NONE,-1.0,-0.1,-1.0,-0.1
3,NONE,-1.0,-0.1,-1.0,-0.1
3,NONE,-1.0,-0.1,-1.0,-0.1
3,NONE,-1.0,-0.1,-1.0,-0.1
3,NONE,-1.0,-0.1,-1.0,-0.1
3,NONE,-1.0,-0.1,-1.0,-0.1
3,NONE,-1.0,-0.1,-1.0,-0.1
3,NONE,-1.0,-0.1,-1.0,-0.1
3,NONE,-1.0,-0.1,-1.0,-0.1
3,NONE,-1.0,-0.1,-1.0,-0.1
3,NONE,-1.0,-0.1,-1.0,-0.1
3,NONE,-1.0,-0.1,-1.0,-0.1
3,NONE,-1.0,-0.1,-1.0,-0.1
3,NONE,-1.0,-0.1,-1.0,-0.1
3,NONE,-1.0,-0.1,-1.0,-0.1
3,NONE,-1.0,-0.1,-1.0,-0.1
3,NONE,-1.0,-0.1,-1.0,-0.1
3,NONE,-1.0,-0.1,-1.0,-0.1
3,NONE,-1.0,-0.1,-1.0,-0.1
3,NONE,-1.0,-0.1,-1.0,-0.1
3,NONE,-1.0,-0.1,-1.0,-0.1
3,NONE,-1.0,-0.1,-1.0,-0.1
3,NONE,-1.0,-0.1,-1.0,-0.1
3,NONE,-1.0,-0.1,-1.0,-0.1
3,NONE,-1.0,-0.1,-1.0,-0.1
3,NONE,-1.0,-0.1,-1.0,-0.1
3,NONE,-1.0,-0.1,-1.0,-0.1
2,EV_B13_C008_Mototaxi_Electrica_P03,-1.0,-0.1,8.0,31.89074988848139
1,EV_B13_C008_Mototaxi_Electrica_P03,6.0,73.17010895736034,-1.0,31.89074988848139
1,EV_B13_C008_Mototaxi_Electrica_P03,5.0,73.17010895736034,-1.0,31.89074988848139
1,EV_B13_C008_Mototaxi_Electrica_P03,4.0,73.17010895736034,-1.0,31.89074988848139
1,EV_B13_C008_Mototaxi_Electrica_P03,3.0,73.17010895736034,-1.0,31.89074988848139
1,EV_B13_C008_Mototaxi_Electrica_P03,2.0,73.17010895736034,-1.0,31.89074988848139
1,EV_B13_C008_Mototaxi_Electrica_P03,1.0,73.17010895736034,-1.0,31.89074988848139
1,EV_B13_C008_Mototaxi_Electrica_P03,0.0,73.17010895736034,-1.0,31.89074988848139
3,NONE,-1.0,-0.1,-1.0,-0.1
3,NONE,-1.0,-0.1,-1.0,-0.1
3,NONE,-1.0,-0.1,-1.0,-0.1
3,NONE,-1.0,-0.1,-1.0,-0.1
3,NONE,-1.0,-0.1,-1.0,-0.1
3,NONE,-1.0,-0.1,-1.0,-0.1
3,NONE,-1.0,-0.1,-1.0,-0.1
3,NONE,-1.0,-0.1,-1.0,-0.1
3,NONE,-1.0,-0.1,-1.0,-0.1
3,NONE,-1.0,-0.1,-1.0,-0.1
3,NONE,-1.0,-0.1,-1.0,-0.1
3,NONE,-1.0,-0.1,-1.0,-0.1
3,NONE,-1.0,-0.1,-1.0,-0.1
3,NONE,-1.0,-0.1,-1.0,-0.1
3,NONE,-1.0,-0.1,-1.0,-0.1
3,NONE,-1.0,-0.1,-1.0,-0.1
3,NONE,-1.0,-0.1,-1.0,-0.1
3,NONE,-1.0,-0.1,-1.0,-0.1
3,NONE,-1.0,-0.1,-1.0,-0.1
3,NONE,-1.0,-0.1,-1.0,-0.1
3,NONE,-1.0,-0.1,-1.0,-0.1
3,NONE,-1.0,-0.1,-1.0,-0.1
3,NONE,-1.0,-0.1,-1.0,-0.1
3,NONE,-1.0,-0.1,-1.0,-0.1
3,NONE,-1.0,-0.1,-1.0,-0.1
3,NONE,-1.0,-0.1,-1.0,-0.1
3,NONE,-1.0,-0.1,-1.0,-0.1
3,NONE,-1.0,-0.1,-1.0,-0.1
3,NONE,-1.0,-0.1,-1.0,-0.1
3,NONE,-1.0,-0.1,-1.0,-0.1
3,NONE,-1.0,-0.1,-1.0,-0.1
3,NONE,-1.0,-0.1,-1.0,-0.1
3,NONE,-1.0,-0.1,-1.0,-0.1
3,NONE,-1.0,-0.1,-1.0,-0.1
3,NONE,-1.0,-0.1,-1.0,-0.1
3,NONE,-1.0,-0.1,-1.0,-0.1
3,NONE,-1.0,-0.1,-1.0,-0.1
3,NONE,-1.0,-0.1,-1.0,-0.1
3,NONE,-1.0,-0.1,-1.0,-0.1
3,NONE,-1.0,-0.1,-1.0,-0.1
3,NONE,-1.0,-0.1,-1.0,-0.1
3,NONE,-1.0,-0.1,-1.0,-0.1
3,NONE,-1.0,-0.1,-1.0,-0.1
3,NONE,-1.0,-0.1,-1.0,-0.1
3,NONE,-1.0,-0.1,-1.0,-0.1
3,NONE,-1.0,-0.1,-1.0,-0.1
3,NONE,-1.0,-0.1,-1.0,-0.1
3,NONE,-1.0,-0.1,-1.0,-0.1
3,NONE,-1.0,-0.1,-1.0,-0.1
3,NONE,-1.0,-0.1,-1.0,-0.1
3,NONE,-1.0,-0.1,-1.0,-0.1
3,NONE,-1.0,-0.1,-1.0,-0.1
3,NONE,-1.0,-0.1,-1.0,-0.1
3,NONE,-1.0,-0.1,-1.0,-0.1
3,NONE,-1.0,-0.1,-1.0,-0.1
3,NONE,-1.0,-0.1,-1.0,-0.1
3,NONE,-1.0,-0.1,-1.0,-0.1
3,NONE,-1.0,-0.1,-1.0,-0.1
3,NONE,-1.0,-0.1,-1.0,-0.1
3,NONE,-1.0,-0.1,-1.0,-0.1
3,NONE,-1.0,-0.1,-1.0,-0.1
3,NONE,-1.0,-0.1,-1.0,-0.1
3,NONE,-1.0,-0.1,-1.0,-0.1
3,NONE,-1.0,-0.1,-1.0,-0.1
3,NONE,-1.0,-0.1,-1.0,-0.1
3,NONE,-1.0,-0.1,-1.0,-0.1
3,NONE,-1.0,-0.1,-1.0,-0.1
3,NONE,-1.0,-0.1,-1.0,-0.1
3,NONE,-1.0,-0.1,-1.0,-0.1
3,NONE,-1.0,-0.1,-1.0,-0.1
3,NONE,-1.0,-0.1,-1.0,-0.1
3,NONE,-1.0,-0.1,-1.0,-0.1
3,NONE,-1.0,-0.1,-1.0,-0.1
3,NONE,-1.0,-0.1,-1.0,-0.1
3,NONE,-1.0,-0.1,-1.0,-0.1
3,NONE,-1.0,-0.1,-1.0,-0.1
3,NONE,-1.0,-0.1,-1.0,-0.1
3,NONE,-1.0,-0.1,-1.0,-0.1
3,NONE,-1.0,-0.1,-1.0,-0.1
3,NONE,-1.0,-0.1,-1.0,-0.1
3,NONE,-1.0,-0.1,-1.0,-0.1
3,NONE,-1.0,-0.1,-1.0,-0.1
3,NONE,-1.0,-0.1,-1.0,-0.1
3,NONE,-1.0,-0.1,-1.0,-0.1
3,NONE,-1.0,-0.1,-1.0,-0.1
3,NONE,-1.0,-0.1,-1.0,-0.1
3,NONE,-1.0,-0.1,-1.0,-0.1
3,NONE,-1.0,-0.1,-1.0,-0.1
3,NONE,-1.0,-0.1,-1.0,-0.1
3,NONE,-1.0,-0.1,-1.0,-0.1
3,NONE,-1.0,-0.1,-1.0,-0.1
3,NONE,-1.0,-0.1,-1.0,-0.1
3,NONE,-1.0,-0.1,-1.0,-0.1
3,NONE,-1.0,-0.1,-1.0,-0.1
3,NONE,-1.0,-0.1,-1.0,-0.1
3,NONE,-1.0,-0.1,-1.0,-0.1
3,NONE,-1.0,-0.1,-1.0,-0.1
3,NONE,-1.0,-0.1,-1.0,-0.1
3,NONE,-1.0,-0.1,-1.0,-0.1
3,NONE,-1.0,-0.1,-1.0,-0.1
3,NONE,-1.0,-0.1,-1.0,-0.1
3,NONE,-1.0,-0.1,-1.0,-0.1
3,NONE,-1.0,-0.1,-1.0,-0.1
3,NONE,-1.0,-0.1,-1.0,-0.1
3,NONE,-1.0,-0.1,-1.0,-0.1
3,NONE,-1.0,-0.1,-1.0,-0.1
3,NONE,-1.0,-0.1,-1.0,-0.1
3,NONE,-1.0,-0.1,-1.0,-0.1
3,NONE,-1.0,-0.1,-1.0,-0.1
3,NONE,-1.0,-0.1,-1.0,-0.1
3,NONE,-1.0,-0.1,-1.0,-0.1
3,NONE,-1.0,-0.1,-1.0,-0.1
2,EV_B13_C008_Mototaxi_Electrica_P04,-1.0,-0.1,8.0,43.97614638807011
1,EV_B13_C008_Mototaxi_Electrica_P04,6.0,74.28410780306749,-1.0,43.97614638807011
1,EV_B13_C008_Mototaxi_Electrica_P04,5.0,74.28410780306749,-1.0,43.97614638807011
1,EV_B13_C008_Mototaxi_Electrica_P04,4.0,74.28410780306749,-1.0,43.97614638807011
1,EV_B13_C008_Mototaxi_Electrica_P04,3.0,74.28410780306749,-1.0,43.97614638807011
1,EV_B13_C008_Mototaxi_Electrica_P04,2.0,74.28410780306749,-1.0,43.97614638807011
1,EV_B13_C008_Mototaxi_Electrica_P04,1.0,74.28410780306749,-1.0,43.97614638807011
1,EV_B13_C008_Mototaxi_Electrica_P04,0.0,74.28410780306749,-1.0,43.97614638807011
3,NONE,-1.0,-0.1,-1.0,-0.1
3,NONE,-1.0,-0.1,-1.0,-0.1
3,NONE,-1.0,-0.1,-1.0,-0.1
3,NONE,-1.0,-0.1,-1.0,-0.1
3,NONE,-1.0,-0.1,-1.0,-0.1
3,NONE,-1.0,-0.1,-1.0,-0.1
3,NONE,-1.0,-0.1,-1.0,-0.1
3,NONE,-1.0,-0.1,-1.0,-0.1
3,NONE,-1.0,-0.1,-1.0,-0.1
3,NONE,-1.0,-0.1,-1.0,-0.1
3,NONE,-1.0,-0.1,-1.0,-0.1
3,NONE,-1.0,-0.1,-1.0,-0.1
3,NONE,-1.0,-0.1,-1.0,-0.1
3,NONE,-1.0,-0.1,-1.0,-0.1
3,NONE,-1.0,-0.1,-1.0,-0.1
3,NONE,-1.0,-0.1,-1.0,-0.1
3,NONE,-1.0,-0.1,-1.0,-0.1
3,NONE,-1.0,-0.1,-1.0,-0.1
3,NONE,-1.0,-0.1,-1.0,-0.1
3,NONE,-1.0,-0.1,-1.0,-0.1
3,NONE,-1.0,-0.1,-1.0,-0.1
3,NONE,-1.0,-0.1,-1.0,-0.1
3,NONE,-1.0,-0.1,-1.0,-0.1
3,NONE,-1.0,-0.1,-1.0,-0.1
3,NONE,-1.0,-0.1,-1.0,-0.1
3,NONE,-1.0,-0.1,-1.0,-0.1
3,NONE,-1.0,-0.1,-1.0,-0.1
3,NONE,-1.0,-0.1,-1.0,-0.1
3,NONE,-1.0,-0.1,-1.0,-0.1
3,NONE,-1.0,-0.1,-1.0,-0.1
3,NONE,-1.0,-0.1,-1.0,-0.1
3,NONE,-1.0,-0.1,-1.0,-0.1
3,NONE,-1.0,-0.1,-1.0,-0.1
3,NONE,-1.0,-0.1,-1.0,-0.1
3,NONE,-1.0,-0.1,-1.0,-0.1
3,NONE,-1.0,-0.1,-1.0,-0.1
3,NONE,-1.0,-0.1,-1.0,-0.1
3,NONE,-1.0,-0.1,-1.0,-0.1
3,NONE,-1.0,-0.1,-1.0,-0.1
3,NONE,-1.0,-0.1,-1.0,-0.1
2,EV_B13_C008_Mototaxi_Electrica_P05,-1.0,-0.1,8.0,40.41648253603739
1,EV_B13_C008_Mototaxi_Electrica_P05,6.0,74.46873801445425,-1.0,40.41648253603739
1,EV_B13_C008_Mototaxi_Electrica_P05,5.0,74.46873801445425,-1.0,40.41648253603739
1,EV_B13_C008_Mototaxi_Electrica_P05,4.0,74.46873801445425,-1.0,40.41648253603739
1,EV_B13_C008_Mototaxi_Electrica_P05,3.0,74.46873801445425,-1.0,40.41648253603739
1,EV_B13_C008_Mototaxi_Electrica_P05,2.0,74.46873801445425,-1.0,40.41648253603739
1,EV_B13_C008_Mototaxi_Electrica_P05,1.0,74.46873801445425,-1.0,40.41648253603739
1,EV_B13_C008_Mototaxi_Electrica_P05,0.0,74.46873801445425,-1.0,40.41648253603739
3,NONE,-1.0,-0.1,-1.0,-0.1
3,NONE,-1.0,-0.1,-1.0,-0.1
3,NONE,-1.0,-0.1,-1.0,-0.1
3,NONE,-1.0,-0.1,-1.0,-0.1
3,NONE,-1.0,-0.1,-1.0,-0.1
3,NONE,-1.0,-0.1,-1.0,-0.1
3,NONE,-1.0,-0.1,-1.0,-0.1
3,NONE,-1.0,-0.1,-1.0,-0.1
3,NONE,-1.0,-0.1,-1.0,-0.1
3,NONE,-1.0,-0.1,-1.0,-0.1
3,NONE,-1.0,-0.1,-1.0,-0.1
3,NONE,-1.0,-0.1,-1.0,-0.1
3,NONE,-1.0,-0.1,-1.0,-0.1
3,NONE,-1.0,-0.1,-1.0,-0.1
3,NONE,-1.0,-0.1,-1.0,-0.1
3,NONE,-1.0,-0.1,-1.0,-0.1
3,NONE,-1.0,-0.1,-1.0,-0.1
3,NONE,-1.0,-0.1,-1.0,-0.1
3,NONE,-1.0,-0.1,-1.0,-0.1
3,NONE,-1.0,-0.1,-1.0,-0.1
3,NONE,-1.0,-0.1,-1.0,-0.1
3,NONE,-1.0,-0.1,-1.0,-0.1
3,NONE,-1.0,-0.1,-1.0,-0.1
3,NONE,-1.0,-0.1,-1.0,-0.1
3,NONE,-1.0,-0.1,-1.0,-0.1
3,NONE,-1.0,-0.1,-1.0,-0.1
3,NONE,-1.0,-0.1,-1.0,-0.1
3,NONE,-1.0,-0.1,-1.0,-0.1
3,NONE,-1.0,-0.1,-1.0,-0.1
3,NONE,-1.0,-0.1,-1.0,-0.1
3,NONE,-1.0,-0.1,-1.0,-0.1
3,NONE,-1.0,-0.1,-1.0,-0.1
3,NONE,-1.0,-0.1,-1.0,-0.1
3,NONE,-1.0,-0.1,-1.0,-0.1
3,NONE,-1.0,-0.1,-1.0,-0.1
3,NONE,-1.0,-0.1,-1.0,-0.1
3,NONE,-1.0,-0.1,-1.0,-0.1
3,NONE,-1.0,-0.1,-1.0,-0.1
3,NONE,-1.0,-0.1,-1.0,-0.1
3,NONE,-1.0,-0.1,-1.0,-0.1
3,NONE,-1.0,-0.1,-1.0,-0.1
3,NONE,-1.0,-0.1,-1.0,-0.1
3,NONE,-1.0,-0.1,-1.0,-0.1
3,NONE,-1.0,-0.1,-1.0,-0.1
3,NONE,-1.0,-0.1,-1.0,-0.1
3,NONE,-1.0,-0.1,-1.0,-0.1
3,NONE,-1.0,-0.1,-1.0,-0.1
3,NONE,-1.0,-0.1,-1.0,-0.1
3,NONE,-1.0,-0.1,-1.0,-0.1
3,NONE,-1.0,-0.1,-1.0,-0.1
3,NONE,-1.0,-0.1,-1.0,-0.1
3,NONE,-1.0,-0.1,-1.0,-0.1
3,NONE,-1.0,-0.1,-1.0,-0.1
3,NONE,-1.0,-0.1,-1.0,-0.1
3,NONE,-1.0,-0.1,-1.0,-0.1
3,NONE,-1.0,-0.1,-1.0,-0.1
3,NONE,-1.0,-0.1,-1.0,-0.1
3,NONE,-1.0,-0.1,-1.0,-0.1
3,NONE,-1.0,-0.1,-1.0,-0.1
3,NONE,-1.0,-0.1,-1.0,-0.1
3,NONE,-1.0,-0.1,-1.0,-0.1
3,NONE,-1.0,-0.1,-1.0,-0.1
3,NONE,-1.0,-0.1,-1.0,-0.1
2,EV_B13_C008_Mototaxi_Electrica_P06,-1.0,-0.1,7.0,37.07262547005773
1,EV_B13_C008_Mototaxi_Electrica_P06,7.0,80.89586771675123,-1.0,37.07262547005773
1,EV_B13_C008_Mototaxi_Electrica_P06,6.0,80.89586771675123,-1.0,37.07262547005773
1,EV_B13_C008_Mototaxi_Electrica_P06,5.0,80.89586771675123,-1.0,37.07262547005773
1,EV_B13_C008_Mototaxi_Electrica_P06,4.0,80.89586771675123,-1.0,37.07262547005773
1,EV_B13_C008_Mototaxi_Electrica_P06,3.0,80.89586771675123,-1.0,37.07262547005773
1,EV_B13_C008_Mototaxi_Electrica_P06,2.0,80.89586771675123,-1.0,37.07262547005773
1,EV_B13_C008_Mototaxi_Electrica_P06,1.0,80.89586771675123,-1.0,37.07262547005773
1,EV_B13_C008_Mototaxi_Electrica_P06,0.0,80.89586771675123,-1.0,37.07262547005773
3,NONE,-1.0,-0.1,-1.0,-0.1
3,NONE,-1.0,-0.1,-1.0,-0.1
3,NONE,-1.0,-0.1,-1.0,-0.1
3,NONE,-1.0,-0.1,-1.0,-0.1
3,NONE,-1.0,-0.1,-1.0,-0.1
3,NONE,-1.0,-0.1,-1.0,-0.1
3,NONE,-1.0,-0.1,-1.0,-0.1
3,NONE,-1.0,-0.1,-1.0,-0.1
3,NONE,-1.0,-0.1,-1.0,-0.1
3,NONE,-1.0,-0.1,-1.0,-0.1
3,NONE,-1.0,-0.1,-1.0,-0.1
3,NONE,-1.0,-0.1,-1.0,-0.1
3,NONE,-1.0,-0.1,-1.0,-0.1
3,NONE,-1.0,-0.1,-1.0,-0.1
3,NONE,-1.0,-0.1,-1.0,-0.1
3,NONE,-1.0,-0.1,-1.0,-0.1
3,NONE,-1.0,-0.1,-1.0,-0.1
2,EV_B13_C008_Mototaxi_Electrica_P07,-1.0,-0.1,9.0,23.70830565169468
1,EV_B13_C008_Mototaxi_Electrica_P07,5.0,70.63039034138625,-1.0,23.70830565169468
1,EV_B13_C008_Mototaxi_Electrica_P07,4.0,70.63039034138625,-1.0,23.70830565169468
1,EV_B13_C008_Mototaxi_Electrica_P07,3.0,70.63039034138625,-1.0,23.70830565169468
1,EV_B13_C008_Mototaxi_Electrica_P07,2.0,70.63039034138625,-1.0,23.70830565169468
1,EV_B13_C008_Mototaxi_Electrica_P07,1.0,70.63039034138625,-1.0,23.70830565169468
1,EV_B13_C008_Mototaxi_Electrica_P07,0.0,70.63039034138625,-1.0,23.70830565169468
3,NONE,-1.0,-0.1,-1.0,-0.1
3,NONE,-1.0,-0.1,-1.0,-0.1
3,NONE,-1.0,-0.1,-1.0,-0.1
3,NONE,-1.0,-0.1,-1.0,-0.1
3,NONE,-1.0,-0.1,-1.0,-0.1
3,NONE,-1.0,-0.1,-1.0,-0.1
3,NONE,-1.0,-0.1,-1.0,-0.1
3,NONE,-1.0,-0.1,-1.0,-0.1
3,NONE,-1.0,-0.1,-1.0,-0.1
3,NONE,-1.0,-0.1,-1.0,-0.1
3,NONE,-1.0,-0.1,-1.0,-0.1
3,NONE,-1.0,-0.1,-1.0,-0.1
3,NONE,-1.0,-0.1,-1.0,-0.1
3,NONE,-1.0,-0.1,-1.0,-0.1
3,NONE,-1.0,-0.1,-1.0,-0.1
3,NONE,-1.0,-0.1,-1.0,-0.1
3,NONE,-1.0,-0.1,-1.0,-0.1
3,NONE,-1.0,-0.1,-1.0,-0.1
2,EV_B13_C008_Mototaxi_Electrica_P08,-1.0,-0.1,10.0,23.28585371535778
1,EV_B13_C008_Mototaxi_Electrica_P08,4.0,83.16968159036686,-1.0,23.28585371535778
1,EV_B13_C008_Mototaxi_Electrica_P08,3.0,83.16968159036686,-1.0,23.28585371535778
1,EV_B13_C008_Mototaxi_Electrica_P08,2.0,83.16968159036686,-1.0,23.28585371535778
1,EV_B13_C008_Mototaxi_Electrica_P08,1.0,83.16968159036686,-1.0,23.28585371535778
1,EV_B13_C008_Mototaxi_Electrica_P08,0.0,83.16968159036686,-1.0,23.28585371535778
3,NONE,-1.0,-0.1,-1.0,-0.1
3,NONE,-1.0,-0.1,-1.0,-0.1
3,NONE,-1.0,-0.1,-1.0,-0.1
3,NONE,-1.0,-0.1,-1.0,-0.1
3,NONE,-1.0,-0.1,-1.0,-0.1
3,NONE,-1.0,-0.1,-1.0,-0.1
3,NONE,-1.0,-0.1,-1.0,-0.1
3,NONE,-1.0,-0.1,-1.0,-0.1
3,NONE,-1.0,-0.1,-1.0,-0.1
3,NONE,-1.0,-0.1,-1.0,-0.1
3,NONE,-1.0,-0.1,-1.0,-0.1
3,NONE,-1.0,-0.1,-1.0,-0.1
3,NONE,-1.0,-0.1,-1.0,-0.1
3,NONE,-1.0,-0.1,-1.0,-0.1
3,NONE,-1.0,-0.1,-1.0,-0.1
3,NONE,-1.0,-0.1,-1.0,-0.1
3,NONE,-1.0,-0.1,-1.0,-0.1
2,EV_B13_C008_Mototaxi_Electrica_P09,-1.0,-0.1,9.0,47.938335794000956
1,EV_B13_C008_Mototaxi_Electrica_P09,5.0,81.31175795315393,-1.0,47.938335794000956
1,EV_B13_C008_Mototaxi_Electrica_P09,4.0,81.31175795315393,-1.0,47.938335794000956
1,EV_B13_C008_Mototaxi_Electrica_P09,3.0,81.31175795315393,-1.0,47.938335794000956
1,EV_B13_C008_Mototaxi_Electrica_P09,2.0,81.31175795315393,-1.0,47.938335794000956
1,EV_B13_C008_Mototaxi_Electrica_P09,1.0,81.31175795315393,-1.0,47.938335794000956
1,EV_B13_C008_Mototaxi_Electrica_P09,0.0,81.31175795315393,-1.0,47.938335794000956
3,NONE,-1.0,-0.1,-1.0,-0.1
3,NONE,-1.0,-0.1,-1.0,-0.1
3,NONE,-1.0,-0.1,-1.0,-0.1
3,NONE,-1.0,-0.1,-1.0,-0.1
3,NONE,-1.0,-0.1,-1.0,-0.1
3,NONE,-1.0,-0.1,-1.0,-0.1
3,NONE,-1.0,-0.1,-1.0,-0.1
3,NONE,-1.0,-0.1,-1.0,-0.1
3,NONE,-1.0,-0.1,-1.0,-0.1
3,NONE,-1.0,-0.1,-1.0,-0.1
3,NONE,-1.0,-0.1,-1.0,-0.1
3,NONE,-1.0,-0.1,-1.0,-0.1
3,NONE,-1.0,-0.1,-1.0,-0.1
3,NONE,-1.0,-0.1,-1.0,-0.1
3,NONE,-1.0,-0.1,-1.0,-0.1
3,NONE,-1.0,-0.1,-1.0,-0.1
2,EV_B13_C008_Mototaxi_Electrica_P10,-1.0,-0.1,8.0,20.320297287919107
1,EV_B13_C008_Mototaxi_Electrica_P10,6.0,83.30283619363128,-1.0,20.320297287919107
1,EV_B13_C008_Mototaxi_Electrica_P10,5.0,83.30283619363128,-1.0,20.320297287919107
1,EV_B13_C008_Mototaxi_Electrica_P10,4.0,83.30283619363128,-1.0,20.320297287919107
1,EV_B13_C008_Mototaxi_Electrica_P10,3.0,83.30283619363128,-1.0,20.320297287919107
1,EV_B13_C008_Mototaxi_Electrica_P10,2.0,83.30283619363128,-1.0,20.320297287919107
1,EV_B13_C008_Mototaxi_Electrica_P10,1.0,83.30283619363128,-1.0,20.320297287919107
1,EV_B13_C008_Mototaxi_Electrica_P10,0.0,83.30283619363128,-1.0,20.320297287919107
3,NONE,-1.0,-0.1,-1.0,-0.1
3,NONE,-1.0,-0.1,-1.0,-0.1
3,NONE,-1.0,-0.1,-1.0,-0.1
3,NONE,-1.0,-0.1,-1.0,-0.1
3,NONE,-1.0,-0.1,-1.0,-0.1
3,NONE,-1.0,-0.1,-1.0,-0.1
3,NONE,-1.0,-0.1,-1.0,-0.1
3,NONE,-1.0,-0.1,-1.0,-0.1
3,NONE,-1.0,-0.1,-1.0,-0.1
3,NONE,-1.0,-0.1,-1.0,-0.1
3,NONE,-1.0,-0.1,-1.0,-0.1
3,NONE,-1.0,-0.1,-1.0,-0.1
3,NONE,-1.0,-0.1,-1.0,-0.1
3,NONE,-1.0,-0.1,-1.0,-0.1
3,NONE,-1.0,-0.1,-1.0,-0.1
3,NONE,-1.0,-0.1,-1.0,-0.1
3,NONE,-1.0,-0.1,-1.0,-0.1
3,NONE,-1.0,-0.1,-1.0,-0.1
3,NONE,-1.0,-0.1,-1.0,-0.1
3,NONE,-1.0,-0.1,-1.0,-0.1
3,NONE,-1.0,-0.1,-1.0,-0.1
3,NONE,-1.0,-0.1,-1.0,-0.1
3,NONE,-1.0,-0.1,-1.0,-0.1
3,NONE,-1.0,-0.1,-1.0,-0.1
3,NONE,-1.0,-0.1,-1.0,-0.1
3,NONE,-1.0,-0.1,-1.0,-0.1
3,NONE,-1.0,-0.1,-1.0,-0.1
3,NONE,-1.0,-0.1,-1.0,-0.1
3,NONE,-1.0,-0.1,-1.0,-0.1
3,NONE,-1.0,-0.1,-1.0,-0.1
3,NONE,-1.0,-0.1,-1.0,-0.1
3,NONE,-1.0,-0.1,-1.0,-0.1
3,NONE,-1.0,-0.1,-1.0,-0.1
3,NONE,-1.0,-0.1,-1.0,-0.1
3,NONE,-1.0,-0.1,-1.0,-0.1
3,NONE,-1.0,-0.1,-1.0,-0.1
3,NONE,-1.0,-0.1,-1.0,-0.1
3,NONE,-1.0,-0.1,-1.0,-0.1
3,NONE,-1.0,-0.1,-1.0,-0.1
3,NONE,-1.0,-0.1,-1.0,-0.1
3,NONE,-1.0,-0.1,-1.0,-0.1
3,NONE,-1.0,-0.1,-1.0,-0.1
3,NONE,-1.0,-0.1,-1.0,-0.1
3,NONE,-1.0,-0.1,-1.0,-0.1
3,NONE,-1.0,-0.1,-1.0,-0.1
3,NONE,-1.0,-0.1,-1.0,-0.1
3,NONE,-1.0,-0.1,-1.0,-0.1
3,NONE,-1.0,-0.1,-1.0,-0.1
3,NONE,-1.0,-0.1,-1.0,-0.1
3,NONE,-1.0,-0.1,-1.0,-0.1
3,NONE,-1.0,-0.1,-1.0,-0.1
3,NONE,-1.0,-0.1,-1.0,-0.1
3,NONE,-1.0,-0.1,-1.0,-0.1
3,NONE,-1.0,-0.1,-1.0,-0.1
3,NONE,-1.0,-0.1,-1.0,-0.1
3,NONE,-1.0,-0.1,-1.0,-0.1
3,NONE,-1.0,-0.1,-1.0,-0.1
3,NONE,-1.0,-0.1,-1.0,-0.1
3,NONE,-1.0,-0.1,-1.0,-0.1
3,NONE,-1.0,-0.1,-1.0,-0.1
3,NONE,-1.0,-0.1,-1.0,-0.1
3,NONE,-1.0,-0.1,-1.0,-0.1
3,NONE,-1.0,-0.1,-1.0,-0.1
3,NONE,-1.0,-0.1,-1.0,-0.1
3,NONE,-1.0,-0.1,-1.0,-0.1
3,NONE,-1.0,-0.1,-1.0,-0.1
3,NONE,-1.0,-0.1,-1.0,-0.1
3,NONE,-1.0,-0.1,-1.0,-0.1
3,NONE,-1.0,-0.1,-1.0,-0.1
3,NONE,-1.0,-0.1,-1.0,-0.1
3,NONE,-1.0,-0.1,-1.0,-0.1
3,NONE,-1.0,-0.1,-1.0,-0.1
3,NONE,-1.0,-0.1,-1.0,-0.1
3,NONE,-1.0,-0.1,-1.0,-0.1
3,NONE,-1.0,-0.1,-1.0,-0.1
3,NONE,-1.0,-0.1,-1.0,-0.1
3,NONE,-1.0,-0.1,-1.0,-0.1
3,NONE,-1.0,-0.1,-1.0,-0.1
3,NONE,-1.0,-0.1,-1.0,-0.1
3,NONE,-1.0,-0.1,-1.0,-0.1
3,NONE,-1.0,-0.1,-1.0,-0.1
3,NONE,-1.0,-0.1,-1.0,-0.1
3,NONE,-1.0,-0.1,-1.0,-0.1
3,NONE,-1.0,-0.1,-1.0,-0.1
3,NONE,-1.0,-0.1,-1.0,-0.1
3,NONE,-1.0,-0.1,-1.0,-0.1
3,NONE,-1.0,-0.1,-1.0,-0.1
3,NONE,-1.0,-0.1,-1.0,-0.1
2,EV_B13_C008_Mototaxi_Electrica_P01,-1.0,-0.1,8.0,21.786815467560146
1,EV_B13_C008_Mototaxi_Electrica_P01,6.0,67.95631354123418,-1.0,21.786815467560146
1,EV_B13_C008_Mototaxi_Electrica_P01,5.0,67.95631354123418,-1.0,21.786815467560146
1,EV_B13_C008_Mototaxi_Electrica_P01,4.0,67.95631354123418,-1.0,21.786815467560146
1,EV_B13_C008_Mototaxi_Electrica_P01,3.0,67.95631354123418,-1.0,21.786815467560146
1,EV_B13_C008_Mototaxi_Electrica_P01,2.0,67.95631354123418,-1.0,21.786815467560146
1,EV_B13_C008_Mototaxi_Electrica_P01,1.0,67.95631354123418,-1.0,21.786815467560146
1,EV_B13_C008_Mototaxi_Electrica_P01,0.0,67.95631354123418,-1.0,21.786815467560146
3,NONE,-1.0,-0.1,-1.0,-0.1
3,NONE,-1.0,-0.1,-1.0,-0.1
3,NONE,-1.0,-0.1,-1.0,-0.1
3,NONE,-1.0,-0.1,-1.0,-0.1
3,NONE,-1.0,-0.1,-1.0,-0.1
3,NONE,-1.0,-0.1,-1.0,-0.1
3,NONE,-1.0,-0.1,-1.0,-0.1
3,NONE,-1.0,-0.1,-1.0,-0.1
3,NONE,-1.0,-0.1,-1.0,-0.1
3,NONE,-1.0,-0.1,-1.0,-0.1
3,NONE,-1.0,-0.1,-1.0,-0.1
3,NONE,-1.0,-0.1,-1.0,-0.1
3,NONE,-1.0,-0.1,-1.0,-0.1
3,NONE,-1.0,-0.1,-1.0,-0.1
3,NONE,-1.0,-0.1,-1.0,-0.1
2,EV_B13_C008_Mototaxi_Electrica_P02,-1.0,-0.1,7.0,37.96463073905351
1,EV_B13_C008_Mototaxi_Electrica_P02,7.0,86.73814247712093,-1.0,37.96463073905351
1,EV_B13_C008_Mototaxi_Electrica_P02,6.0,86.73814247712093,-1.0,37.96463073905351
1,EV_B13_C008_Mototaxi_Electrica_P02,5.0,86.73814247712093,-1.0,37.96463073905351
1,EV_B13_C008_Mototaxi_Electrica_P02,4.0,86.73814247712093,-1.0,37.96463073905351
1,EV_B13_C008_Mototaxi_Electrica_P02,3.0,86.73814247712093,-1.0,37.96463073905351
1,EV_B13_C008_Mototaxi_Electrica_P02,2.0,86.73814247712093,-1.0,37.96463073905351
1,EV_B13_C008_Mototaxi_Electrica_P02,1.0,86.73814247712093,-1.0,37.96463073905351
1,EV_B13_C008_Mototaxi_Electrica_P02,0.0,86.73814247712093,-1.0,37.96463073905351
3,NONE,-1.0,-0.1,-1.0,-0.1
3,NONE,-1.0,-0.1,-1.0,-0.1
3,NONE,-1.0,-0.1,-1.0,-0.1
3,NONE,-1.0,-0.1,-1.0,-0.1
3,NONE,-1.0,-0.1,-1.0,-0.1
3,NONE,-1.0,-0.1,-1.0,-0.1
3,NONE,-1.0,-0.1,-1.0,-0.1
3,NONE,-1.0,-0.1,-1.0,-0.1
3,NONE,-1.0,-0.1,-1.0,-0.1
3,NONE,-1.0,-0.1,-1.0,-0.1
3,NONE,-1.0,-0.1,-1.0,-0.1
3,NONE,-1.0,-0.1,-1.0,-0.1
3,NONE,-1.0,-0.1,-1.0,-0.1
3,NONE,-1.0,-0.1,-1.0,-0.1
3,NONE,-1.0,-0.1,-1.0,-0.1
3,NONE,-1.0,-0.1,-1.0,-0.1
2,EV_B13_C008_Mototaxi_Electrica_P03,-1.0,-0.1,8.0,48.19108932087768
1,EV_B13_C008_Mototaxi_Electrica_P03,6.0,75.06400616756616,-1.0,48.19108932087768
1,EV_B13_C008_Mototaxi_Electrica_P03,5.0,75.06400616756616,-1.0,48.19108932087768
1,EV_B13_C008_Mototaxi_Electrica_P03,4.0,75.06400616756616,-1.0,48.19108932087768
1,EV_B13_C008_Mototaxi_Electrica_P03,3.0,75.06400616756616,-1.0,48.19108932087768
1,EV_B13_C008_Mototaxi_Electrica_P03,2.0,75.06400616756616,-1.0,48.19108932087768
1,EV_B13_C008_Mototaxi_Electrica_P03,1.0,75.06400616756616,-1.0,48.19108932087768
1,EV_B13_C008_Mototaxi_Electrica_P03,0.0,75.06400616756616,-1.0,48.19108932087768
3,NONE,-1.0,-0.1,-1.0,-0.1
3,NONE,-1.0,-0.1,-1.0,-0.1
3,NONE,-1.0,-0.1,-1.0,-0.1
3,NONE,-1.0,-0.1,-1.0,-0.1
3,NONE,-1.0,-0.1,-1.0,-0.1
3,NONE,-1.0,-0.1,-1.0,-0.1
3,NONE,-1.0,-0.1,-1.0,-0.1
3,NONE,-1.0,-0.1,-1.0,-0.1
3,NONE,-1.0,-0.1,-1.0,-0.1
3,NONE,-1.0,-0.1,-1.0,-0.1
3,NONE,-1.0,-0.1,-1.0,-0.1
3,NONE,-1.0,-0.1,-1.0,-0.1
3,NONE,-1.0,-0.1,-1.0,-0.1
3,NONE,-1.0,-0.1,-1.0,-0.1
3,NONE,-1.0,-0.1,-1.0,-0.1
3,NONE,-1.0,-0.1,-1.0,-0.1
3,NONE,-1.0,-0.1,-1.0,-0.1
2,EV_B13_C008_Mototaxi_Electrica_P04,-1.0,-0.1,9.0,32.469934630950334
1,EV_B13_C008_Mototaxi_Electrica_P04,5.0,83.46434832066633,-1.0,32.469934630950334
1,EV_B13_C008_Mototaxi_Electrica_P04,4.0,83.46434832066633,-1.0,32.469934630950334
1,EV_B13_C008_Mototaxi_Electrica_P04,3.0,83.46434832066633,-1.0,32.469934630950334
1,EV_B13_C008_Mototaxi_Electrica_P04,2.0,83.46434832066633,-1.0,32.469934630950334
1,EV_B13_C008_Mototaxi_Electrica_P04,1.0,83.46434832066633,-1.0,32.469934630950334
1,EV_B13_C008_Mototaxi_Electrica_P04,0.0,83.46434832066633,-1.0,32.469934630950334
3,NONE,-1.0,-0.1,-1.0,-0.1
3,NONE,-1.0,-0.1,-1.0,-0.1
3,NONE,-1.0,-0.1,-1.0,-0.1
3,NONE,-1.0,-0.1,-1.0,-0.1
3,NONE,-1.0,-0.1,-1.0,-0.1
3,NONE,-1.0,-0.1,-1.0,-0.1
3,NONE,-1.0,-0.1,-1.0,-0.1
3,NONE,-1.0,-0.1,-1.0,-0.1
3,NONE,-1.0,-0.1,-1.0,-0.1
3,NONE,-1.0,-0.1,-1.0,-0.1
3,NONE,-1.0,-0.1,-1.0,-0.1
3,NONE,-1.0,-0.1,-1.0,-0.1
3,NONE,-1.0,-0.1,-1.0,-0.1
3,NONE,-1.0,-0.1,-1.0,-0.1
3,NONE,-1.0,-0.1,-1.0,-0.1
3,NONE,-1.0,-0.1,-1.0,-0.1
3,NONE,-1.0,-0.1,-1.0,-0.1
3,NONE,-1.0,-0.1,-1.0,-0.1
3,NONE,-1.0,-0.1,-1.0,-0.1
3,NONE,-1.0,-0.1,-1.0,-0.1
3,NONE,-1.0,-0.1,-1.0,-0.1
3,NONE,-1.0,-0.1,-1.0,-0.1
3,NONE,-1.0,-0.1,-1.0,-0.1
3,NONE,-1.0,-0.1,-1.0,-0.1
3,NONE,-1.0,-0.1,-1.0,-0.1
3,NONE,-1.0,-0.1,-1.0,-0.1
3,NONE,-1.0,-0.1,-1.0,-0.1
3,NONE,-1.0,-0.1,-1.0,-0.1
3,NONE,-1.0,-0.1,-1.0,-0.1
3,NONE,-1.0,-0.1,-1.0,-0.1
3,NONE,-1.0,-0.1,-1.0,-0.1
3,NONE,-1.0,-0.1,-1.0,-0.1
3,NONE,-1.0,-0.1,-1.0,-0.1
3,NONE,-1.0,-0.1,-1.0,-0.1
3,NONE,-1.0,-0.1,-1.0,-0.1
3,NONE,-1.0,-0.1,-1.0,-0.1
3,NONE,-1.0,-0.1,-1.0,-0.1
3,NONE,-1.0,-0.1,-1.0,-0.1
3,NONE,-1.0,-0.1,-1.0,-0.1
3,NONE,-1.0,-0.1,-1.0,-0.1
3,NONE,-1.0,-0.1,-1.0,-0.1
3,NONE,-1.0,-0.1,-1.0,-0.1
3,NONE,-1.0,-0.1,-1.0,-0.1
3,NONE,-1.0,-0.1,-1.0,-0.1
3,NONE,-1.0,-0.1,-1.0,-0.1
3,NONE,-1.0,-0.1,-1.0,-0.1
3,NONE,-1.0,-0.1,-1.0,-0.1
3,NONE,-1.0,-0.1,-1.0,-0.1
3,NONE,-1.0,-0.1,-1.0,-0.1
3,NONE,-1.0,-0.1,-1.0,-0.1
3,NONE,-1.0,-0.1,-1.0,-0.1
3,NONE,-1.0,-0.1,-1.0,-0.1
3,NONE,-1.0,-0.1,-1.0,-0.1
3,NONE,-1.0,-0.1,-1.0,-0.1
3,NONE,-1.0,-0.1,-1.0,-0.1
3,NONE,-1.0,-0.1,-1.0,-0.1
3,NONE,-1.0,-0.1,-1.0,-0.1
3,NONE,-1.0,-0.1,-1.0,-0.1
3,NONE,-1.0,-0.1,-1.0,-0.1
3,NONE,-1.0,-0.1,-1.0,-0.1
3,NONE,-1.0,-0.1,-1.0,-0.1
3,NONE,-1.0,-0.1,-1.0,-0.1
3,NONE,-1.0,-0.1,-1.0,-0.1
3,NONE,-1.0,-0.1,-1.0,-0.1
3,NONE,-1.0,-0.1,-1.0,-0.1
3,NONE,-1.0,-0.1,-1.0,-0.1
3,NONE,-1.0,-0.1,-1.0,-0.1
2,EV_B13_C008_Mototaxi_Electrica_P05,-1.0,-0.1,11.0,42.509781192422345
1,EV_B13_C008_Mototaxi_Electrica_P05,3.0,86.43944789847943,-1.0,42.509781192422345
1,EV_B13_C008_Mototaxi_Electrica_P05,2.0,86.43944789847943,-1.0,42.509781192422345
1,EV_B13_C008_Mototaxi_Electrica_P05,1.0,86.43944789847943,-1.0,42.509781192422345
1,EV_B13_C008_Mototaxi_Electrica_P05,0.0,86.43944789847943,-1.0,42.509781192422345
3,NONE,-1.0,-0.1,-1.0,-0.1
3,NONE,-1.0,-0.1,-1.0,-0.1
3,NONE,-1.0,-0.1,-1.0,-0.1
3,NONE,-1.0,-0.1,-1.0,-0.1
3,NONE,-1.0,-0.1,-1.0,-0.1
3,NONE,-1.0,-0.1,-1.0,-0.1
3,NONE,-1.0,-0.1,-1.0,-0.1
3,NONE,-1.0,-0.1,-1.0,-0.1
3,NONE,-1.0,-0.1,-1.0,-0.1
3,NONE,-1.0,-0.1,-1.0,-0.1
3,NONE,-1.0,-0.1,-1.0,-0.1
3,NONE,-1.0,-0.1,-1.0,-0.1
3,NONE,-1.0,-0.1,-1.0,-0.1
3,NONE,-1.0,-0.1,-1.0,-0.1
3,NONE,-1.0,-0.1,-1.0,-0.1
3,NONE,-1.0,-0.1,-1.0,-0.1
3,NONE,-1.0,-0.1,-1.0,-0.1
3,NONE,-1.0,-0.1,-1.0,-0.1
3,NONE,-1.0,-0.1,-1.0,-0.1
3,NONE,-1.0,-0.1,-1.0,-0.1
3,NONE,-1.0,-0.1,-1.0,-0.1
3,NONE,-1.0,-0.1,-1.0,-0.1
3,NONE,-1.0,-0.1,-1.0,-0.1
3,NONE,-1.0,-0.1,-1.0,-0.1
3,NONE,-1.0,-0.1,-1.0,-0.1
3,NONE,-1.0,-0.1,-1.0,-0.1
3,NONE,-1.0,-0.1,-1.0,-0.1
3,NONE,-1.0,-0.1,-1.0,-0.1
3,NONE,-1.0,-0.1,-1.0,-0.1
3,NONE,-1.0,-0.1,-1.0,-0.1
3,NONE,-1.0,-0.1,-1.0,-0.1
3,NONE,-1.0,-0.1,-1.0,-0.1
3,NONE,-1.0,-0.1,-1.0,-0.1
3,NONE,-1.0,-0.1,-1.0,-0.1
3,NONE,-1.0,-0.1,-1.0,-0.1
3,NONE,-1.0,-0.1,-1.0,-0.1
3,NONE,-1.0,-0.1,-1.0,-0.1
3,NONE,-1.0,-0.1,-1.0,-0.1
3,NONE,-1.0,-0.1,-1.0,-0.1
3,NONE,-1.0,-0.1,-1.0,-0.1
3,NONE,-1.0,-0.1,-1.0,-0.1
3,NONE,-1.0,-0.1,-1.0,-0.1
3,NONE,-1.0,-0.1,-1.0,-0.1
3,NONE,-1.0,-0.1,-1.0,-0.1
3,NONE,-1.0,-0.1,-1.0,-0.1
3,NONE,-1.0,-0.1,-1.0,-0.1
3,NONE,-1.0,-0.1,-1.0,-0.1
3,NONE,-1.0,-0.1,-1.0,-0.1
3,NONE,-1.0,-0.1,-1.0,-0.1
3,NONE,-1.0,-0.1,-1.0,-0.1
3,NONE,-1.0,-0.1,-1.0,-0.1
3,NONE,-1.0,-0.1,-1.0,-0.1
3,NONE,-1.0,-0.1,-1.0,-0.1
3,NONE,-1.0,-0.1,-1.0,-0.1
3,NONE,-1.0,-0.1,-1.0,-0.1
3,NONE,-1.0,-0.1,-1.0,-0.1
3,NONE,-1.0,-0.1,-1.0,-0.1
3,NONE,-1.0,-0.1,-1.0,-0.1
3,NONE,-1.0,-0.1,-1.0,-0.1
3,NONE,-1.0,-0.1,-1.0,-0.1
3,NONE,-1.0,-0.1,-1.0,-0.1
3,NONE,-1.0,-0.1,-1.0,-0.1
3,NONE,-1.0,-0.1,-1.0,-0.1
2,EV_B13_C008_Mototaxi_Electrica_P06,-1.0,-0.1,7.0,47.609470442534764
1,EV_B13_C008_Mototaxi_Electrica_P06,7.0,80.33732774241217,-1.0,47.609470442534764
1,EV_B13_C008_Mototaxi_Electrica_P06,6.0,80.33732774241217,-1.0,47.609470442534764
1,EV_B13_C008_Mototaxi_Electrica_P06,5.0,80.33732774241217,-1.0,47.609470442534764
1,EV_B13_C008_Mototaxi_Electrica_P06,4.0,80.33732774241217,-1.0,47.609470442534764
1,EV_B13_C008_Mototaxi_Electrica_P06,3.0,80.33732774241217,-1.0,47.609470442534764
1,EV_B13_C008_Mototaxi_Electrica_P06,2.0,80.33732774241217,-1.0,47.609470442534764
1,EV_B13_C008_Mototaxi_Electrica_P06,1.0,80.33732774241217,-1.0,47.609470442534764
1,EV_B13_C008_Mototaxi_Electrica_P06,0.0,80.33732774241217,-1.0,47.609470442534764
3,NONE,-1.0,-0.1,-1.0,-0.1
3,NONE,-1.0,-0.1,-1.0,-0.1
3,NONE,-1.0,-0.1,-1.0,-0.1
3,NONE,-1.0,-0.1,-1.0,-0.1
3,NONE,-1.0,-0.1,-1.0,-0.1
3,NONE,-1.0,-0.1,-1.0,-0.1
3,NONE,-1.0,-0.1,-1.0,-0.1
3,NONE,-1.0,-0.1,-1.0,-0.1
3,NONE,-1.0,-0.1,-1.0,-0.1
3,NONE,-1.0,-0.1,-1.0,-0.1
3,NONE,-1.0,-0.1,-1.0,-0.1
3,NONE,-1.0,-0.1,-1.0,-0.1
3,NONE,-1.0,-0.1,-1.0,-0.1
3,NONE,-1.0,-0.1,-1.0,-0.1
3,NONE,-1.0,-0.1,-1.0,-0.1
3,NONE,-1.0,-0.1,-1.0,-0.1
3,NONE,-1.0,-0.1,-1.0,-0.1
3,NONE,-1.0,-0.1,-1.0,-0.1
2,EV_B13_C008_Mototaxi_Electrica_P07,-1.0,-0.1,10.0,39.07303952527121
1,EV_B13_C008_Mototaxi_Electrica_P07,4.0,76.75606597840459,-1.0,39.07303952527121
1,EV_B13_C008_Mototaxi_Electrica_P07,3.0,76.75606597840459,-1.0,39.07303952527121
1,EV_B13_C008_Mototaxi_Electrica_P07,2.0,76.75606597840459,-1.0,39.07303952527121
1,EV_B13_C008_Mototaxi_Electrica_P07,1.0,76.75606597840459,-1.0,39.07303952527121
1,EV_B13_C008_Mototaxi_Electrica_P07,0.0,76.75606597840459,-1.0,39.07303952527121
3,NONE,-1.0,-0.1,-1.0,-0.1
3,NONE,-1.0,-0.1,-1.0,-0.1
3,NONE,-1.0,-0.1,-1.0,-0.1
3,NONE,-1.0,-0.1,-1.0,-0.1
3,NONE,-1.0,-0.1,-1.0,-0.1
3,NONE,-1.0,-0.1,-1.0,-0.1
3,NONE,-1.0,-0.1,-1.0,-0.1
3,NONE,-1.0,-0.1,-1.0,-0.1
3,NONE,-1.0,-0.1,-1.0,-0.1
3,NONE,-1.0,-0.1,-1.0,-0.1
3,NONE,-1.0,-0.1,-1.0,-0.1
3,NONE,-1.0,-0.1,-1.0,-0.1
3,NONE,-1.0,-0.1,-1.0,-0.1
3,NONE,-1.0,-0.1,-1.0,-0.1
3,NONE,-1.0,-0.1,-1.0,-0.1
3,NONE,-1.0,-0.1,-1.0,-0.1
3,NONE,-1.0,-0.1,-1.0,-0.1
3,NONE,-1.0,-0.1,-1.0,-0.1
3,NONE,-1.0,-0.1,-1.0,-0.1
3,NONE,-1.0,-0.1,-1.0,-0.1
3,NONE,-1.0,-0.1,-1.0,-0.1
3,NONE,-1.0,-0.1,-1.0,-0.1
3,NONE,-1.0,-0.1,-1.0,-0.1
3,NONE,-1.0,-0.1,-1.0,-0.1
3,NONE,-1.0,-0.1,-1.0,-0.1
3,NONE,-1.0,-0.1,-1.0,-0.1
3,NONE,-1.0,-0.1,-1.0,-0.1
3,NONE,-1.0,-0.1,-1.0,-0.1
3,NONE,-1.0,-0.1,-1.0,-0.1
3,NONE,-1.0,-0.1,-1.0,-0.1
3,NONE,-1.0,-0.1,-1.0,-0.1
3,NONE,-1.0,-0.1,-1.0,-0.1
3,NONE,-1.0,-0.1,-1.0,-0.1
3,NONE,-1.0,-0.1,-1.0,-0.1
3,NONE,-1.0,-0.1,-1.0,-0.1
3,NONE,-1.0,-0.1,-1.0,-0.1
3,NONE,-1.0,-0.1,-1.0,-0.1
3,NONE,-1.0,-0.1,-1.0,-0.1
3,NONE,-1.0,-0.1,-1.0,-0.1
3,NONE,-1.0,-0.1,-1.0,-0.1
3,NONE,-1.0,-0.1,-1.0,-0.1
3,NONE,-1.0,-0.1,-1.0,-0.1
3,NONE,-1.0,-0.1,-1.0,-0.1
3,NONE,-1.0,-0.1,-1.0,-0.1
3,NONE,-1.0,-0.1,-1.0,-0.1
3,NONE,-1.0,-0.1,-1.0,-0.1
3,NONE,-1.0,-0.1,-1.0,-0.1
3,NONE,-1.0,-0.1,-1.0,-0.1
3,NONE,-1.0,-0.1,-1.0,-0.1
3,NONE,-1.0,-0.1,-1.0,-0.1
3,NONE,-1.0,-0.1,-1.0,-0.1
3,NONE,-1.0,-0.1,-1.0,-0.1
3,NONE,-1.0,-0.1,-1.0,-0.1
3,NONE,-1.0,-0.1,-1.0,-0.1
3,NONE,-1.0,-0.1,-1.0,-0.1
3,NONE,-1.0,-0.1,-1.0,-0.1
3,NONE,-1.0,-0.1,-1.0,-0.1
3,NONE,-1.0,-0.1,-1.0,-0.1
3,NONE,-1.0,-0.1,-1.0,-0.1
3,NONE,-1.0,-0.1,-1.0,-0.1
3,NONE,-1.0,-0.1,-1.0,-0.1
3,NONE,-1.0,-0.1,-1.0,-0.1
3,NONE,-1.0,-0.1,-1.0,-0.1
3,NONE,-1.0,-0.1,-1.0,-0.1
3,NONE,-1.0,-0.1,-1.0,-0.1
2,EV_B13_C008_Mototaxi_Electrica_P08,-1.0,-0.1,9.0,43.37486842600988
1,EV_B13_C008_Mototaxi_Electrica_P08,5.0,84.92954093616599,-1.0,43.37486842600988
1,EV_B13_C008_Mototaxi_Electrica_P08,4.0,84.92954093616599,-1.0,43.37486842600988
1,EV_B13_C008_Mototaxi_Electrica_P08,3.0,84.92954093616599,-1.0,43.37486842600988
1,EV_B13_C008_Mototaxi_Electrica_P08,2.0,84.92954093616599,-1.0,43.37486842600988
1,EV_B13_C008_Mototaxi_Electrica_P08,1.0,84.92954093616599,-1.0,43.37486842600988
1,EV_B13_C008_Mototaxi_Electrica_P08,0.0,84.92954093616599,-1.0,43.37486842600988
3,NONE,-1.0,-0.1,-1.0,-0.1
3,NONE,-1.0,-0.1,-1.0,-0.1
3,NONE,-1.0,-0.1,-1.0,-0.1
3,NONE,-1.0,-0.1,-1.0,-0.1
3,NONE,-1.0,-0.1,-1.0,-0.1
3,NONE,-1.0,-0.1,-1.0,-0.1
3,NONE,-1.0,-0.1,-1.0,-0.1
3,NONE,-1.0,-0.1,-1.0,-0.1
3,NONE,-1.0,-0.1,-1.0,-0.1
3,NONE,-1.0,-0.1,-1.0,-0.1
3,NONE,-1.0,-0.1,-1.0,-0.1
3,NONE,-1.0,-0.1,-1.0,-0.1
3,NONE,-1.0,-0.1,-1.0,-0.1
3,NONE,-1.0,-0.1,-1.0,-0.1
3,NONE,-1.0,-0.1,-1.0,-0.1
2,EV_B13_C008_Mototaxi_Electrica_P09,-1.0,-0.1,7.0,38.92615324353199
1,EV_B13_C008_Mototaxi_Electrica_P09,7.0,85.8144387771595,-1.0,38.92615324353199
1,EV_B13_C008_Mototaxi_Electrica_P09,6.0,85.8144387771595,-1.0,38.92615324353199
1,EV_B13_C008_Mototaxi_Electrica_P09,5.0,85.8144387771595,-1.0,38.92615324353199
1,EV_B13_C008_Mototaxi_Electrica_P09,4.0,85.8144387771595,-1.0,38.92615324353199
1,EV_B13_C008_Mototaxi_Electrica_P09,3.0,85.8144387771595,-1.0,38.92615324353199
1,EV_B13_C008_Mototaxi_Electrica_P09,2.0,85.8144387771595,-1.0,38.92615324353199
1,EV_B13_C008_Mototaxi_Electrica_P09,1.0,85.8144387771595,-1.0,38.92615324353199
1,EV_B13_C008_Mototaxi_Electrica_P09,0.0,85.8144387771595,-1.0,38.92615324353199
3,NONE,-1.0,-0.1,-1.0,-0.1
3,NONE,-1.0,-0.1,-1.0,-0.1
3,NONE,-1.0,-0.1,-1.0,-0.1
3,NONE,-1.0,-0.1,-1.0,-0.1
3,NONE,-1.0,-0.1,-1.0,-0.1
3,NONE,-1.0,-0.1,-1.0,-0.1
3,NONE,-1.0,-0.1,-1.0,-0.1
3,NONE,-1.0,-0.1,-1.0,-0.1
3,NONE,-1.0,-0.1,-1.0,-0.1
3,NONE,-1.0,-0.1,-1.0,-0.1
3,NONE,-1.0,-0.1,-1.0,-0.1
3,NONE,-1.0,-0.1,-1.0,-0.1
3,NONE,-1.0,-0.1,-1.0,-0.1
3,NONE,-1.0,-0.1,-1.0,-0.1
3,NONE,-1.0,-0.1,-1.0,-0.1
3,NONE,-1.0,-0.1,-1.0,-0.1
3,NONE,-1.0,-0.1,-1.0,-0.1
3,NONE,-1.0,-0.1,-1.0,-0.1
3,NONE,-1.0,-0.1,-1.0,-0.1
3,NONE,-1.0,-0.1,-1.0,-0.1
3,NONE,-1.0,-0.1,-1.0,-0.1
3,NONE,-1.0,-0.1,-1.0,-0.1
3,NONE,-1.0,-0.1,-1.0,-0.1
3,NONE,-1.0,-0.1,-1.0,-0.1
3,NONE,-1.0,-0.1,-1.0,-0.1
3,NONE,-1.0,-0.1,-1.0,-0.1
3,NONE,-1.0,-0.1,-1.0,-0.1
3,NONE,-1.0,-0.1,-1.0,-0.1
3,NONE,-1.0,-0.1,-1.0,-0.1
3,NONE,-1.0,-0.1,-1.0,-0.1
3,NONE,-1.0,-0.1,-1.0,-0.1
3,NONE,-1.0,-0.1,-1.0,-0.1
3,NONE,-1.0,-0.1,-1.0,-0.1
3,NONE,-1.0,-0.1,-1.0,-0.1
3,NONE,-1.0,-0.1,-1.0,-0.1
3,NONE,-1.0,-0.1,-1.0,-0.1
3,NONE,-1.0,-0.1,-1.0,-0.1
3,NONE,-1.0,-0.1,-1.0,-0.1
3,NONE,-1.0,-0.1,-1.0,-0.1
3,NONE,-1.0,-0.1,-1.0,-0.1
3,NONE,-1.0,-0.1,-1.0,-0.1
3,NONE,-1.0,-0.1,-1.0,-0.1
3,NONE,-1.0,-0.1,-1.0,-0.1
3,NONE,-1.0,-0.1,-1.0,-0.1
3,NONE,-1.0,-0.1,-1.0,-0.1
3,NONE,-1.0,-0.1,-1.0,-0.1
3,NONE,-1.0,-0.1,-1.0,-0.1
3,NONE,-1.0,-0.1,-1.0,-0.1
3,NONE,-1.0,-0.1,-1.0,-0.1
3,NONE,-1.0,-0.1,-1.0,-0.1
3,NONE,-1.0,-0.1,-1.0,-0.1
3,NONE,-1.0,-0.1,-1.0,-0.1
3,NONE,-1.0,-0.1,-1.0,-0.1
3,NONE,-1.0,-0.1,-1.0,-0.1
3,NONE,-1.0,-0.1,-1.0,-0.1
3,NONE,-1.0,-0.1,-1.0,-0.1
3,NONE,-1.0,-0.1,-1.0,-0.1
3,NONE,-1.0,-0.1,-1.0,-0.1
3,NONE,-1.0,-0.1,-1.0,-0.1
3,NONE,-1.0,-0.1,-1.0,-0.1
3,NONE,-1.0,-0.1,-1.0,-0.1
3,NONE,-1.0,-0.1,-1.0,-0.1
3,NONE,-1.0,-0.1,-1.0,-0.1
3,NONE,-1.0,-0.1,-1.0,-0.1
3,NONE,-1.0,-0.1,-1.0,-0.1
3,NONE,-1.0,-0.1,-1.0,-0.1
3,NONE,-1.0,-0.1,-1.0,-0.1
3,NONE,-1.0,-0.1,-1.0,-0.1
3,NONE,-1.0,-0.1,-1.0,-0.1
3,NONE,-1.0,-0.1,-1.0,-0.1
3,NONE,-1.0,-0.1,-1.0,-0.1
3,NONE,-1.0,-0.1,-1.0,-0.1
3,NONE,-1.0,-0.1,-1.0,-0.1
3,NONE,-1.0,-0.1,-1.0,-0.1
3,NONE,-1.0,-0.1,-1.0,-0.1
3,NONE,-1.0,-0.1,-1.0,-0.1
3,NONE,-1.0,-0.1,-1.0,-0.1
3,NONE,-1.0,-0.1,-1.0,-0.1
3,NONE,-1.0,-0.1,-1.0,-0.1
3,NONE,-1.0,-0.1,-1.0,-0.1
3,NONE,-1.0,-0.1,-1.0,-0.1
3,NONE,-1.0,-0.1,-1.0,-0.1
3,NONE,-1.0,-0.1,-1.0,-0.1
3,NONE,-1.0,-0.1,-1.0,-0.1
3,NONE,-1.0,-0.1,-1.0,-0.1
3,NONE,-1.0,-0.1,-1.0,-0.1
3,NONE,-1.0,-0.1,-1.0,-0.1
3,NONE,-1.0,-0.1,-1.0,-0.1
3,NONE,-1.0,-0.1,-1.0,-0.1
3,NONE,-1.0,-0.1,-1.0,-0.1
3,NONE,-1.0,-0.1,-1.0,-0.1
3,NONE,-1.0,-0.1,-1.0,-0.1
3,NONE,-1.0,-0.1,-1.0,-0.1
3,NONE,-1.0,-0.1,-1.0,-0.1
3,NONE,-1.0,-0.1,-1.0,-0.1
3,NONE,-1.0,-0.1,-1.0,-0.1
3,NONE,-1.0,-0.1,-1.0,-0.1
3,NONE,-1.0,-0.1,-1.0,-0.1
3,NONE,-1.0,-0.1,-1.0,-0.1
3,NONE,-1.0,-0.1,-1.0,-0.1
3,NONE,-1.0,-0.1,-1.0,-0.1
3,NONE,-1.0,-0.1,-1.0,-0.1
3,NONE,-1.0,-0.1,-1.0,-0.1
3,NONE,-1.0,-0.1,-1.0,-0.1
3,NONE,-1.0,-0.1,-1.0,-0.1
3,NONE,-1.0,-0.1,-1.0,-0.1
3,NONE,-1.0,-0.1,-1.0,-0.1
3,NONE,-1.0,-0.1,-1.0,-0.1
3,NONE,-1.0,-0.1,-1.0,-0.1
3,NONE,-1.0,-0.1,-1.0,-0.1
3,NONE,-1.0,-0.1,-1.0,-0.1
3,NONE,-1.0,-0.1,-1.0,-0.1
3,NONE,-1.0,-0.1,-1.0,-0.1
3,NONE,-1.0,-0.1,-1.0,-0.1
3,NONE,-1.0,-0.1,-1.0,-0.1
3,NONE,-1.0,-0.1,-1.0,-0.1
3,NONE,-1.0,-0.1,-1.0,-0.1
3,NONE,-1.0,-0.1,-1.0,-0.1
3,NONE,-1.0,-0.1,-1.0,-0.1
3,NONE,-1.0,-0.1,-1.0,-0.1
3,NONE,-1.0,-0.1,-1.0,-0.1
3,NONE,-1.0,-0.1,-1.0,-0.1
3,NONE,-1.0,-0.1,-1.0,-0.1
3,NONE,-1.0,-0.1,-1.0,-0.1
3,NONE,-1.0,-0.1,-1.0,-0.1
3,NONE,-1.0,-0.1,-1.0,-0.1
3,NONE,-1.0,-0.1,-1.0,-0.1
3,NONE,-1.0,-0.1,-1.0,-0.1
3,NONE,-1.0,-0.1,-1.0,-0.1
3,NONE,-1.0,-0.1,-1.0,-0.1
3,NONE,-1.0,-0.1,-1.0,-0.1
3,NONE,-1.0,-0.1,-1.0,-0.1
3,NONE,-1.0,-0.1,-1.0,-0.1
3,NONE,-1.0,-0.1,-1.0,-0.1
3,NONE,-1.0,-0.1,-1.0,-0.1
3,NONE,-1.0,-0.1,-1.0,-0.1
3,NONE,-1.0,-0.1,-1.0,-0.1
3,NONE,-1.0,-0.1,-1.0,-0.1
3,NONE,-1.0,-0.1,-1.0,-0.1
3,NONE,-1.0,-0.1,-1.0,-0.1
3,NONE,-1.0,-0.1,-1.0,-0.1
3,NONE,-1.0,-0.1,-1.0,-0.1
3,NONE,-1.0,-0.1,-1.0,-0.1
3,NONE,-1.0,-0.1,-1.0,-0.1
3,NONE,-1.0,-0.1,-1.0,-0.1
3,NONE,-1.0,-0.1,-1.0,-0.1
3,NONE,-1.0,-0.1,-1.0,-0.1
3,NONE,-1.0,-0.1,-1.0,-0.1
3,NONE,-1.0,-0.1,-1.0,-0.1
3,NONE,-1.0,-0.1,-1.0,-0.1
3,NONE,-1.0,-0.1,-1.0,-0.1
3,NONE,-1.0,-0.1,-1.0,-0.1
3,NONE,-1.0,-0.1,-1.0,-0.1
3,NONE,-1.0,-0.1,-1.0,-0.1
3,NONE,-1.0,-0.1,-1.0,-0.1
3,NONE,-1.0,-0.1,-1.0,-0.1
3,NONE,-1.0,-0.1,-1.0,-0.1
3,NONE,-1.0,-0.1,-1.0,-0.1
3,NONE,-1.0,-0.1,-1.0,-0.1
3,NONE,-1.0,-0.1,-1.0,-0.1
3,NONE,-1.0,-0.1,-1.0,-0.1
2,EV_B13_C008_Mototaxi_Electrica_P10,-1.0,-0.1,9.0,39.726324088307656
1,EV_B13_C008_Mototaxi_Electrica_P10,5.0,90.28616602062988,-1.0,39.726324088307656
1,EV_B13_C008_Mototaxi_Electrica_P10,4.0,90.28616602062988,-1.0,39.726324088307656
1,EV_B13_C008_Mototaxi_Electrica_P10,3.0,90.28616602062988,-1.0,39.726324088307656
1,EV_B13_C008_Mototaxi_Electrica_P10,2.0,90.28616602062988,-1.0,39.726324088307656
1,EV_B13_C008_Mototaxi_Electrica_P10,1.0,90.28616602062988,-1.0,39.726324088307656
1,EV_B13_C008_Mototaxi_Electrica_P10,0.0,90.28616602062988,-1.0,39.726324088307656
3,NONE,-1.0,-0.1,-1.0,-0.1
3,NONE,-1.0,-0.1,-1.0,-0.1
3,NONE,-1.0,-0.1,-1.0,-0.1
3,NONE,-1.0,-0.1,-1.0,-0.1
3,NONE,-1.0,-0.1,-1.0,-0.1
3,NONE,-1.0,-0.1,-1.0,-0.1
3,NONE,-1.0,-0.1,-1.0,-0.1
3,NONE,-1.0,-0.1,-1.0,-0.1
3,NONE,-1.0,-0.1,-1.0,-0.1
3,NONE,-1.0,-0.1,-1.0,-0.1
3,NONE,-1.0,-0.1,-1.0,-0.1
3,NONE,-1.0,-0.1,-1.0,-0.1
3,NONE,-1.0,-0.1,-1.0,-0.1
3,NONE,-1.0,-0.1,-1.0,-0.1
3,NONE,-1.0,-0.1,-1.0,-0.1
2,EV_B13_C008_Mototaxi_Electrica_P01,-1.0,-0.1,7.0,28.52026689370455
1,EV_B13_C008_Mototaxi_Electrica_P01,7.0,78.23437225137808,-1.0,28.52026689370455
1,EV_B13_C008_Mototaxi_Electrica_P01,6.0,78.23437225137808,-1.0,28.52026689370455
1,EV_B13_C008_Mototaxi_Electrica_P01,5.0,78.23437225137808,-1.0,28.52026689370455
1,EV_B13_C008_Mototaxi_Electrica_P01,4.0,78.23437225137808,-1.0,28.52026689370455
1,EV_B13_C008_Mototaxi_Electrica_P01,3.0,78.23437225137808,-1.0,28.52026689370455
1,EV_B13_C008_Mototaxi_Electrica_P01,2.0,78.23437225137808,-1.0,28.52026689370455
1,EV_B13_C008_Mototaxi_Electrica_P01,1.0,78.23437225137808,-1.0,28.52026689370455
1,EV_B13_C008_Mototaxi_Electrica_P01,0.0,78.23437225137808,-1.0,28.52026689370455
3,NONE,-1.0,-0.1,-1.0,-0.1
3,NONE,-1.0,-0.1,-1.0,-0.1
3,NONE,-1.0,-0.1,-1.0,-0.1
3,NONE,-1.0,-0.1,-1.0,-0.1
3,NONE,-1.0,-0.1,-1.0,-0.1
3,NONE,-1.0,-0.1,-1.0,-0.1
3,NONE,-1.0,-0.1,-1.0,-0.1
3,NONE,-1.0,-0.1,-1.0,-0.1
3,NONE,-1.0,-0.1,-1.0,-0.1
3,NONE,-1.0,-0.1,-1.0,-0.1
3,NONE,-1.0,-0.1,-1.0,-0.1
3,NONE,-1.0,-0.1,-1.0,-0.1
3,NONE,-1.0,-0.1,-1.0,-0.1
3,NONE,-1.0,-0.1,-1.0,-0.1
3,NONE,-1.0,-0.1,-1.0,-0.1
3,NONE,-1.0,-0.1,-1.0,-0.1
3,NONE,-1.0,-0.1,-1.0,-0.1
3,NONE,-1.0,-0.1,-1.0,-0.1
3,NONE,-1.0,-0.1,-1.0,-0.1
3,NONE,-1.0,-0.1,-1.0,-0.1
3,NONE,-1.0,-0.1,-1.0,-0.1
3,NONE,-1.0,-0.1,-1.0,-0.1
3,NONE,-1.0,-0.1,-1.0,-0.1
3,NONE,-1.0,-0.1,-1.0,-0.1
3,NONE,-1.0,-0.1,-1.0,-0.1
3,NONE,-1.0,-0.1,-1.0,-0.1
3,NONE,-1.0,-0.1,-1.0,-0.1
3,NONE,-1.0,-0.1,-1.0,-0.1
3,NONE,-1.0,-0.1,-1.0,-0.1
3,NONE,-1.0,-0.1,-1.0,-0.1
3,NONE,-1.0,-0.1,-1.0,-0.1
3,NONE,-1.0,-0.1,-1.0,-0.1
3,NONE,-1.0,-0.1,-1.0,-0.1
3,NONE,-1.0,-0.1,-1.0,-0.1
3,NONE,-1.0,-0.1,-1.0,-0.1
3,NONE,-1.0,-0.1,-1.0,-0.1
3,NONE,-1.0,-0.1,-1.0,-0.1
3,NONE,-1.0,-0.1,-1.0,-0.1
3,NONE,-1.0,-0.1,-1.0,-0.1
3,NONE,-1.0,-0.1,-1.0,-0.1
3,NONE,-1.0,-0.1,-1.0,-0.1
3,NONE,-1.0,-0.1,-1.0,-0.1
3,NONE,-1.0,-0.1,-1.0,-0.1
3,NONE,-1.0,-0.1,-1.0,-0.1
3,NONE,-1.0,-0.1,-1.0,-0.1
3,NONE,-1.0,-0.1,-1.0,-0.1
3,NONE,-1.0,-0.1,-1.0,-0.1
3,NONE,-1.0,-0.1,-1.0,-0.1
3,NONE,-1.0,-0.1,-1.0,-0.1
3,NONE,-1.0,-0.1,-1.0,-0.1
3,NONE,-1.0,-0.1,-1.0,-0.1
3,NONE,-1.0,-0.1,-1.0,-0.1
3,NONE,-1.0,-0.1,-1.0,-0.1
3,NONE,-1.0,-0.1,-1.0,-0.1
3,NONE,-1.0,-0.1,-1.0,-0.1
3,NONE,-1.0,-0.1,-1.0,-0.1
3,NONE,-1.0,-0.1,-1.0,-0.1
3,NONE,-1.0,-0.1,-1.0,-0.1
3,NONE,-1.0,-0.1,-1.0,-0.1
3,NONE,-1.0,-0.1,-1.0,-0.1
3,NONE,-1.0,-0.1,-1.0,-0.1
3,NONE,-1.0,-0.1,-1.0,-0.1
3,NONE,-1.0,-0.1,-1.0,-0.1
3,NONE,-1.0,-0.1,-1.0,-0.1
3,NONE,-1.0,-0.1,-1.0,-0.1
3,NONE,-1.0,-0.1,-1.0,-0.1
3,NONE,-1.0,-0.1,-1.0,-0.1
3,NONE,-1.0,-0.1,-1.0,-0.1
3,NONE,-1.0,-0.1,-1.0,-0.1
3,NONE,-1.0,-0.1,-1.0,-0.1
3,NONE,-1.0,-0.1,-1.0,-0.1
3,NONE,-1.0,-0.1,-1.0,-0.1
3,NONE,-1.0,-0.1,-1.0,-0.1
3,NONE,-1.0,-0.1,-1.0,-0.1
3,NONE,-1.0,-0.1,-1.0,-0.1
3,NONE,-1.0,-0.1,-1.0,-0.1
3,NONE,-1.0,-0.1,-1.0,-0.1
3,NONE,-1.0,-0.1,-1.0,-0.1
3,NONE,-1.0,-0.1,-1.0,-0.1
3,NONE,-1.0,-0.1,-1.0,-0.1
3,NONE,-1.0,-0.1,-1.0,-0.1
3,NONE,-1.0,-0.1,-1.0,-0.1
3,NONE,-1.0,-0.1,-1.0,-0.1
3,NONE,-1.0,-0.1,-1.0,-0.1
3,NONE,-1.0,-0.1,-1.0,-0.1
3,NONE,-1.0,-0.1,-1.0,-0.1
3,NONE,-1.0,-0.1,-1.0,-0.1
3,NONE,-1.0,-0.1,-1.0,-0.1
3,NONE,-1.0,-0.1,-1.0,-0.1
3,NONE,-1.0,-0.1,-1.0,-0.1
3,NONE,-1.0,-0.1,-1.0,-0.1
3,NONE,-1.0,-0.1,-1.0,-0.1
3,NONE,-1.0,-0.1,-1.0,-0.1
3,NONE,-1.0,-0.1,-1.0,-0.1
3,NONE,-1.0,-0.1,-1.0,-0.1
3,NONE,-1.0,-0.1,-1.0,-0.1
3,NONE,-1.0,-0.1,-1.0,-0.1
3,NONE,-1.0,-0.1,-1.0,-0.1
3,NONE,-1.0,-0.1,-1.0,-0.1
3,NONE,-1.0,-0.1,-1.0,-0.1
3,NONE,-1.0,-0.1,-1.0,-0.1
3,NONE,-1.0,-0.1,-1.0,-0.1
3,NONE,-1.0,-0.1,-1.0,-0.1
3,NONE,-1.0,-0.1,-1.0,-0.1
3,NONE,-1.0,-0.1,-1.0,-0.1
3,NONE,-1.0,-0.1,-1.0,-0.1
3,NONE,-1.0,-0.1,-1.0,-0.1
3,NONE,-1.0,-0.1,-1.0,-0.1
3,NONE,-1.0,-0.1,-1.0,-0.1
3,NONE,-1.0,-0.1,-1.0,-0.1
3,NONE,-1.0,-0.1,-1.0,-0.1
3,NONE,-1.0,-0.1,-1.0,-0.1
3,NONE,-1.0,-0.1,-1.0,-0.1
3,NONE,-1.0,-0.1,-1.0,-0.1
3,NONE,-1.0,-0.1,-1.0,-0.1
3,NONE,-1.0,-0.1,-1.0,-0.1
3,NONE,-1.0,-0.1,-1.0,-0.1
3,NONE,-1.0,-0.1,-1.0,-0.1
3,NONE,-1.0,-0.1,-1.0,-0.1
3,NONE,-1.0,-0.1,-1.0,-0.1
3,NONE,-1.0,-0.1,-1.0,-0.1
3,NONE,-1.0,-0.1,-1.0,-0.1
3,NONE,-1.0,-0.1,-1.0,-0.1
3,NONE,-1.0,-0.1,-1.0,-0.1
3,NONE,-1.0,-0.1,-1.0,-0.1
3,NONE,-1.0,-0.1,-1.0,-0.1
3,NONE,-1.0,-0.1,-1.0,-0.1
3,NONE,-1.0,-0.1,-1.0,-0.1
3,NONE,-1.0,-0.1,-1.0,-0.1
3,NONE,-1.0,-0.1,-1.0,-0.1
3,NONE,-1.0,-0.1,-1.0,-0.1
3,NONE,-1.0,-0.1,-1.0,-0.1
3,NONE,-1.0,-0.1,-1.0,-0.1
3,NONE,-1.0,-0.1,-1.0,-0.1
3,NONE,-1.0,-0.1,-1.0,-0.1
2,EV_B13_C008_Mototaxi_Electrica_P02,-1.0,-0.1,7.0,34.466548906677076
1,EV_B13_C008_Mototaxi_Electrica_P02,6.0,80.24050510130867,-1.0,34.466548906677076
1,EV_B13_C008_Mototaxi_Electrica_P02,5.0,80.24050510130867,-1.0,34.466548906677076
1,EV_B13_C008_Mototaxi_Electrica_P02,4.0,80.24050510130867,-1.0,34.466548906677076
1,EV_B13_C008_Mototaxi_Electrica_P02,3.0,80.24050510130867,-1.0,34.466548906677076
1,EV_B13_C008_Mototaxi_Electrica_P02,2.0,80.24050510130867,-1.0,34.466548906677076
1,EV_B13_C008_Mototaxi_Electrica_P02,1.0,80.24050510130867,-1.0,34.466548906677076
1,EV_B13_C008_Mototaxi_Electrica_P02,0.0,80.24050510130867,-1.0,34.466548906677076
3,NONE,-1.0,-0.1,-1.0,-0.1
3,NONE,-1.0,-0.1,-1.0,-0.1
3,NONE,-1.0,-0.1,-1.0,-0.1
3,NONE,-1.0,-0.1,-1.0,-0.1
3,NONE,-1.0,-0.1,-1.0,-0.1
3,NONE,-1.0,-0.1,-1.0,-0.1
3,NONE,-1.0,-0.1,-1.0,-0.1
3,NONE,-1.0,-0.1,-1.0,-0.1
3,NONE,-1.0,-0.1,-1.0,-0.1
3,NONE,-1.0,-0.1,-1.0,-0.1
3,NONE,-1.0,-0.1,-1.0,-0.1
3,NONE,-1.0,-0.1,-1.0,-0.1
3,NONE,-1.0,-0.1,-1.0,-0.1
3,NONE,-1.0,-0.1,-1.0,-0.1
3,NONE,-1.0,-0.1,-1.0,-0.1
3,NONE,-1.0,-0.1,-1.0,-0.1
2,EV_B13_C008_Mototaxi_Electrica_P03,-1.0,-0.1,7.0,41.79760969107026
1,EV_B13_C008_Mototaxi_Electrica_P03,6.0,77.67385575156064,-1.0,41.79760969107026
1,EV_B13_C008_Mototaxi_Electrica_P03,5.0,77.67385575156064,-1.0,41.79760969107026
1,EV_B13_C008_Mototaxi_Electrica_P03,4.0,77.67385575156064,-1.0,41.79760969107026
1,EV_B13_C008_Mototaxi_Electrica_P03,3.0,77.67385575156064,-1.0,41.79760969107026
1,EV_B13_C008_Mototaxi_Electrica_P03,2.0,77.67385575156064,-1.0,41.79760969107026
1,EV_B13_C008_Mototaxi_Electrica_P03,1.0,77.67385575156064,-1.0,41.79760969107026
1,EV_B13_C008_Mototaxi_Electrica_P03,0.0,77.67385575156064,-1.0,41.79760969107026
3,NONE,-1.0,-0.1,-1.0,-0.1
3,NONE,-1.0,-0.1,-1.0,-0.1
3,NONE,-1.0,-0.1,-1.0,-0.1
3,NONE,-1.0,-0.1,-1.0,-0.1
3,NONE,-1.0,-0.1,-1.0,-0.1
3,NONE,-1.0,-0.1,-1.0,-0.1
3,NONE,-1.0,-0.1,-1.0,-0.1
3,NONE,-1.0,-0.1,-1.0,-0.1
3,NONE,-1.0,-0.1,-1.0,-0.1
3,NONE,-1.0,-0.1,-1.0,-0.1
3,NONE,-1.0,-0.1,-1.0,-0.1
3,NONE,-1.0,-0.1,-1.0,-0.1
3,NONE,-1.0,-0.1,-1.0,-0.1
3,NONE,-1.0,-0.1,-1.0,-0.1
3,NONE,-1.0,-0.1,-1.0,-0.1
3,NONE,-1.0,-0.1,-1.0,-0.1
3,NONE,-1.0,-0.1,-1.0,-0.1
3,NONE,-1.0,-0.1,-1.0,-0.1
3,NONE,-1.0,-0.1,-1.0,-0.1
3,NONE,-1.0,-0.1,-1.0,-0.1
3,NONE,-1.0,-0.1,-1.0,-0.1
3,NONE,-1.0,-0.1,-1.0,-0.1
3,NONE,-1.0,-0.1,-1.0,-0.1
3,NONE,-1.0,-0.1,-1.0,-0.1
3,NONE,-1.0,-0.1,-1.0,-0.1
3,NONE,-1.0,-0.1,-1.0,-0.1
3,NONE,-1.0,-0.1,-1.0,-0.1
3,NONE,-1.0,-0.1,-1.0,-0.1
3,NONE,-1.0,-0.1,-1.0,-0.1
3,NONE,-1.0,-0.1,-1.0,-0.1
3,NONE,-1.0,-0.1,-1.0,-0.1
3,NONE,-1.0,-0.1,-1.0,-0.1
3,NONE,-1.0,-0.1,-1.0,-0.1
3,NONE,-1.0,-0.1,-1.0,-0.1
3,NONE,-1.0,-0.1,-1.0,-0.1
3,NONE,-1.0,-0.1,-1.0,-0.1
3,NONE,-1.0,-0.1,-1.0,-0.1
3,NONE,-1.0,-0.1,-1.0,-0.1
3,NONE,-1.0,-0.1,-1.0,-0.1
3,NONE,-1.0,-0.1,-1.0,-0.1
3,NONE,-1.0,-0.1,-1.0,-0.1
3,NONE,-1.0,-0.1,-1.0,-0.1
3,NONE,-1.0,-0.1,-1.0,-0.1
2,EV_B13_C008_Mototaxi_Electrica_P04,-1.0,-0.1,10.0,32.918228326827695
1,EV_B13_C008_Mototaxi_Electrica_P04,4.0,82.84705577794338,-1.0,32.918228326827695
1,EV_B13_C008_Mototaxi_Electrica_P04,3.0,82.84705577794338,-1.0,32.918228326827695
1,EV_B13_C008_Mototaxi_Electrica_P04,2.0,82.84705577794338,-1.0,32.918228326827695
1,EV_B13_C008_Mototaxi_Electrica_P04,1.0,82.84705577794338,-1.0,32.918228326827695
1,EV_B13_C008_Mototaxi_Electrica_P04,0.0,82.84705577794338,-1.0,32.918228326827695
3,NONE,-1.0,-0.1,-1.0,-0.1
3,NONE,-1.0,-0.1,-1.0,-0.1
3,NONE,-1.0,-0.1,-1.0,-0.1
3,NONE,-1.0,-0.1,-1.0,-0.1
3,NONE,-1.0,-0.1,-1.0,-0.1
3,NONE,-1.0,-0.1,-1.0,-0.1
3,NONE,-1.0,-0.1,-1.0,-0.1
3,NONE,-1.0,-0.1,-1.0,-0.1
3,NONE,-1.0,-0.1,-1.0,-0.1
3,NONE,-1.0,-0.1,-1.0,-0.1
3,NONE,-1.0,-0.1,-1.0,-0.1
3,NONE,-1.0,-0.1,-1.0,-0.1
3,NONE,-1.0,-0.1,-1.0,-0.1
3,NONE,-1.0,-0.1,-1.0,-0.1
3,NONE,-1.0,-0.1,-1.0,-0.1
3,NONE,-1.0,-0.1,-1.0,-0.1
3,NONE,-1.0,-0.1,-1.0,-0.1
3,NONE,-1.0,-0.1,-1.0,-0.1
3,NONE,-1.0,-0.1,-1.0,-0.1
3,NONE,-1.0,-0.1,-1.0,-0.1
3,NONE,-1.0,-0.1,-1.0,-0.1
3,NONE,-1.0,-0.1,-1.0,-0.1
3,NONE,-1.0,-0.1,-1.0,-0.1
3,NONE,-1.0,-0.1,-1.0,-0.1
3,NONE,-1.0,-0.1,-1.0,-0.1
3,NONE,-1.0,-0.1,-1.0,-0.1
3,NONE,-1.0,-0.1,-1.0,-0.1
3,NONE,-1.0,-0.1,-1.0,-0.1
3,NONE,-1.0,-0.1,-1.0,-0.1
3,NONE,-1.0,-0.1,-1.0,-0.1
3,NONE,-1.0,-0.1,-1.0,-0.1
3,NONE,-1.0,-0.1,-1.0,-0.1
3,NONE,-1.0,-0.1,-1.0,-0.1
3,NONE,-1.0,-0.1,-1.0,-0.1
3,NONE,-1.0,-0.1,-1.0,-0.1
3,NONE,-1.0,-0.1,-1.0,-0.1
3,NONE,-1.0,-0.1,-1.0,-0.1
3,NONE,-1.0,-0.1,-1.0,-0.1
3,NONE,-1.0,-0.1,-1.0,-0.1
3,NONE,-1.0,-0.1,-1.0,-0.1
3,NONE,-1.0,-0.1,-1.0,-0.1
3,NONE,-1.0,-0.1,-1.0,-0.1
3,NONE,-1.0,-0.1,-1.0,-0.1
3,NONE,-1.0,-0.1,-1.0,-0.1
3,NONE,-1.0,-0.1,-1.0,-0.1
3,NONE,-1.0,-0.1,-1.0,-0.1
3,NONE,-1.0,-0.1,-1.0,-0.1
3,NONE,-1.0,-0.1,-1.0,-0.1
3,NONE,-1.0,-0.1,-1.0,-0.1
3,NONE,-1.0,-0.1,-1.0,-0.1
3,NONE,-1.0,-0.1,-1.0,-0.1
3,NONE,-1.0,-0.1,-1.0,-0.1
3,NONE,-1.0,-0.1,-1.0,-0.1
3,NONE,-1.0,-0.1,-1.0,-0.1
3,NONE,-1.0,-0.1,-1.0,-0.1
3,NONE,-1.0,-0.1,-1.0,-0.1
3,NONE,-1.0,-0.1,-1.0,-0.1
3,NONE,-1.0,-0.1,-1.0,-0.1
3,NONE,-1.0,-0.1,-1.0,-0.1
3,NONE,-1.0,-0.1,-1.0,-0.1
3,NONE,-1.0,-0.1,-1.0,-0.1
3,NONE,-1.0,-0.1,-1.0,-0.1
3,NONE,-1.0,-0.1,-1.0,-0.1
3,NONE,-1.0,-0.1,-1.0,-0.1
3,NONE,-1.0,-0.1,-1.0,-0.1
3,NONE,-1.0,-0.1,-1.0,-0.1
3,NONE,-1.0,-0.1,-1.0,-0.1
3,NONE,-1.0,-0.1,-1.0,-0.1
3,NONE,-1.0,-0.1,-1.0,-0.1
3,NONE,-1.0,-0.1,-1.0,-0.1
3,NONE,-1.0,-0.1,-1.0,-0.1
3,NONE,-1.0,-0.1,-1.0,-0.1
3,NONE,-1.0,-0.1,-1.0,-0.1
3,NONE,-1.0,-0.1,-1.0,-0.1
3,NONE,-1.0,-0.1,-1.0,-0.1
3,NONE,-1.0,-0.1,-1.0,-0.1
3,NONE,-1.0,-0.1,-1.0,-0.1
3,NONE,-1.0,-0.1,-1.0,-0.1
3,NONE,-1.0,-0.1,-1.0,-0.1
3,NONE,-1.0,-0.1,-1.0,-0.1
3,NONE,-1.0,-0.1,-1.0,-0.1
3,NONE,-1.0,-0.1,-1.0,-0.1
3,NONE,-1.0,-0.1,-1.0,-0.1
3,NONE,-1.0,-0.1,-1.0,-0.1
3,NONE,-1.0,-0.1,-1.0,-0.1
3,NONE,-1.0,-0.1,-1.0,-0.1
3,NONE,-1.0,-0.1,-1.0,-0.1
3,NONE,-1.0,-0.1,-1.0,-0.1
3,NONE,-1.0,-0.1,-1.0,-0.1
3,NONE,-1.0,-0.1,-1.0,-0.1
3,NONE,-1.0,-0.1,-1.0,-0.1
3,NONE,-1.0,-0.1,-1.0,-0.1
3,NONE,-1.0,-0.1,-1.0,-0.1
3,NONE,-1.0,-0.1,-1.0,-0.1
3,NONE,-1.0,-0.1,-1.0,-0.1
3,NONE,-1.0,-0.1,-1.0,-0.1
3,NONE,-1.0,-0.1,-1.0,-0.1
3,NONE,-1.0,-0.1,-1.0,-0.1
3,NONE,-1.0,-0.1,-1.0,-0.1
3,NONE,-1.0,-0.1,-1.0,-0.1
3,NONE,-1.0,-0.1,-1.0,-0.1
3,NONE,-1.0,-0.1,-1.0,-0.1
3,NONE,-1.0,-0.1,-1.0,-0.1
3,NONE,-1.0,-0.1,-1.0,-0.1
3,NONE,-1.0,-0.1,-1.0,-0.1
3,NONE,-1.0,-0.1,-1.0,-0.1
3,NONE,-1.0,-0.1,-1.0,-0.1
3,NONE,-1.0,-0.1,-1.0,-0.1
3,NONE,-1.0,-0.1,-1.0,-0.1
3,NONE,-1.0,-0.1,-1.0,-0.1
3,NONE,-1.0,-0.1,-1.0,-0.1
3,NONE,-1.0,-0.1,-1.0,-0.1
2,EV_B13_C008_Mototaxi_Electrica_P05,-1.0,-0.1,8.0,39.70703624877923
1,EV_B13_C008_Mototaxi_Electrica_P05,6.0,78.41261459254866,-1.0,39.70703624877923
1,EV_B13_C008_Mototaxi_Electrica_P05,5.0,78.41261459254866,-1.0,39.70703624877923
1,EV_B13_C008_Mototaxi_Electrica_P05,4.0,78.41261459254866,-1.0,39.70703624877923
1,EV_B13_C008_Mototaxi_Electrica_P05,3.0,78.41261459254866,-1.0,39.70703624877923
1,EV_B13_C008_Mototaxi_Electrica_P05,2.0,78.41261459254866,-1.0,39.70703624877923
1,EV_B13_C008_Mototaxi_Electrica_P05,1.0,78.41261459254866,-1.0,39.70703624877923
1,EV_B13_C008_Mototaxi_Electrica_P05,0.0,78.41261459254866,-1.0,39.70703624877923
3,NONE,-1.0,-0.1,-1.0,-0.1
3,NONE,-1.0,-0.1,-1.0,-0.1
3,NONE,-1.0,-0.1,-1.0,-0.1
3,NONE,-1.0,-0.1,-1.0,-0.1
3,NONE,-1.0,-0.1,-1.0,-0.1
3,NONE,-1.0,-0.1,-1.0,-0.1
3,NONE,-1.0,-0.1,-1.0,-0.1
3,NONE,-1.0,-0.1,-1.0,-0.1
3,NONE,-1.0,-0.1,-1.0,-0.1
3,NONE,-1.0,-0.1,-1.0,-0.1
3,NONE,-1.0,-0.1,-1.0,-0.1
3,NONE,-1.0,-0.1,-1.0,-0.1
3,NONE,-1.0,-0.1,-1.0,-0.1
3,NONE,-1.0,-0.1,-1.0,-0.1
3,NONE,-1.0,-0.1,-1.0,-0.1
3,NONE,-1.0,-0.1,-1.0,-0.1
3,NONE,-1.0,-0.1,-1.0,-0.1
3,NONE,-1.0,-0.1,-1.0,-0.1
3,NONE,-1.0,-0.1,-1.0,-0.1
3,NONE,-1.0,-0.1,-1.0,-0.1
3,NONE,-1.0,-0.1,-1.0,-0.1
3,NONE,-1.0,-0.1,-1.0,-0.1
3,NONE,-1.0,-0.1,-1.0,-0.1
3,NONE,-1.0,-0.1,-1.0,-0.1
3,NONE,-1.0,-0.1,-1.0,-0.1
3,NONE,-1.0,-0.1,-1.0,-0.1
3,NONE,-1.0,-0.1,-1.0,-0.1
3,NONE,-1.0,-0.1,-1.0,-0.1
3,NONE,-1.0,-0.1,-1.0,-0.1
3,NONE,-1.0,-0.1,-1.0,-0.1
3,NONE,-1.0,-0.1,-1.0,-0.1
3,NONE,-1.0,-0.1,-1.0,-0.1
3,NONE,-1.0,-0.1,-1.0,-0.1
3,NONE,-1.0,-0.1,-1.0,-0.1
3,NONE,-1.0,-0.1,-1.0,-0.1
3,NONE,-1.0,-0.1,-1.0,-0.1
3,NONE,-1.0,-0.1,-1.0,-0.1
3,NONE,-1.0,-0.1,-1.0,-0.1
3,NONE,-1.0,-0.1,-1.0,-0.1
3,NONE,-1.0,-0.1,-1.0,-0.1
2,EV_B13_C008_Mototaxi_Electrica_P06,-1.0,-0.1,8.0,37.8354634225327
1,EV_B13_C008_Mototaxi_Electrica_P06,6.0,80.01524835876614,-1.0,37.8354634225327
1,EV_B13_C008_Mototaxi_Electrica_P06,5.0,80.01524835876614,-1.0,37.8354634225327
1,EV_B13_C008_Mototaxi_Electrica_P06,4.0,80.01524835876614,-1.0,37.8354634225327
1,EV_B13_C008_Mototaxi_Electrica_P06,3.0,80.01524835876614,-1.0,37.8354634225327
1,EV_B13_C008_Mototaxi_Electrica_P06,2.0,80.01524835876614,-1.0,37.8354634225327
1,EV_B13_C008_Mototaxi_Electrica_P06,1.0,80.01524835876614,-1.0,37.8354634225327
1,EV_B13_C008_Mototaxi_Electrica_P06,0.0,80.01524835876614,-1.0,37.8354634225327
3,NONE,-1.0,-0.1,-1.0,-0.1
3,NONE,-1.0,-0.1,-1.0,-0.1
3,NONE,-1.0,-0.1,-1.0,-0.1
3,NONE,-1.0,-0.1,-1.0,-0.1
3,NONE,-1.0,-0.1,-1.0,-0.1
3,NONE,-1.0,-0.1,-1.0,-0.1
3,NONE,-1.0,-0.1,-1.0,-0.1
3,NONE,-1.0,-0.1,-1.0,-0.1
3,NONE,-1.0,-0.1,-1.0,-0.1
3,NONE,-1.0,-0.1,-1.0,-0.1
3,NONE,-1.0,-0.1,-1.0,-0.1
3,NONE,-1.0,-0.1,-1.0,-0.1
3,NONE,-1.0,-0.1,-1.0,-0.1
3,NONE,-1.0,-0.1,-1.0,-0.1
3,NONE,-1.0,-0.1,-1.0,-0.1
3,NONE,-1.0,-0.1,-1.0,-0.1
3,NONE,-1.0,-0.1,-1.0,-0.1
3,NONE,-1.0,-0.1,-1.0,-0.1
3,NONE,-1.0,-0.1,-1.0,-0.1
3,NONE,-1.0,-0.1,-1.0,-0.1
3,NONE,-1.0,-0.1,-1.0,-0.1
3,NONE,-1.0,-0.1,-1.0,-0.1
3,NONE,-1.0,-0.1,-1.0,-0.1
3,NONE,-1.0,-0.1,-1.0,-0.1
3,NONE,-1.0,-0.1,-1.0,-0.1
3,NONE,-1.0,-0.1,-1.0,-0.1
3,NONE,-1.0,-0.1,-1.0,-0.1
3,NONE,-1.0,-0.1,-1.0,-0.1
3,NONE,-1.0,-0.1,-1.0,-0.1
3,NONE,-1.0,-0.1,-1.0,-0.1
3,NONE,-1.0,-0.1,-1.0,-0.1
3,NONE,-1.0,-0.1,-1.0,-0.1
3,NONE,-1.0,-0.1,-1.0,-0.1
3,NONE,-1.0,-0.1,-1.0,-0.1
3,NONE,-1.0,-0.1,-1.0,-0.1
3,NONE,-1.0,-0.1,-1.0,-0.1
3,NONE,-1.0,-0.1,-1.0,-0.1
3,NONE,-1.0,-0.1,-1.0,-0.1
3,NONE,-1.0,-0.1,-1.0,-0.1
3,NONE,-1.0,-0.1,-1.0,-0.1
3,NONE,-1.0,-0.1,-1.0,-0.1
3,NONE,-1.0,-0.1,-1.0,-0.1
3,NONE,-1.0,-0.1,-1.0,-0.1
3,NONE,-1.0,-0.1,-1.0,-0.1
3,NONE,-1.0,-0.1,-1.0,-0.1
3,NONE,-1.0,-0.1,-1.0,-0.1
3,NONE,-1.0,-0.1,-1.0,-0.1
3,NONE,-1.0,-0.1,-1.0,-0.1
3,NONE,-1.0,-0.1,-1.0,-0.1
3,NONE,-1.0,-0.1,-1.0,-0.1
3,NONE,-1.0,-0.1,-1.0,-0.1
3,NONE,-1.0,-0.1,-1.0,-0.1
3,NONE,-1.0,-0.1,-1.0,-0.1
3,NONE,-1.0,-0.1,-1.0,-0.1
3,NONE,-1.0,-0.1,-1.0,-0.1
3,NONE,-1.0,-0.1,-1.0,-0.1
3,NONE,-1.0,-0.1,-1.0,-0.1
3,NONE,-1.0,-0.1,-1.0,-0.1
3,NONE,-1.0,-0.1,-1.0,-0.1
3,NONE,-1.0,-0.1,-1.0,-0.1
3,NONE,-1.0,-0.1,-1.0,-0.1
3,NONE,-1.0,-0.1,-1.0,-0.1
3,NONE,-1.0,-0.1,-1.0,-0.1
3,NONE,-1.0,-0.1,-1.0,-0.1
3,NONE,-1.0,-0.1,-1.0,-0.1
2,EV_B13_C008_Mototaxi_Electrica_P07,-1.0,-0.1,9.0,34.562009291865365
1,EV_B13_C008_Mototaxi_Electrica_P07,5.0,83.39144551123827,-1.0,34.562009291865365
1,EV_B13_C008_Mototaxi_Electrica_P07,4.0,83.39144551123827,-1.0,34.562009291865365
1,EV_B13_C008_Mototaxi_Electrica_P07,3.0,83.39144551123827,-1.0,34.562009291865365
1,EV_B13_C008_Mototaxi_Electrica_P07,2.0,83.39144551123827,-1.0,34.562009291865365
1,EV_B13_C008_Mototaxi_Electrica_P07,1.0,83.39144551123827,-1.0,34.562009291865365
1,EV_B13_C008_Mototaxi_Electrica_P07,0.0,83.39144551123827,-1.0,34.562009291865365
3,NONE,-1.0,-0.1,-1.0,-0.1
3,NONE,-1.0,-0.1,-1.0,-0.1
3,NONE,-1.0,-0.1,-1.0,-0.1
3,NONE,-1.0,-0.1,-1.0,-0.1
3,NONE,-1.0,-0.1,-1.0,-0.1
3,NONE,-1.0,-0.1,-1.0,-0.1
3,NONE,-1.0,-0.1,-1.0,-0.1
3,NONE,-1.0,-0.1,-1.0,-0.1
3,NONE,-1.0,-0.1,-1.0,-0.1
3,NONE,-1.0,-0.1,-1.0,-0.1
3,NONE,-1.0,-0.1,-1.0,-0.1
3,NONE,-1.0,-0.1,-1.0,-0.1
3,NONE,-1.0,-0.1,-1.0,-0.1
3,NONE,-1.0,-0.1,-1.0,-0.1
3,NONE,-1.0,-0.1,-1.0,-0.1
3,NONE,-1.0,-0.1,-1.0,-0.1
3,NONE,-1.0,-0.1,-1.0,-0.1
3,NONE,-1.0,-0.1,-1.0,-0.1
3,NONE,-1.0,-0.1,-1.0,-0.1
3,NONE,-1.0,-0.1,-1.0,-0.1
3,NONE,-1.0,-0.1,-1.0,-0.1
3,NONE,-1.0,-0.1,-1.0,-0.1
3,NONE,-1.0,-0.1,-1.0,-0.1
3,NONE,-1.0,-0.1,-1.0,-0.1
3,NONE,-1.0,-0.1,-1.0,-0.1
3,NONE,-1.0,-0.1,-1.0,-0.1
3,NONE,-1.0,-0.1,-1.0,-0.1
3,NONE,-1.0,-0.1,-1.0,-0.1
3,NONE,-1.0,-0.1,-1.0,-0.1
3,NONE,-1.0,-0.1,-1.0,-0.1
3,NONE,-1.0,-0.1,-1.0,-0.1
3,NONE,-1.0,-0.1,-1.0,-0.1
3,NONE,-1.0,-0.1,-1.0,-0.1
3,NONE,-1.0,-0.1,-1.0,-0.1
3,NONE,-1.0,-0.1,-1.0,-0.1
3,NONE,-1.0,-0.1,-1.0,-0.1
3,NONE,-1.0,-0.1,-1.0,-0.1
3,NONE,-1.0,-0.1,-1.0,-0.1
3,NONE,-1.0,-0.1,-1.0,-0.1
3,NONE,-1.0,-0.1,-1.0,-0.1
3,NONE,-1.0,-0.1,-1.0,-0.1
3,NONE,-1.0,-0.1,-1.0,-0.1
3,NONE,-1.0,-0.1,-1.0,-0.1
3,NONE,-1.0,-0.1,-1.0,-0.1
3,NONE,-1.0,-0.1,-1.0,-0.1
3,NONE,-1.0,-0.1,-1.0,-0.1
3,NONE,-1.0,-0.1,-1.0,-0.1
3,NONE,-1.0,-0.1,-1.0,-0.1
3,NONE,-1.0,-0.1,-1.0,-0.1
3,NONE,-1.0,-0.1,-1.0,-0.1
3,NONE,-1.0,-0.1,-1.0,-0.1
3,NONE,-1.0,-0.1,-1.0,-0.1
3,NONE,-1.0,-0.1,-1.0,-0.1
3,NONE,-1.0,-0.1,-1.0,-0.1
3,NONE,-1.0,-0.1,-1.0,-0.1
3,NONE,-1.0,-0.1,-1.0,-0.1
3,NONE,-1.0,-0.1,-1.0,-0.1
3,NONE,-1.0,-0.1,-1.0,-0.1
3,NONE,-1.0,-0.1,-1.0,-0.1
3,NONE,-1.0,-0.1,-1.0,-0.1
3,NONE,-1.0,-0.1,-1.0,-0.1
3,NONE,-1.0,-0.1,-1.0,-0.1
3,NONE,-1.0,-0.1,-1.0,-0.1
3,NONE,-1.0,-0.1,-1.0,-0.1
3,NONE,-1.0,-0.1,-1.0,-0.1
3,NONE,-1.0,-0.1,-1.0,-0.1
3,NONE,-1.0,-0.1,-1.0,-0.1
3,NONE,-1.0,-0.1,-1.0,-0.1
3,NONE,-1.0,-0.1,-1.0,-0.1
3,NONE,-1.0,-0.1,-1.0,-0.1
3,NONE,-1.0,-0.1,-1.0,-0.1
3,NONE,-1.0,-0.1,-1.0,-0.1
3,NONE,-1.0,-0.1,-1.0,-0.1
3,NONE,-1.0,-0.1,-1.0,-0.1
3,NONE,-1.0,-0.1,-1.0,-0.1
3,NONE,-1.0,-0.1,-1.0,-0.1
3,NONE,-1.0,-0.1,-1.0,-0.1
3,NONE,-1.0,-0.1,-1.0,-0.1
3,NONE,-1.0,-0.1,-1.0,-0.1
3,NONE,-1.0,-0.1,-1.0,-0.1
3,NONE,-1.0,-0.1,-1.0,-0.1
3,NONE,-1.0,-0.1,-1.0,-0.1
3,NONE,-1.0,-0.1,-1.0,-0.1
3,NONE,-1.0,-0.1,-1.0,-0.1
3,NONE,-1.0,-0.1,-1.0,-0.1
3,NONE,-1.0,-0.1,-1.0,-0.1
3,NONE,-1.0,-0.1,-1.0,-0.1
3,NONE,-1.0,-0.1,-1.0,-0.1
2,EV_B13_C008_Mototaxi_Electrica_P08,-1.0,-0.1,8.0,30.959312838378427
1,EV_B13_C008_Mototaxi_Electrica_P08,6.0,87.32846675702802,-1.0,30.959312838378427
1,EV_B13_C008_Mototaxi_Electrica_P08,5.0,87.32846675702802,-1.0,30.959312838378427
1,EV_B13_C008_Mototaxi_Electrica_P08,4.0,87.32846675702802,-1.0,30.959312838378427
1,EV_B13_C008_Mototaxi_Electrica_P08,3.0,87.32846675702802,-1.0,30.959312838378427
1,EV_B13_C008_Mototaxi_Electrica_P08,2.0,87.32846675702802,-1.0,30.959312838378427
1,EV_B13_C008_Mototaxi_Electrica_P08,1.0,87.32846675702802,-1.0,30.959312838378427
1,EV_B13_C008_Mototaxi_Electrica_P08,0.0,87.32846675702802,-1.0,30.959312838378427
3,NONE,-1.0,-0.1,-1.0,-0.1
3,NONE,-1.0,-0.1,-1.0,-0.1
3,NONE,-1.0,-0.1,-1.0,-0.1
3,NONE,-1.0,-0.1,-1.0,-0.1
3,NONE,-1.0,-0.1,-1.0,-0.1
3,NONE,-1.0,-0.1,-1.0,-0.1
3,NONE,-1.0,-0.1,-1.0,-0.1
3,NONE,-1.0,-0.1,-1.0,-0.1
3,NONE,-1.0,-0.1,-1.0,-0.1
3,NONE,-1.0,-0.1,-1.0,-0.1
3,NONE,-1.0,-0.1,-1.0,-0.1
3,NONE,-1.0,-0.1,-1.0,-0.1
3,NONE,-1.0,-0.1,-1.0,-0.1
3,NONE,-1.0,-0.1,-1.0,-0.1
3,NONE,-1.0,-0.1,-1.0,-0.1
3,NONE,-1.0,-0.1,-1.0,-0.1
3,NONE,-1.0,-0.1,-1.0,-0.1
3,NONE,-1.0,-0.1,-1.0,-0.1
3,NONE,-1.0,-0.1,-1.0,-0.1
3,NONE,-1.0,-0.1,-1.0,-0.1
3,NONE,-1.0,-0.1,-1.0,-0.1
3,NONE,-1.0,-0.1,-1.0,-0.1
3,NONE,-1.0,-0.1,-1.0,-0.1
3,NONE,-1.0,-0.1,-1.0,-0.1
3,NONE,-1.0,-0.1,-1.0,-0.1
3,NONE,-1.0,-0.1,-1.0,-0.1
3,NONE,-1.0,-0.1,-1.0,-0.1
3,NONE,-1.0,-0.1,-1.0,-0.1
3,NONE,-1.0,-0.1,-1.0,-0.1
3,NONE,-1.0,-0.1,-1.0,-0.1
3,NONE,-1.0,-0.1,-1.0,-0.1
3,NONE,-1.0,-0.1,-1.0,-0.1
3,NONE,-1.0,-0.1,-1.0,-0.1
3,NONE,-1.0,-0.1,-1.0,-0.1
3,NONE,-1.0,-0.1,-1.0,-0.1
3,NONE,-1.0,-0.1,-1.0,-0.1
3,NONE,-1.0,-0.1,-1.0,-0.1
3,NONE,-1.0,-0.1,-1.0,-0.1
3,NONE,-1.0,-0.1,-1.0,-0.1
3,NONE,-1.0,-0.1,-1.0,-0.1
3,NONE,-1.0,-0.1,-1.0,-0.1
3,NONE,-1.0,-0.1,-1.0,-0.1
3,NONE,-1.0,-0.1,-1.0,-0.1
3,NONE,-1.0,-0.1,-1.0,-0.1
3,NONE,-1.0,-0.1,-1.0,-0.1
3,NONE,-1.0,-0.1,-1.0,-0.1
3,NONE,-1.0,-0.1,-1.0,-0.1
3,NONE,-1.0,-0.1,-1.0,-0.1
3,NONE,-1.0,-0.1,-1.0,-0.1
3,NONE,-1.0,-0.1,-1.0,-0.1
3,NONE,-1.0,-0.1,-1.0,-0.1
3,NONE,-1.0,-0.1,-1.0,-0.1
3,NONE,-1.0,-0.1,-1.0,-0.1
3,NONE,-1.0,-0.1,-1.0,-0.1
3,NONE,-1.0,-0.1,-1.0,-0.1
3,NONE,-1.0,-0.1,-1.0,-0.1
3,NONE,-1.0,-0.1,-1.0,-0.1
3,NONE,-1.0,-0.1,-1.0,-0.1
3,NONE,-1.0,-0.1,-1.0,-0.1
3,NONE,-1.0,-0.1,-1.0,-0.1
3,NONE,-1.0,-0.1,-1.0,-0.1
3,NONE,-1.0,-0.1,-1.0,-0.1
3,NONE,-1.0,-0.1,-1.0,-0.1
3,NONE,-1.0,-0.1,-1.0,-0.1
3,NONE,-1.0,-0.1,-1.0,-0.1
3,NONE,-1.0,-0.1,-1.0,-0.1
2,EV_B13_C008_Mototaxi_Electrica_P09,-1.0,-0.1,10.0,33.33115646123397
1,EV_B13_C008_Mototaxi_Electrica_P09,4.0,86.3852255367644,-1.0,33.33115646123397
1,EV_B13_C008_Mototaxi_Electrica_P09,3.0,86.3852255367644,-1.0,33.33115646123397
1,EV_B13_C008_Mototaxi_Electrica_P09,2.0,86.3852255367644,-1.0,33.33115646123397
1,EV_B13_C008_Mototaxi_Electrica_P09,1.0,86.3852255367644,-1.0,33.33115646123397
1,EV_B13_C008_Mototaxi_Electrica_P09,0.0,86.3852255367644,-1.0,33.33115646123397
3,NONE,-1.0,-0.1,-1.0,-0.1
3,NONE,-1.0,-0.1,-1.0,-0.1
3,NONE,-1.0,-0.1,-1.0,-0.1
3,NONE,-1.0,-0.1,-1.0,-0.1
3,NONE,-1.0,-0.1,-1.0,-0.1
3,NONE,-1.0,-0.1,-1.0,-0.1
3,NONE,-1.0,-0.1,-1.0,-0.1
3,NONE,-1.0,-0.1,-1.0,-0.1
3,NONE,-1.0,-0.1,-1.0,-0.1
3,NONE,-1.0,-0.1,-1.0,-0.1
3,NONE,-1.0,-0.1,-1.0,-0.1
3,NONE,-1.0,-0.1,-1.0,-0.1
3,NONE,-1.0,-0.1,-1.0,-0.1
3,NONE,-1.0,-0.1,-1.0,-0.1
3,NONE,-1.0,-0.1,-1.0,-0.1
3,NONE,-1.0,-0.1,-1.0,-0.1
3,NONE,-1.0,-0.1,-1.0,-0.1
3,NONE,-1.0,-0.1,-1.0,-0.1
3,NONE,-1.0,-0.1,-1.0,-0.1
3,NONE,-1.0,-0.1,-1.0,-0.1
3,NONE,-1.0,-0.1,-1.0,-0.1
3,NONE,-1.0,-0.1,-1.0,-0.1
3,NONE,-1.0,-0.1,-1.0,-0.1
3,NONE,-1.0,-0.1,-1.0,-0.1
3,NONE,-1.0,-0.1,-1.0,-0.1
3,NONE,-1.0,-0.1,-1.0,-0.1
3,NONE,-1.0,-0.1,-1.0,-0.1
3,NONE,-1.0,-0.1,-1.0,-0.1
3,NONE,-1.0,-0.1,-1.0,-0.1
3,NONE,-1.0,-0.1,-1.0,-0.1
3,NONE,-1.0,-0.1,-1.0,-0.1
3,NONE,-1.0,-0.1,-1.0,-0.1
3,NONE,-1.0,-0.1,-1.0,-0.1
3,NONE,-1.0,-0.1,-1.0,-0.1
3,NONE,-1.0,-0.1,-1.0,-0.1
3,NONE,-1.0,-0.1,-1.0,-0.1
3,NONE,-1.0,-0.1,-1.0,-0.1
3,NONE,-1.0,-0.1,-1.0,-0.1
3,NONE,-1.0,-0.1,-1.0,-0.1
2,EV_B13_C008_Mototaxi_Electrica_P10,-1.0,-0.1,7.0,19.23315450958301
1,EV_B13_C008_Mototaxi_Electrica_P10,7.0,78.81820231207634,-1.0,19.23315450958301
1,EV_B13_C008_Mototaxi_Electrica_P10,6.0,78.81820231207634,-1.0,19.23315450958301
1,EV_B13_C008_Mototaxi_Electrica_P10,5.0,78.81820231207634,-1.0,19.23315450958301
1,EV_B13_C008_Mototaxi_Electrica_P10,4.0,78.81820231207634,-1.0,19.23315450958301
1,EV_B13_C008_Mototaxi_Electrica_P10,3.0,78.81820231207634,-1.0,19.23315450958301
1,EV_B13_C008_Mototaxi_Electrica_P10,2.0,78.81820231207634,-1.0,19.23315450958301
1,EV_B13_C008_Mototaxi_Electrica_P10,1.0,78.81820231207634,-1.0,19.23315450958301
1,EV_B13_C008_Mototaxi_Electrica_P10,0.0,78.81820231207634,-1.0,19.23315450958301
3,NONE,-1.0,-0.1,-1.0,-0.1
3,NONE,-1.0,-0.1,-1.0,-0.1
3,NONE,-1.0,-0.1,-1.0,-0.1
3,NONE,-1.0,-0.1,-1.0,-0.1
3,NONE,-1.0,-0.1,-1.0,-0.1
3,NONE,-1.0,-0.1,-1.0,-0.1
3,NONE,-1.0,-0.1,-1.0,-0.1
3,NONE,-1.0,-0.1,-1.0,-0.1
3,NONE,-1.0,-0.1,-1.0,-0.1
3,NONE,-1.0,-0.1,-1.0,-0.1
3,NONE,-1.0,-0.1,-1.0,-0.1
3,NONE,-1.0,-0.1,-1.0,-0.1
3,NONE,-1.0,-0.1,-1.0,-0.1
3,NONE,-1.0,-0.1,-1.0,-0.1
3,NONE,-1.0,-0.1,-1.0,-0.1
2,EV_B13_C008_Mototaxi_Electrica_P01,-1.0,-0.1,7.0,30.92124776244983
1,EV_B13_C008_Mototaxi_Electrica_P01,7.0,81.0424770798001,-1.0,30.92124776244983
1,EV_B13_C008_Mototaxi_Electrica_P01,6.0,81.0424770798001,-1.0,30.92124776244983
1,EV_B13_C008_Mototaxi_Electrica_P01,5.0,81.0424770798001,-1.0,30.92124776244983
1,EV_B13_C008_Mototaxi_Electrica_P01,4.0,81.0424770798001,-1.0,30.92124776244983
1,EV_B13_C008_Mototaxi_Electrica_P01,3.0,81.0424770798001,-1.0,30.92124776244983
1,EV_B13_C008_Mototaxi_Electrica_P01,2.0,81.0424770798001,-1.0,30.92124776244983
1,EV_B13_C008_Mototaxi_Electrica_P01,1.0,81.0424770798001,-1.0,30.92124776244983
1,EV_B13_C008_Mototaxi_Electrica_P01,0.0,81.0424770798001,-1.0,30.92124776244983
3,NONE,-1.0,-0.1,-1.0,-0.1
3,NONE,-1.0,-0.1,-1.0,-0.1
3,NONE,-1.0,-0.1,-1.0,-0.1
3,NONE,-1.0,-0.1,-1.0,-0.1
3,NONE,-1.0,-0.1,-1.0,-0.1
3,NONE,-1.0,-0.1,-1.0,-0.1
3,NONE,-1.0,-0.1,-1.0,-0.1
3,NONE,-1.0,-0.1,-1.0,-0.1
3,NONE,-1.0,-0.1,-1.0,-0.1
3,NONE,-1.0,-0.1,-1.0,-0.1
3,NONE,-1.0,-0.1,-1.0,-0.1
3,NONE,-1.0,-0.1,-1.0,-0.1
3,NONE,-1.0,-0.1,-1.0,-0.1
3,NONE,-1.0,-0.1,-1.0,-0.1
3,NONE,-1.0,-0.1,-1.0,-0.1
3,NONE,-1.0,-0.1,-1.0,-0.1
3,NONE,-1.0,-0.1,-1.0,-0.1
3,NONE,-1.0,-0.1,-1.0,-0.1
3,NONE,-1.0,-0.1,-1.0,-0.1
3,NONE,-1.0,-0.1,-1.0,-0.1
3,NONE,-1.0,-0.1,-1.0,-0.1
3,NONE,-1.0,-0.1,-1.0,-0.1
3,NONE,-1.0,-0.1,-1.0,-0.1
3,NONE,-1.0,-0.1,-1.0,-0.1
3,NONE,-1.0,-0.1,-1.0,-0.1
3,NONE,-1.0,-0.1,-1.0,-0.1
3,NONE,-1.0,-0.1,-1.0,-0.1
3,NONE,-1.0,-0.1,-1.0,-0.1
3,NONE,-1.0,-0.1,-1.0,-0.1
3,NONE,-1.0,-0.1,-1.0,-0.1
3,NONE,-1.0,-0.1,-1.0,-0.1
3,NONE,-1.0,-0.1,-1.0,-0.1
3,NONE,-1.0,-0.1,-1.0,-0.1
3,NONE,-1.0,-0.1,-1.0,-0.1
3,NONE,-1.0,-0.1,-1.0,-0.1
3,NONE,-1.0,-0.1,-1.0,-0.1
3,NONE,-1.0,-0.1,-1.0,-0.1
3,NONE,-1.0,-0.1,-1.0,-0.1
3,NONE,-1.0,-0.1,-1.0,-0.1
3,NONE,-1.0,-0.1,-1.0,-0.1
3,NONE,-1.0,-0.1,-1.0,-0.1
3,NONE,-1.0,-0.1,-1.0,-0.1
3,NONE,-1.0,-0.1,-1.0,-0.1
3,NONE,-1.0,-0.1,-1.0,-0.1
3,NONE,-1.0,-0.1,-1.0,-0.1
3,NONE,-1.0,-0.1,-1.0,-0.1
3,NONE,-1.0,-0.1,-1.0,-0.1
3,NONE,-1.0,-0.1,-1.0,-0.1
3,NONE,-1.0,-0.1,-1.0,-0.1
3,NONE,-1.0,-0.1,-1.0,-0.1
3,NONE,-1.0,-0.1,-1.0,-0.1
3,NONE,-1.0,-0.1,-1.0,-0.1
3,NONE,-1.0,-0.1,-1.0,-0.1
3,NONE,-1.0,-0.1,-1.0,-0.1
3,NONE,-1.0,-0.1,-1.0,-0.1
3,NONE,-1.0,-0.1,-1.0,-0.1
3,NONE,-1.0,-0.1,-1.0,-0.1
3,NONE,-1.0,-0.1,-1.0,-0.1
3,NONE,-1.0,-0.1,-1.0,-0.1
3,NONE,-1.0,-0.1,-1.0,-0.1
3,NONE,-1.0,-0.1,-1.0,-0.1
3,NONE,-1.0,-0.1,-1.0,-0.1
3,NONE,-1.0,-0.1,-1.0,-0.1
3,NONE,-1.0,-0.1,-1.0,-0.1
3,NONE,-1.0,-0.1,-1.0,-0.1
3,NONE,-1.0,-0.1,-1.0,-0.1
3,NONE,-1.0,-0.1,-1.0,-0.1
3,NONE,-1.0,-0.1,-1.0,-0.1
3,NONE,-1.0,-0.1,-1.0,-0.1
3,NONE,-1.0,-0.1,-1.0,-0.1
3,NONE,-1.0,-0.1,-1.0,-0.1
3,NONE,-1.0,-0.1,-1.0,-0.1
3,NONE,-1.0,-0.1,-1.0,-0.1
3,NONE,-1.0,-0.1,-1.0,-0.1
3,NONE,-1.0,-0.1,-1.0,-0.1
3,NONE,-1.0,-0.1,-1.0,-0.1
3,NONE,-1.0,-0.1,-1.0,-0.1
3,NONE,-1.0,-0.1,-1.0,-0.1
3,NONE,-1.0,-0.1,-1.0,-0.1
3,NONE,-1.0,-0.1,-1.0,-0.1
3,NONE,-1.0,-0.1,-1.0,-0.1
3,NONE,-1.0,-0.1,-1.0,-0.1
3,NONE,-1.0,-0.1,-1.0,-0.1
3,NONE,-1.0,-0.1,-1.0,-0.1
3,NONE,-1.0,-0.1,-1.0,-0.1
3,NONE,-1.0,-0.1,-1.0,-0.1
3,NONE,-1.0,-0.1,-1.0,-0.1
3,NONE,-1.0,-0.1,-1.0,-0.1
3,NONE,-1.0,-0.1,-1.0,-0.1
3,NONE,-1.0,-0.1,-1.0,-0.1
3,NONE,-1.0,-0.1,-1.0,-0.1
3,NONE,-1.0,-0.1,-1.0,-0.1
3,NONE,-1.0,-0.1,-1.0,-0.1
3,NONE,-1.0,-0.1,-1.0,-0.1
3,NONE,-1.0,-0.1,-1.0,-0.1
3,NONE,-1.0,-0.1,-1.0,-0.1
3,NONE,-1.0,-0.1,-1.0,-0.1
3,NONE,-1.0,-0.1,-1.0,-0.1
3,NONE,-1.0,-0.1,-1.0,-0.1
3,NONE,-1.0,-0.1,-1.0,-0.1
3,NONE,-1.0,-0.1,-1.0,-0.1
3,NONE,-1.0,-0.1,-1.0,-0.1
3,NONE,-1.0,-0.1,-1.0,-0.1
3,NONE,-1.0,-0.1,-1.0,-0.1
3,NONE,-1.0,-0.1,-1.0,-0.1
3,NONE,-1.0,-0.1,-1.0,-0.1
3,NONE,-1.0,-0.1,-1.0,-0.1
3,NONE,-1.0,-0.1,-1.0,-0.1
3,NONE,-1.0,-0.1,-1.0,-0.1
3,NONE,-1.0,-0.1,-1.0,-0.1
3,NONE,-1.0,-0.1,-1.0,-0.1
3,NONE,-1.0,-0.1,-1.0,-0.1
3,NONE,-1.0,-0.1,-1.0,-0.1
3,NONE,-1.0,-0.1,-1.0,-0.1
3,NONE,-1.0,-0.1,-1.0,-0.1
3,NONE,-1.0,-0.1,-1.0,-0.1
3,NONE,-1.0,-0.1,-1.0,-0.1
3,NONE,-1.0,-0.1,-1.0,-0.1
3,NONE,-1.0,-0.1,-1.0,-0.1
3,NONE,-1.0,-0.1,-1.0,-0.1
3,NONE,-1.0,-0.1,-1.0,-0.1
3,NONE,-1.0,-0.1,-1.0,-0.1
3,NONE,-1.0,-0.1,-1.0,-0.1
3,NONE,-1.0,-0.1,-1.0,-0.1
3,NONE,-1.0,-0.1,-1.0,-0.1
3,NONE,-1.0,-0.1,-1.0,-0.1
3,NONE,-1.0,-0.1,-1.0,-0.1
3,NONE,-1.0,-0.1,-1.0,-0.1
3,NONE,-1.0,-0.1,-1.0,-0.1
3,NONE,-1.0,-0.1,-1.0,-0.1
3,NONE,-1.0,-0.1,-1.0,-0.1
3,NONE,-1.0,-0.1,-1.0,-0.1
3,NONE,-1.0,-0.1,-1.0,-0.1
3,NONE,-1.0,-0.1,-1.0,-0.1
3,NONE,-1.0,-0.1,-1.0,-0.1
2,EV_B13_C008_Mototaxi_Electrica_P02,-1.0,-0.1,7.0,48.03993953351311
1,EV_B13_C008_Mototaxi_Electrica_P02,7.0,77.72778671154128,-1.0,48.03993953351311
1,EV_B13_C008_Mototaxi_Electrica_P02,6.0,77.72778671154128,-1.0,48.03993953351311
1,EV_B13_C008_Mototaxi_Electrica_P02,5.0,77.72778671154128,-1.0,48.03993953351311
1,EV_B13_C008_Mototaxi_Electrica_P02,4.0,77.72778671154128,-1.0,48.03993953351311
1,EV_B13_C008_Mototaxi_Electrica_P02,3.0,77.72778671154128,-1.0,48.03993953351311
1,EV_B13_C008_Mototaxi_Electrica_P02,2.0,77.72778671154128,-1.0,48.03993953351311
1,EV_B13_C008_Mototaxi_Electrica_P02,1.0,77.72778671154128,-1.0,48.03993953351311
1,EV_B13_C008_Mototaxi_Electrica_P02,0.0,77.72778671154128,-1.0,48.03993953351311
3,NONE,-1.0,-0.1,-1.0,-0.1
3,NONE,-1.0,-0.1,-1.0,-0.1
3,NONE,-1.0,-0.1,-1.0,-0.1
3,NONE,-1.0,-0.1,-1.0,-0.1
3,NONE,-1.0,-0.1,-1.0,-0.1
3,NONE,-1.0,-0.1,-1.0,-0.1
3,NONE,-1.0,-0.1,-1.0,-0.1
3,NONE,-1.0,-0.1,-1.0,-0.1
3,NONE,-1.0,-0.1,-1.0,-0.1
3,NONE,-1.0,-0.1,-1.0,-0.1
3,NONE,-1.0,-0.1,-1.0,-0.1
3,NONE,-1.0,-0.1,-1.0,-0.1
3,NONE,-1.0,-0.1,-1.0,-0.1
3,NONE,-1.0,-0.1,-1.0,-0.1
3,NONE,-1.0,-0.1,-1.0,-0.1
3,NONE,-1.0,-0.1,-1.0,-0.1
3,NONE,-1.0,-0.1,-1.0,-0.1
3,NONE,-1.0,-0.1,-1.0,-0.1
3,NONE,-1.0,-0.1,-1.0,-0.1
3,NONE,-1.0,-0.1,-1.0,-0.1
3,NONE,-1.0,-0.1,-1.0,-0.1
3,NONE,-1.0,-0.1,-1.0,-0.1
3,NONE,-1.0,-0.1,-1.0,-0.1
3,NONE,-1.0,-0.1,-1.0,-0.1
3,NONE,-1.0,-0.1,-1.0,-0.1
3,NONE,-1.0,-0.1,-1.0,-0.1
3,NONE,-1.0,-0.1,-1.0,-0.1
3,NONE,-1.0,-0.1,-1.0,-0.1
3,NONE,-1.0,-0.1,-1.0,-0.1
3,NONE,-1.0,-0.1,-1.0,-0.1
3,NONE,-1.0,-0.1,-1.0,-0.1
3,NONE,-1.0,-0.1,-1.0,-0.1
3,NONE,-1.0,-0.1,-1.0,-0.1
3,NONE,-1.0,-0.1,-1.0,-0.1
3,NONE,-1.0,-0.1,-1.0,-0.1
3,NONE,-1.0,-0.1,-1.0,-0.1
3,NONE,-1.0,-0.1,-1.0,-0.1
3,NONE,-1.0,-0.1,-1.0,-0.1
3,NONE,-1.0,-0.1,-1.0,-0.1
3,NONE,-1.0,-0.1,-1.0,-0.1
3,NONE,-1.0,-0.1,-1.0,-0.1
3,NONE,-1.0,-0.1,-1.0,-0.1
3,NONE,-1.0,-0.1,-1.0,-0.1
3,NONE,-1.0,-0.1,-1.0,-0.1
3,NONE,-1.0,-0.1,-1.0,-0.1
3,NONE,-1.0,-0.1,-1.0,-0.1
3,NONE,-1.0,-0.1,-1.0,-0.1
3,NONE,-1.0,-0.1,-1.0,-0.1
3,NONE,-1.0,-0.1,-1.0,-0.1
3,NONE,-1.0,-0.1,-1.0,-0.1
3,NONE,-1.0,-0.1,-1.0,-0.1
3,NONE,-1.0,-0.1,-1.0,-0.1
3,NONE,-1.0,-0.1,-1.0,-0.1
3,NONE,-1.0,-0.1,-1.0,-0.1
3,NONE,-1.0,-0.1,-1.0,-0.1
3,NONE,-1.0,-0.1,-1.0,-0.1
3,NONE,-1.0,-0.1,-1.0,-0.1
3,NONE,-1.0,-0.1,-1.0,-0.1
3,NONE,-1.0,-0.1,-1.0,-0.1
3,NONE,-1.0,-0.1,-1.0,-0.1
3,NONE,-1.0,-0.1,-1.0,-0.1
3,NONE,-1.0,-0.1,-1.0,-0.1
3,NONE,-1.0,-0.1,-1.0,-0.1
3,NONE,-1.0,-0.1,-1.0,-0.1
3,NONE,-1.0,-0.1,-1.0,-0.1
3,NONE,-1.0,-0.1,-1.0,-0.1
3,NONE,-1.0,-0.1,-1.0,-0.1
3,NONE,-1.0,-0.1,-1.0,-0.1
3,NONE,-1.0,-0.1,-1.0,-0.1
3,NONE,-1.0,-0.1,-1.0,-0.1
3,NONE,-1.0,-0.1,-1.0,-0.1
3,NONE,-1.0,-0.1,-1.0,-0.1
3,NONE,-1.0,-0.1,-1.0,-0.1
3,NONE,-1.0,-0.1,-1.0,-0.1
3,NONE,-1.0,-0.1,-1.0,-0.1
3,NONE,-1.0,-0.1,-1.0,-0.1
3,NONE,-1.0,-0.1,-1.0,-0.1
3,NONE,-1.0,-0.1,-1.0,-0.1
3,NONE,-1.0,-0.1,-1.0,-0.1
3,NONE,-1.0,-0.1,-1.0,-0.1
3,NONE,-1.0,-0.1,-1.0,-0.1
3,NONE,-1.0,-0.1,-1.0,-0.1
3,NONE,-1.0,-0.1,-1.0,-0.1
3,NONE,-1.0,-0.1,-1.0,-0.1
3,NONE,-1.0,-0.1,-1.0,-0.1
3,NONE,-1.0,-0.1,-1.0,-0.1
3,NONE,-1.0,-0.1,-1.0,-0.1
3,NONE,-1.0,-0.1,-1.0,-0.1
3,NONE,-1.0,-0.1,-1.0,-0.1
3,NONE,-1.0,-0.1,-1.0,-0.1
3,NONE,-1.0,-0.1,-1.0,-0.1
3,NONE,-1.0,-0.1,-1.0,-0.1
3,NONE,-1.0,-0.1,-1.0,-0.1
3,NONE,-1.0,-0.1,-1.0,-0.1
3,NONE,-1.0,-0.1,-1.0,-0.1
3,NONE,-1.0,-0.1,-1.0,-0.1
3,NONE,-1.0,-0.1,-1.0,-0.1
3,NONE,-1.0,-0.1,-1.0,-0.1
3,NONE,-1.0,-0.1,-1.0,-0.1
3,NONE,-1.0,-0.1,-1.0,-0.1
3,NONE,-1.0,-0.1,-1.0,-0.1
3,NONE,-1.0,-0.1,-1.0,-0.1
3,NONE,-1.0,-0.1,-1.0,-0.1
3,NONE,-1.0,-0.1,-1.0,-0.1
3,NONE,-1.0,-0.1,-1.0,-0.1
3,NONE,-1.0,-0.1,-1.0,-0.1
3,NONE,-1.0,-0.1,-1.0,-0.1
3,NONE,-1.0,-0.1,-1.0,-0.1
3,NONE,-1.0,-0.1,-1.0,-0.1
3,NONE,-1.0,-0.1,-1.0,-0.1
3,NONE,-1.0,-0.1,-1.0,-0.1
3,NONE,-1.0,-0.1,-1.0,-0.1
3,NONE,-1.0,-0.1,-1.0,-0.1
3,NONE,-1.0,-0.1,-1.0,-0.1
3,NONE,-1.0,-0.1,-1.0,-0.1
3,NONE,-1.0,-0.1,-1.0,-0.1
3,NONE,-1.0,-0.1,-1.0,-0.1
3,NONE,-1.0,-0.1,-1.0,-0.1
3,NONE,-1.0,-0.1,-1.0,-0.1
3,NONE,-1.0,-0.1,-1.0,-0.1
3,NONE,-1.0,-0.1,-1.0,-0.1
3,NONE,-1.0,-0.1,-1.0,-0.1
3,NONE,-1.0,-0.1,-1.0,-0.1
3,NONE,-1.0,-0.1,-1.0,-0.1
3,NONE,-1.0,-0.1,-1.0,-0.1
3,NONE,-1.0,-0.1,-1.0,-0.1
3,NONE,-1.0,-0.1,-1.0,-0.1
3,NONE,-1.0,-0.1,-1.0,-0.1
3,NONE,-1.0,-0.1,-1.0,-0.1
3,NONE,-1.0,-0.1,-1.0,-0.1
3,NONE,-1.0,-0.1,-1.0,-0.1
3,NONE,-1.0,-0.1,-1.0,-0.1
3,NONE,-1.0,-0.1,-1.0,-0.1
3,NONE,-1.0,-0.1,-1.0,-0.1
3,NONE,-1.0,-0.1,-1.0,-0.1
2,EV_B13_C008_Mototaxi_Electrica_P03,-1.0,-0.1,7.0,26.01109585184706
1,EV_B13_C008_Mototaxi_Electrica_P03,7.0,80.53511771910601,-1.0,26.01109585184706
1,EV_B13_C008_Mototaxi_Electrica_P03,6.0,80.53511771910601,-1.0,26.01109585184706
1,EV_B13_C008_Mototaxi_Electrica_P03,5.0,80.53511771910601,-1.0,26.01109585184706
1,EV_B13_C008_Mototaxi_Electrica_P03,4.0,80.53511771910601,-1.0,26.01109585184706
1,EV_B13_C008_Mototaxi_Electrica_P03,3.0,80.53511771910601,-1.0,26.01109585184706
1,EV_B13_C008_Mototaxi_Electrica_P03,2.0,80.53511771910601,-1.0,26.01109585184706
1,EV_B13_C008_Mototaxi_Electrica_P03,1.0,80.53511771910601,-1.0,26.01109585184706
1,EV_B13_C008_Mototaxi_Electrica_P03,0.0,80.53511771910601,-1.0,26.01109585184706
3,NONE,-1.0,-0.1,-1.0,-0.1
3,NONE,-1.0,-0.1,-1.0,-0.1
3,NONE,-1.0,-0.1,-1.0,-0.1
3,NONE,-1.0,-0.1,-1.0,-0.1
3,NONE,-1.0,-0.1,-1.0,-0.1
3,NONE,-1.0,-0.1,-1.0,-0.1
3,NONE,-1.0,-0.1,-1.0,-0.1
3,NONE,-1.0,-0.1,-1.0,-0.1
3,NONE,-1.0,-0.1,-1.0,-0.1
3,NONE,-1.0,-0.1,-1.0,-0.1
3,NONE,-1.0,-0.1,-1.0,-0.1
3,NONE,-1.0,-0.1,-1.0,-0.1
3,NONE,-1.0,-0.1,-1.0,-0.1
3,NONE,-1.0,-0.1,-1.0,-0.1
3,NONE,-1.0,-0.1,-1.0,-0.1
3,NONE,-1.0,-0.1,-1.0,-0.1
3,NONE,-1.0,-0.1,-1.0,-0.1
3,NONE,-1.0,-0.1,-1.0,-0.1
3,NONE,-1.0,-0.1,-1.0,-0.1
2,EV_B13_C008_Mototaxi_Electrica_P04,-1.0,-0.1,11.0,45.81316165974961
1,EV_B13_C008_Mototaxi_Electrica_P04,3.0,85.12031397724151,-1.0,45.81316165974961
1,EV_B13_C008_Mototaxi_Electrica_P04,2.0,85.12031397724151,-1.0,45.81316165974961
1,EV_B13_C008_Mototaxi_Electrica_P04,1.0,85.12031397724151,-1.0,45.81316165974961
1,EV_B13_C008_Mototaxi_Electrica_P04,0.0,85.12031397724151,-1.0,45.81316165974961
3,NONE,-1.0,-0.1,-1.0,-0.1
3,NONE,-1.0,-0.1,-1.0,-0.1
3,NONE,-1.0,-0.1,-1.0,-0.1
3,NONE,-1.0,-0.1,-1.0,-0.1
3,NONE,-1.0,-0.1,-1.0,-0.1
3,NONE,-1.0,-0.1,-1.0,-0.1
3,NONE,-1.0,-0.1,-1.0,-0.1
3,NONE,-1.0,-0.1,-1.0,-0.1
3,NONE,-1.0,-0.1,-1.0,-0.1
3,NONE,-1.0,-0.1,-1.0,-0.1
3,NONE,-1.0,-0.1,-1.0,-0.1
3,NONE,-1.0,-0.1,-1.0,-0.1
3,NONE,-1.0,-0.1,-1.0,-0.1
3,NONE,-1.0,-0.1,-1.0,-0.1
3,NONE,-1.0,-0.1,-1.0,-0.1
3,NONE,-1.0,-0.1,-1.0,-0.1
3,NONE,-1.0,-0.1,-1.0,-0.1
2,EV_B13_C008_Mototaxi_Electrica_P05,-1.0,-0.1,9.0,41.32561904906302
1,EV_B13_C008_Mototaxi_Electrica_P05,5.0,72.52252745005302,-1.0,41.32561904906302
1,EV_B13_C008_Mototaxi_Electrica_P05,4.0,72.52252745005302,-1.0,41.32561904906302
1,EV_B13_C008_Mototaxi_Electrica_P05,3.0,72.52252745005302,-1.0,41.32561904906302
1,EV_B13_C008_Mototaxi_Electrica_P05,2.0,72.52252745005302,-1.0,41.32561904906302
1,EV_B13_C008_Mototaxi_Electrica_P05,1.0,72.52252745005302,-1.0,41.32561904906302
1,EV_B13_C008_Mototaxi_Electrica_P05,0.0,72.52252745005302,-1.0,41.32561904906302
3,NONE,-1.0,-0.1,-1.0,-0.1
3,NONE,-1.0,-0.1,-1.0,-0.1
3,NONE,-1.0,-0.1,-1.0,-0.1
3,NONE,-1.0,-0.1,-1.0,-0.1
3,NONE,-1.0,-0.1,-1.0,-0.1
3,NONE,-1.0,-0.1,-1.0,-0.1
3,NONE,-1.0,-0.1,-1.0,-0.1
3,NONE,-1.0,-0.1,-1.0,-0.1
3,NONE,-1.0,-0.1,-1.0,-0.1
3,NONE,-1.0,-0.1,-1.0,-0.1
3,NONE,-1.0,-0.1,-1.0,-0.1
3,NONE,-1.0,-0.1,-1.0,-0.1
3,NONE,-1.0,-0.1,-1.0,-0.1
3,NONE,-1.0,-0.1,-1.0,-0.1
3,NONE,-1.0,-0.1,-1.0,-0.1
3,NONE,-1.0,-0.1,-1.0,-0.1
3,NONE,-1.0,-0.1,-1.0,-0.1
3,NONE,-1.0,-0.1,-1.0,-0.1
3,NONE,-1.0,-0.1,-1.0,-0.1
3,NONE,-1.0,-0.1,-1.0,-0.1
3,NONE,-1.0,-0.1,-1.0,-0.1
3,NONE,-1.0,-0.1,-1.0,-0.1
3,NONE,-1.0,-0.1,-1.0,-0.1
3,NONE,-1.0,-0.1,-1.0,-0.1
3,NONE,-1.0,-0.1,-1.0,-0.1
3,NONE,-1.0,-0.1,-1.0,-0.1
3,NONE,-1.0,-0.1,-1.0,-0.1
3,NONE,-1.0,-0.1,-1.0,-0.1
3,NONE,-1.0,-0.1,-1.0,-0.1
3,NONE,-1.0,-0.1,-1.0,-0.1
3,NONE,-1.0,-0.1,-1.0,-0.1
3,NONE,-1.0,-0.1,-1.0,-0.1
3,NONE,-1.0,-0.1,-1.0,-0.1
3,NONE,-1.0,-0.1,-1.0,-0.1
3,NONE,-1.0,-0.1,-1.0,-0.1
3,NONE,-1.0,-0.1,-1.0,-0.1
3,NONE,-1.0,-0.1,-1.0,-0.1
3,NONE,-1.0,-0.1,-1.0,-0.1
3,NONE,-1.0,-0.1,-1.0,-0.1
3,NONE,-1.0,-0.1,-1.0,-0.1
3,NONE,-1.0,-0.1,-1.0,-0.1
3,NONE,-1.0,-0.1,-1.0,-0.1
3,NONE,-1.0,-0.1,-1.0,-0.1
3,NONE,-1.0,-0.1,-1.0,-0.1
3,NONE,-1.0,-0.1,-1.0,-0.1
3,NONE,-1.0,-0.1,-1.0,-0.1
3,NONE,-1.0,-0.1,-1.0,-0.1
3,NONE,-1.0,-0.1,-1.0,-0.1
3,NONE,-1.0,-0.1,-1.0,-0.1
3,NONE,-1.0,-0.1,-1.0,-0.1
3,NONE,-1.0,-0.1,-1.0,-0.1
3,NONE,-1.0,-0.1,-1.0,-0.1
3,NONE,-1.0,-0.1,-1.0,-0.1
3,NONE,-1.0,-0.1,-1.0,-0.1
3,NONE,-1.0,-0.1,-1.0,-0.1
3,NONE,-1.0,-0.1,-1.0,-0.1
3,NONE,-1.0,-0.1,-1.0,-0.1
3,NONE,-1.0,-0.1,-1.0,-0.1
3,NONE,-1.0,-0.1,-1.0,-0.1
3,NONE,-1.0,-0.1,-1.0,-0.1
3,NONE,-1.0,-0.1,-1.0,-0.1
3,NONE,-1.0,-0.1,-1.0,-0.1
3,NONE,-1.0,-0.1,-1.0,-0.1
3,NONE,-1.0,-0.1,-1.0,-0.1
3,NONE,-1.0,-0.1,-1.0,-0.1
3,NONE,-1.0,-0.1,-1.0,-0.1
3,NONE,-1.0,-0.1,-1.0,-0.1
3,NONE,-1.0,-0.1,-1.0,-0.1
3,NONE,-1.0,-0.1,-1.0,-0.1
3,NONE,-1.0,-0.1,-1.0,-0.1
3,NONE,-1.0,-0.1,-1.0,-0.1
3,NONE,-1.0,-0.1,-1.0,-0.1
3,NONE,-1.0,-0.1,-1.0,-0.1
3,NONE,-1.0,-0.1,-1.0,-0.1
3,NONE,-1.0,-0.1,-1.0,-0.1
3,NONE,-1.0,-0.1,-1.0,-0.1
3,NONE,-1.0,-0.1,-1.0,-0.1
3,NONE,-1.0,-0.1,-1.0,-0.1
3,NONE,-1.0,-0.1,-1.0,-0.1
3,NONE,-1.0,-0.1,-1.0,-0.1
3,NONE,-1.0,-0.1,-1.0,-0.1
3,NONE,-1.0,-0.1,-1.0,-0.1
3,NONE,-1.0,-0.1,-1.0,-0.1
3,NONE,-1.0,-0.1,-1.0,-0.1
3,NONE,-1.0,-0.1,-1.0,-0.1
3,NONE,-1.0,-0.1,-1.0,-0.1
3,NONE,-1.0,-0.1,-1.0,-0.1
2,EV_B13_C008_Mototaxi_Electrica_P06,-1.0,-0.1,7.0,45.838414219848026
1,EV_B13_C008_Mototaxi_Electrica_P06,7.0,85.2415854083444,-1.0,45.838414219848026
1,EV_B13_C008_Mototaxi_Electrica_P06,6.0,85.2415854083444,-1.0,45.838414219848026
1,EV_B13_C008_Mototaxi_Electrica_P06,5.0,85.2415854083444,-1.0,45.838414219848026
1,EV_B13_C008_Mototaxi_Electrica_P06,4.0,85.2415854083444,-1.0,45.838414219848026
1,EV_B13_C008_Mototaxi_Electrica_P06,3.0,85.2415854083444,-1.0,45.838414219848026
1,EV_B13_C008_Mototaxi_Electrica_P06,2.0,85.2415854083444,-1.0,45.838414219848026
1,EV_B13_C008_Mototaxi_Electrica_P06,1.0,85.2415854083444,-1.0,45.838414219848026
1,EV_B13_C008_Mototaxi_Electrica_P06,0.0,85.2415854083444,-1.0,45.838414219848026
3,NONE,-1.0,-0.1,-1.0,-0.1
3,NONE,-1.0,-0.1,-1.0,-0.1
3,NONE,-1.0,-0.1,-1.0,-0.1
3,NONE,-1.0,-0.1,-1.0,-0.1
3,NONE,-1.0,-0.1,-1.0,-0.1
3,NONE,-1.0,-0.1,-1.0,-0.1
3,NONE,-1.0,-0.1,-1.0,-0.1
3,NONE,-1.0,-0.1,-1.0,-0.1
3,NONE,-1.0,-0.1,-1.0,-0.1
3,NONE,-1.0,-0.1,-1.0,-0.1
3,NONE,-1.0,-0.1,-1.0,-0.1
3,NONE,-1.0,-0.1,-1.0,-0.1
3,NONE,-1.0,-0.1,-1.0,-0.1
3,NONE,-1.0,-0.1,-1.0,-0.1
3,NONE,-1.0,-0.1,-1.0,-0.1
3,NONE,-1.0,-0.1,-1.0,-0.1
3,NONE,-1.0,-0.1,-1.0,-0.1
3,NONE,-1.0,-0.1,-1.0,-0.1
3,NONE,-1.0,-0.1,-1.0,-0.1
3,NONE,-1.0,-0.1,-1.0,-0.1
3,NONE,-1.0,-0.1,-1.0,-0.1
3,NONE,-1.0,-0.1,-1.0,-0.1
3,NONE,-1.0,-0.1,-1.0,-0.1
3,NONE,-1.0,-0.1,-1.0,-0.1
3,NONE,-1.0,-0.1,-1.0,-0.1
3,NONE,-1.0,-0.1,-1.0,-0.1
3,NONE,-1.0,-0.1,-1.0,-0.1
3,NONE,-1.0,-0.1,-1.0,-0.1
3,NONE,-1.0,-0.1,-1.0,-0.1
3,NONE,-1.0,-0.1,-1.0,-0.1
3,NONE,-1.0,-0.1,-1.0,-0.1
3,NONE,-1.0,-0.1,-1.0,-0.1
3,NONE,-1.0,-0.1,-1.0,-0.1
3,NONE,-1.0,-0.1,-1.0,-0.1
3,NONE,-1.0,-0.1,-1.0,-0.1
3,NONE,-1.0,-0.1,-1.0,-0.1
3,NONE,-1.0,-0.1,-1.0,-0.1
3,NONE,-1.0,-0.1,-1.0,-0.1
3,NONE,-1.0,-0.1,-1.0,-0.1
3,NONE,-1.0,-0.1,-1.0,-0.1
2,EV_B13_C008_Mototaxi_Electrica_P07,-1.0,-0.1,8.0,29.717034252407014
1,EV_B13_C008_Mototaxi_Electrica_P07,6.0,79.50756725063317,-1.0,29.717034252407014
1,EV_B13_C008_Mototaxi_Electrica_P07,5.0,79.50756725063317,-1.0,29.717034252407014
1,EV_B13_C008_Mototaxi_Electrica_P07,4.0,79.50756725063317,-1.0,29.717034252407014
1,EV_B13_C008_Mototaxi_Electrica_P07,3.0,79.50756725063317,-1.0,29.717034252407014
1,EV_B13_C008_Mototaxi_Electrica_P07,2.0,79.50756725063317,-1.0,29.717034252407014
1,EV_B13_C008_Mototaxi_Electrica_P07,1.0,79.50756725063317,-1.0,29.717034252407014
1,EV_B13_C008_Mototaxi_Electrica_P07,0.0,79.50756725063317,-1.0,29.717034252407014
3,NONE,-1.0,-0.1,-1.0,-0.1
3,NONE,-1.0,-0.1,-1.0,-0.1
3,NONE,-1.0,-0.1,-1.0,-0.1
3,NONE,-1.0,-0.1,-1.0,-0.1
3,NONE,-1.0,-0.1,-1.0,-0.1
3,NONE,-1.0,-0.1,-1.0,-0.1
3,NONE,-1.0,-0.1,-1.0,-0.1
3,NONE,-1.0,-0.1,-1.0,-0.1
3,NONE,-1.0,-0.1,-1.0,-0.1
3,NONE,-1.0,-0.1,-1.0,-0.1
3,NONE,-1.0,-0.1,-1.0,-0.1
3,NONE,-1.0,-0.1,-1.0,-0.1
3,NONE,-1.0,-0.1,-1.0,-0.1
3,NONE,-1.0,-0.1,-1.0,-0.1
3,NONE,-1.0,-0.1,-1.0,-0.1
2,EV_B13_C008_Mototaxi_Electrica_P08,-1.0,-0.1,7.0,20.47743832573343
1,EV_B13_C008_Mototaxi_Electrica_P08,7.0,90.08436783315392,-1.0,20.47743832573343
1,EV_B13_C008_Mototaxi_Electrica_P08,6.0,90.08436783315392,-1.0,20.47743832573343
1,EV_B13_C008_Mototaxi_Electrica_P08,5.0,90.08436783315392,-1.0,20.47743832573343
1,EV_B13_C008_Mototaxi_Electrica_P08,4.0,90.08436783315392,-1.0,20.47743832573343
1,EV_B13_C008_Mototaxi_Electrica_P08,3.0,90.08436783315392,-1.0,20.47743832573343
1,EV_B13_C008_Mototaxi_Electrica_P08,2.0,90.08436783315392,-1.0,20.47743832573343
1,EV_B13_C008_Mototaxi_Electrica_P08,1.0,90.08436783315392,-1.0,20.47743832573343
1,EV_B13_C008_Mototaxi_Electrica_P08,0.0,90.08436783315392,-1.0,20.47743832573343
3,NONE,-1.0,-0.1,-1.0,-0.1
3,NONE,-1.0,-0.1,-1.0,-0.1
3,NONE,-1.0,-0.1,-1.0,-0.1
3,NONE,-1.0,-0.1,-1.0,-0.1
3,NONE,-1.0,-0.1,-1.0,-0.1
3,NONE,-1.0,-0.1,-1.0,-0.1
3,NONE,-1.0,-0.1,-1.0,-0.1
3,NONE,-1.0,-0.1,-1.0,-0.1
3,NONE,-1.0,-0.1,-1.0,-0.1
3,NONE,-1.0,-0.1,-1.0,-0.1
3,NONE,-1.0,-0.1,-1.0,-0.1
3,NONE,-1.0,-0.1,-1.0,-0.1
3,NONE,-1.0,-0.1,-1.0,-0.1
3,NONE,-1.0,-0.1,-1.0,-0.1
3,NONE,-1.0,-0.1,-1.0,-0.1
3,NONE,-1.0,-0.1,-1.0,-0.1
3,NONE,-1.0,-0.1,-1.0,-0.1
2,EV_B13_C008_Mototaxi_Electrica_P09,-1.0,-0.1,9.0,23.88163675622733
1,EV_B13_C008_Mototaxi_Electrica_P09,5.0,83.14706670852189,-1.0,23.88163675622733
1,EV_B13_C008_Mototaxi_Electrica_P09,4.0,83.14706670852189,-1.0,23.88163675622733
1,EV_B13_C008_Mototaxi_Electrica_P09,3.0,83.14706670852189,-1.0,23.88163675622733
1,EV_B13_C008_Mototaxi_Electrica_P09,2.0,83.14706670852189,-1.0,23.88163675622733
1,EV_B13_C008_Mototaxi_Electrica_P09,1.0,83.14706670852189,-1.0,23.88163675622733
1,EV_B13_C008_Mototaxi_Electrica_P09,0.0,83.14706670852189,-1.0,23.88163675622733
3,NONE,-1.0,-0.1,-1.0,-0.1
3,NONE,-1.0,-0.1,-1.0,-0.1
3,NONE,-1.0,-0.1,-1.0,-0.1
3,NONE,-1.0,-0.1,-1.0,-0.1
3,NONE,-1.0,-0.1,-1.0,-0.1
3,NONE,-1.0,-0.1,-1.0,-0.1
3,NONE,-1.0,-0.1,-1.0,-0.1
3,NONE,-1.0,-0.1,-1.0,-0.1
3,NONE,-1.0,-0.1,-1.0,-0.1
3,NONE,-1.0,-0.1,-1.0,-0.1
3,NONE,-1.0,-0.1,-1.0,-0.1
3,NONE,-1.0,-0.1,-1.0,-0.1
3,NONE,-1.0,-0.1,-1.0,-0.1
3,NONE,-1.0,-0.1,-1.0,-0.1
3,NONE,-1.0,-0.1,-1.0,-0.1
3,NONE,-1.0,-0.1,-1.0,-0.1
3,NONE,-1.0,-0.1,-1.0,-0.1
3,NONE,-1.0,-0.1,-1.0,-0.1
3,NONE,-1.0,-0.1,-1.0,-0.1
3,NONE,-1.0,-0.1,-1.0,-0.1
3,NONE,-1.0,-0.1,-1.0,-0.1
3,NONE,-1.0,-0.1,-1.0,-0.1
3,NONE,-1.0,-0.1,-1.0,-0.1
3,NONE,-1.0,-0.1,-1.0,-0.1
3,NONE,-1.0,-0.1,-1.0,-0.1
3,NONE,-1.0,-0.1,-1.0,-0.1
3,NONE,-1.0,-0.1,-1.0,-0.1
3,NONE,-1.0,-0.1,-1.0,-0.1
3,NONE,-1.0,-0.1,-1.0,-0.1
3,NONE,-1.0,-0.1,-1.0,-0.1
3,NONE,-1.0,-0.1,-1.0,-0.1
3,NONE,-1.0,-0.1,-1.0,-0.1
3,NONE,-1.0,-0.1,-1.0,-0.1
3,NONE,-1.0,-0.1,-1.0,-0.1
3,NONE,-1.0,-0.1,-1.0,-0.1
3,NONE,-1.0,-0.1,-1.0,-0.1
3,NONE,-1.0,-0.1,-1.0,-0.1
3,NONE,-1.0,-0.1,-1.0,-0.1
3,NONE,-1.0,-0.1,-1.0,-0.1
3,NONE,-1.0,-0.1,-1.0,-0.1
3,NONE,-1.0,-0.1,-1.0,-0.1
3,NONE,-1.0,-0.1,-1.0,-0.1
3,NONE,-1.0,-0.1,-1.0,-0.1
3,NONE,-1.0,-0.1,-1.0,-0.1
3,NONE,-1.0,-0.1,-1.0,-0.1
3,NONE,-1.0,-0.1,-1.0,-0.1
3,NONE,-1.0,-0.1,-1.0,-0.1
3,NONE,-1.0,-0.1,-1.0,-0.1
3,NONE,-1.0,-0.1,-1.0,-0.1
3,NONE,-1.0,-0.1,-1.0,-0.1
3,NONE,-1.0,-0.1,-1.0,-0.1
3,NONE,-1.0,-0.1,-1.0,-0.1
3,NONE,-1.0,-0.1,-1.0,-0.1
3,NONE,-1.0,-0.1,-1.0,-0.1
3,NONE,-1.0,-0.1,-1.0,-0.1
3,NONE,-1.0,-0.1,-1.0,-0.1
3,NONE,-1.0,-0.1,-1.0,-0.1
3,NONE,-1.0,-0.1,-1.0,-0.1
3,NONE,-1.0,-0.1,-1.0,-0.1
3,NONE,-1.0,-0.1,-1.0,-0.1
3,NONE,-1.0,-0.1,-1.0,-0.1
3,NONE,-1.0,-0.1,-1.0,-0.1
3,NONE,-1.0,-0.1,-1.0,-0.1
3,NONE,-1.0,-0.1,-1.0,-0.1
3,NONE,-1.0,-0.1,-1.0,-0.1
2,EV_B13_C008_Mototaxi_Electrica_P10,-1.0,-0.1,9.0,37.67187380047876
1,EV_B13_C008_Mototaxi_Electrica_P10,5.0,78.14394059838298,-1.0,37.67187380047876
1,EV_B13_C008_Mototaxi_Electrica_P10,4.0,78.14394059838298,-1.0,37.67187380047876
1,EV_B13_C008_Mototaxi_Electrica_P10,3.0,78.14394059838298,-1.0,37.67187380047876
1,EV_B13_C008_Mototaxi_Electrica_P10,2.0,78.14394059838298,-1.0,37.67187380047876
1,EV_B13_C008_Mototaxi_Electrica_P10,1.0,78.14394059838298,-1.0,37.67187380047876
1,EV_B13_C008_Mototaxi_Electrica_P10,0.0,78.14394059838298,-1.0,37.67187380047876
3,NONE,-1.0,-0.1,-1.0,-0.1
3,NONE,-1.0,-0.1,-1.0,-0.1
3,NONE,-1.0,-0.1,-1.0,-0.1
3,NONE,-1.0,-0.1,-1.0,-0.1
3,NONE,-1.0,-0.1,-1.0,-0.1
3,NONE,-1.0,-0.1,-1.0,-0.1
3,NONE,-1.0,-0.1,-1.0,-0.1
3,NONE,-1.0,-0.1,-1.0,-0.1
3,NONE,-1.0,-0.1,-1.0,-0.1
3,NONE,-1.0,-0.1,-1.0,-0.1
3,NONE,-1.0,-0.1,-1.0,-0.1
3,NONE,-1.0,-0.1,-1.0,-0.1
3,NONE,-1.0,-0.1,-1.0,-0.1
3,NONE,-1.0,-0.1,-1.0,-0.1
3,NONE,-1.0,-0.1,-1.0,-0.1
3,NONE,-1.0,-0.1,-1.0,-0.1
2,EV_B13_C008_Mototaxi_Electrica_P01,-1.0,-0.1,8.0,35.83290436805061
1,EV_B13_C008_Mototaxi_Electrica_P01,6.0,86.93936738179117,-1.0,35.83290436805061
1,EV_B13_C008_Mototaxi_Electrica_P01,5.0,86.93936738179117,-1.0,35.83290436805061
1,EV_B13_C008_Mototaxi_Electrica_P01,4.0,86.93936738179117,-1.0,35.83290436805061
1,EV_B13_C008_Mototaxi_Electrica_P01,3.0,86.93936738179117,-1.0,35.83290436805061
1,EV_B13_C008_Mototaxi_Electrica_P01,2.0,86.93936738179117,-1.0,35.83290436805061
1,EV_B13_C008_Mototaxi_Electrica_P01,1.0,86.93936738179117,-1.0,35.83290436805061
1,EV_B13_C008_Mototaxi_Electrica_P01,0.0,86.93936738179117,-1.0,35.83290436805061
3,NONE,-1.0,-0.1,-1.0,-0.1
3,NONE,-1.0,-0.1,-1.0,-0.1
3,NONE,-1.0,-0.1,-1.0,-0.1
3,NONE,-1.0,-0.1,-1.0,-0.1
3,NONE,-1.0,-0.1,-1.0,-0.1
3,NONE,-1.0,-0.1,-1.0,-0.1
3,NONE,-1.0,-0.1,-1.0,-0.1
3,NONE,-1.0,-0.1,-1.0,-0.1
3,NONE,-1.0,-0.1,-1.0,-0.1
3,NONE,-1.0,-0.1,-1.0,-0.1
3,NONE,-1.0,-0.1,-1.0,-0.1
3,NONE,-1.0,-0.1,-1.0,-0.1
3,NONE,-1.0,-0.1,-1.0,-0.1
3,NONE,-1.0,-0.1,-1.0,-0.1
3,NONE,-1.0,-0.1,-1.0,-0.1
3,NONE,-1.0,-0.1,-1.0,-0.1
3,NONE,-1.0,-0.1,-1.0,-0.1
3,NONE,-1.0,-0.1,-1.0,-0.1
3,NONE,-1.0,-0.1,-1.0,-0.1
3,NONE,-1.0,-0.1,-1.0,-0.1
3,NONE,-1.0,-0.1,-1.0,-0.1
3,NONE,-1.0,-0.1,-1.0,-0.1
3,NONE,-1.0,-0.1,-1.0,-0.1
3,NONE,-1.0,-0.1,-1.0,-0.1
3,NONE,-1.0,-0.1,-1.0,-0.1
3,NONE,-1.0,-0.1,-1.0,-0.1
3,NONE,-1.0,-0.1,-1.0,-0.1
3,NONE,-1.0,-0.1,-1.0,-0.1
3,NONE,-1.0,-0.1,-1.0,-0.1
3,NONE,-1.0,-0.1,-1.0,-0.1
3,NONE,-1.0,-0.1,-1.0,-0.1
3,NONE,-1.0,-0.1,-1.0,-0.1
3,NONE,-1.0,-0.1,-1.0,-0.1
3,NONE,-1.0,-0.1,-1.0,-0.1
3,NONE,-1.0,-0.1,-1.0,-0.1
3,NONE,-1.0,-0.1,-1.0,-0.1
3,NONE,-1.0,-0.1,-1.0,-0.1
3,NONE,-1.0,-0.1,-1.0,-0.1
3,NONE,-1.0,-0.1,-1.0,-0.1
3,NONE,-1.0,-0.1,-1.0,-0.1
3,NONE,-1.0,-0.1,-1.0,-0.1
3,NONE,-1.0,-0.1,-1.0,-0.1
3,NONE,-1.0,-0.1,-1.0,-0.1
3,NONE,-1.0,-0.1,-1.0,-0.1
3,NONE,-1.0,-0.1,-1.0,-0.1
3,NONE,-1.0,-0.1,-1.0,-0.1
3,NONE,-1.0,-0.1,-1.0,-0.1
3,NONE,-1.0,-0.1,-1.0,-0.1
3,NONE,-1.0,-0.1,-1.0,-0.1
3,NONE,-1.0,-0.1,-1.0,-0.1
3,NONE,-1.0,-0.1,-1.0,-0.1
3,NONE,-1.0,-0.1,-1.0,-0.1
3,NONE,-1.0,-0.1,-1.0,-0.1
3,NONE,-1.0,-0.1,-1.0,-0.1
3,NONE,-1.0,-0.1,-1.0,-0.1
3,NONE,-1.0,-0.1,-1.0,-0.1
3,NONE,-1.0,-0.1,-1.0,-0.1
3,NONE,-1.0,-0.1,-1.0,-0.1
3,NONE,-1.0,-0.1,-1.0,-0.1
3,NONE,-1.0,-0.1,-1.0,-0.1
3,NONE,-1.0,-0.1,-1.0,-0.1
3,NONE,-1.0,-0.1,-1.0,-0.1
3,NONE,-1.0,-0.1,-1.0,-0.1
3,NONE,-1.0,-0.1,-1.0,-0.1
3,NONE,-1.0,-0.1,-1.0,-0.1
3,NONE,-1.0,-0.1,-1.0,-0.1
3,NONE,-1.0,-0.1,-1.0,-0.1
3,NONE,-1.0,-0.1,-1.0,-0.1
3,NONE,-1.0,-0.1,-1.0,-0.1
3,NONE,-1.0,-0.1,-1.0,-0.1
3,NONE,-1.0,-0.1,-1.0,-0.1
3,NONE,-1.0,-0.1,-1.0,-0.1
3,NONE,-1.0,-0.1,-1.0,-0.1
3,NONE,-1.0,-0.1,-1.0,-0.1
3,NONE,-1.0,-0.1,-1.0,-0.1
3,NONE,-1.0,-0.1,-1.0,-0.1
3,NONE,-1.0,-0.1,-1.0,-0.1
3,NONE,-1.0,-0.1,-1.0,-0.1
3,NONE,-1.0,-0.1,-1.0,-0.1
3,NONE,-1.0,-0.1,-1.0,-0.1
3,NONE,-1.0,-0.1,-1.0,-0.1
3,NONE,-1.0,-0.1,-1.0,-0.1
3,NONE,-1.0,-0.1,-1.0,-0.1
3,NONE,-1.0,-0.1,-1.0,-0.1
3,NONE,-1.0,-0.1,-1.0,-0.1
3,NONE,-1.0,-0.1,-1.0,-0.1
3,NONE,-1.0,-0.1,-1.0,-0.1
3,NONE,-1.0,-0.1,-1.0,-0.1
3,NONE,-1.0,-0.1,-1.0,-0.1
3,NONE,-1.0,-0.1,-1.0,-0.1
3,NONE,-1.0,-0.1,-1.0,-0.1
3,NONE,-1.0,-0.1,-1.0,-0.1
3,NONE,-1.0,-0.1,-1.0,-0.1
3,NONE,-1.0,-0.1,-1.0,-0.1
3,NONE,-1.0,-0.1,-1.0,-0.1
3,NONE,-1.0,-0.1,-1.0,-0.1
3,NONE,-1.0,-0.1,-1.0,-0.1
3,NONE,-1.0,-0.1,-1.0,-0.1
3,NONE,-1.0,-0.1,-1.0,-0.1
3,NONE,-1.0,-0.1,-1.0,-0.1
3,NONE,-1.0,-0.1,-1.0,-0.1
3,NONE,-1.0,-0.1,-1.0,-0.1
3,NONE,-1.0,-0.1,-1.0,-0.1
3,NONE,-1.0,-0.1,-1.0,-0.1
3,NONE,-1.0,-0.1,-1.0,-0.1
3,NONE,-1.0,-0.1,-1.0,-0.1
3,NONE,-1.0,-0.1,-1.0,-0.1
3,NONE,-1.0,-0.1,-1.0,-0.1
3,NONE,-1.0,-0.1,-1.0,-0.1
3,NONE,-1.0,-0.1,-1.0,-0.1
3,NONE,-1.0,-0.1,-1.0,-0.1
3,NONE,-1.0,-0.1,-1.0,-0.1
3,NONE,-1.0,-0.1,-1.0,-0.1
3,NONE,-1.0,-0.1,-1.0,-0.1
3,NONE,-1.0,-0.1,-1.0,-0.1
3,NONE,-1.0,-0.1,-1.0,-0.1
3,NONE,-1.0,-0.1,-1.0,-0.1
3,NONE,-1.0,-0.1,-1.0,-0.1
3,NONE,-1.0,-0.1,-1.0,-0.1
3,NONE,-1.0,-0.1,-1.0,-0.1
3,NONE,-1.0,-0.1,-1.0,-0.1
3,NONE,-1.0,-0.1,-1.0,-0.1
3,NONE,-1.0,-0.1,-1.0,-0.1
3,NONE,-1.0,-0.1,-1.0,-0.1
3,NONE,-1.0,-0.1,-1.0,-0.1
3,NONE,-1.0,-0.1,-1.0,-0.1
3,NONE,-1.0,-0.1,-1.0,-0.1
3,NONE,-1.0,-0.1,-1.0,-0.1
3,NONE,-1.0,-0.1,-1.0,-0.1
3,NONE,-1.0,-0.1,-1.0,-0.1
3,NONE,-1.0,-0.1,-1.0,-0.1
3,NONE,-1.0,-0.1,-1.0,-0.1
3,NONE,-1.0,-0.1,-1.0,-0.1
3,NONE,-1.0,-0.1,-1.0,-0.1
3,NONE,-1.0,-0.1,-1.0,-0.1
3,NONE,-1.0,-0.1,-1.0,-0.1
2,EV_B13_C008_Mototaxi_Electrica_P02,-1.0,-0.1,8.0,60.79799447961229
1,EV_B13_C008_Mototaxi_Electrica_P02,6.0,79.15300615426737,-1.0,60.79799447961229
1,EV_B13_C008_Mototaxi_Electrica_P02,5.0,79.15300615426737,-1.0,60.79799447961229
1,EV_B13_C008_Mototaxi_Electrica_P02,4.0,79.15300615426737,-1.0,60.79799447961229
1,EV_B13_C008_Mototaxi_Electrica_P02,3.0,79.15300615426737,-1.0,60.79799447961229
1,EV_B13_C008_Mototaxi_Electrica_P02,2.0,79.15300615426737,-1.0,60.79799447961229
1,EV_B13_C008_Mototaxi_Electrica_P02,1.0,79.15300615426737,-1.0,60.79799447961229
1,EV_B13_C008_Mototaxi_Electrica_P02,0.0,79.15300615426737,-1.0,60.79799447961229
3,NONE,-1.0,-0.1,-1.0,-0.1
3,NONE,-1.0,-0.1,-1.0,-0.1
3,NONE,-1.0,-0.1,-1.0,-0.1
3,NONE,-1.0,-0.1,-1.0,-0.1
3,NONE,-1.0,-0.1,-1.0,-0.1
3,NONE,-1.0,-0.1,-1.0,-0.1
3,NONE,-1.0,-0.1,-1.0,-0.1
3,NONE,-1.0,-0.1,-1.0,-0.1
3,NONE,-1.0,-0.1,-1.0,-0.1
3,NONE,-1.0,-0.1,-1.0,-0.1
3,NONE,-1.0,-0.1,-1.0,-0.1
3,NONE,-1.0,-0.1,-1.0,-0.1
3,NONE,-1.0,-0.1,-1.0,-0.1
3,NONE,-1.0,-0.1,-1.0,-0.1
3,NONE,-1.0,-0.1,-1.0,-0.1
3,NONE,-1.0,-0.1,-1.0,-0.1
3,NONE,-1.0,-0.1,-1.0,-0.1
3,NONE,-1.0,-0.1,-1.0,-0.1
2,EV_B13_C008_Mototaxi_Electrica_P03,-1.0,-0.1,10.0,44.44634736695721
1,EV_B13_C008_Mototaxi_Electrica_P03,4.0,81.30802063501304,-1.0,44.44634736695721
1,EV_B13_C008_Mototaxi_Electrica_P03,3.0,81.30802063501304,-1.0,44.44634736695721
1,EV_B13_C008_Mototaxi_Electrica_P03,2.0,81.30802063501304,-1.0,44.44634736695721
1,EV_B13_C008_Mototaxi_Electrica_P03,1.0,81.30802063501304,-1.0,44.44634736695721
1,EV_B13_C008_Mototaxi_Electrica_P03,0.0,81.30802063501304,-1.0,44.44634736695721
3,NONE,-1.0,-0.1,-1.0,-0.1
3,NONE,-1.0,-0.1,-1.0,-0.1
3,NONE,-1.0,-0.1,-1.0,-0.1
3,NONE,-1.0,-0.1,-1.0,-0.1
3,NONE,-1.0,-0.1,-1.0,-0.1
3,NONE,-1.0,-0.1,-1.0,-0.1
3,NONE,-1.0,-0.1,-1.0,-0.1
3,NONE,-1.0,-0.1,-1.0,-0.1
3,NONE,-1.0,-0.1,-1.0,-0.1
3,NONE,-1.0,-0.1,-1.0,-0.1
3,NONE,-1.0,-0.1,-1.0,-0.1
3,NONE,-1.0,-0.1,-1.0,-0.1
3,NONE,-1.0,-0.1,-1.0,-0.1
3,NONE,-1.0,-0.1,-1.0,-0.1
3,NONE,-1.0,-0.1,-1.0,-0.1
2,EV_B13_C008_Mototaxi_Electrica_P04,-1.0,-0.1,7.0,38.6759774284136
1,EV_B13_C008_Mototaxi_Electrica_P04,7.0,88.9399950448277,-1.0,38.6759774284136
1,EV_B13_C008_Mototaxi_Electrica_P04,6.0,88.9399950448277,-1.0,38.6759774284136
1,EV_B13_C008_Mototaxi_Electrica_P04,5.0,88.9399950448277,-1.0,38.6759774284136
1,EV_B13_C008_Mototaxi_Electrica_P04,4.0,88.9399950448277,-1.0,38.6759774284136
1,EV_B13_C008_Mototaxi_Electrica_P04,3.0,88.9399950448277,-1.0,38.6759774284136
1,EV_B13_C008_Mototaxi_Electrica_P04,2.0,88.9399950448277,-1.0,38.6759774284136
1,EV_B13_C008_Mototaxi_Electrica_P04,1.0,88.9399950448277,-1.0,38.6759774284136
1,EV_B13_C008_Mototaxi_Electrica_P04,0.0,88.9399950448277,-1.0,38.6759774284136
3,NONE,-1.0,-0.1,-1.0,-0.1
3,NONE,-1.0,-0.1,-1.0,-0.1
3,NONE,-1.0,-0.1,-1.0,-0.1
3,NONE,-1.0,-0.1,-1.0,-0.1
3,NONE,-1.0,-0.1,-1.0,-0.1
3,NONE,-1.0,-0.1,-1.0,-0.1
3,NONE,-1.0,-0.1,-1.0,-0.1
3,NONE,-1.0,-0.1,-1.0,-0.1
3,NONE,-1.0,-0.1,-1.0,-0.1
3,NONE,-1.0,-0.1,-1.0,-0.1
3,NONE,-1.0,-0.1,-1.0,-0.1
3,NONE,-1.0,-0.1,-1.0,-0.1
3,NONE,-1.0,-0.1,-1.0,-0.1
3,NONE,-1.0,-0.1,-1.0,-0.1
3,NONE,-1.0,-0.1,-1.0,-0.1
3,NONE,-1.0,-0.1,-1.0,-0.1
3,NONE,-1.0,-0.1,-1.0,-0.1
2,EV_B13_C008_Mototaxi_Electrica_P05,-1.0,-0.1,9.0,35.07577906775875
1,EV_B13_C008_Mototaxi_Electrica_P05,5.0,86.97523580696294,-1.0,35.07577906775875
1,EV_B13_C008_Mototaxi_Electrica_P05,4.0,86.97523580696294,-1.0,35.07577906775875
1,EV_B13_C008_Mototaxi_Electrica_P05,3.0,86.97523580696294,-1.0,35.07577906775875
1,EV_B13_C008_Mototaxi_Electrica_P05,2.0,86.97523580696294,-1.0,35.07577906775875
1,EV_B13_C008_Mototaxi_Electrica_P05,1.0,86.97523580696294,-1.0,35.07577906775875
1,EV_B13_C008_Mototaxi_Electrica_P05,0.0,86.97523580696294,-1.0,35.07577906775875
3,NONE,-1.0,-0.1,-1.0,-0.1
3,NONE,-1.0,-0.1,-1.0,-0.1
3,NONE,-1.0,-0.1,-1.0,-0.1
3,NONE,-1.0,-0.1,-1.0,-0.1
3,NONE,-1.0,-0.1,-1.0,-0.1
3,NONE,-1.0,-0.1,-1.0,-0.1
3,NONE,-1.0,-0.1,-1.0,-0.1
3,NONE,-1.0,-0.1,-1.0,-0.1
3,NONE,-1.0,-0.1,-1.0,-0.1
3,NONE,-1.0,-0.1,-1.0,-0.1
3,NONE,-1.0,-0.1,-1.0,-0.1
3,NONE,-1.0,-0.1,-1.0,-0.1
3,NONE,-1.0,-0.1,-1.0,-0.1
3,NONE,-1.0,-0.1,-1.0,-0.1
3,NONE,-1.0,-0.1,-1.0,-0.1
3,NONE,-1.0,-0.1,-1.0,-0.1
3,NONE,-1.0,-0.1,-1.0,-0.1
3,NONE,-1.0,-0.1,-1.0,-0.1
3,NONE,-1.0,-0.1,-1.0,-0.1
3,NONE,-1.0,-0.1,-1.0,-0.1
3,NONE,-1.0,-0.1,-1.0,-0.1
3,NONE,-1.0,-0.1,-1.0,-0.1
3,NONE,-1.0,-0.1,-1.0,-0.1
3,NONE,-1.0,-0.1,-1.0,-0.1
3,NONE,-1.0,-0.1,-1.0,-0.1
3,NONE,-1.0,-0.1,-1.0,-0.1
3,NONE,-1.0,-0.1,-1.0,-0.1
3,NONE,-1.0,-0.1,-1.0,-0.1
3,NONE,-1.0,-0.1,-1.0,-0.1
3,NONE,-1.0,-0.1,-1.0,-0.1
3,NONE,-1.0,-0.1,-1.0,-0.1
3,NONE,-1.0,-0.1,-1.0,-0.1
3,NONE,-1.0,-0.1,-1.0,-0.1
3,NONE,-1.0,-0.1,-1.0,-0.1
3,NONE,-1.0,-0.1,-1.0,-0.1
3,NONE,-1.0,-0.1,-1.0,-0.1
3,NONE,-1.0,-0.1,-1.0,-0.1
3,NONE,-1.0,-0.1,-1.0,-0.1
3,NONE,-1.0,-0.1,-1.0,-0.1
3,NONE,-1.0,-0.1,-1.0,-0.1
3,NONE,-1.0,-0.1,-1.0,-0.1
3,NONE,-1.0,-0.1,-1.0,-0.1
3,NONE,-1.0,-0.1,-1.0,-0.1
3,NONE,-1.0,-0.1,-1.0,-0.1
3,NONE,-1.0,-0.1,-1.0,-0.1
3,NONE,-1.0,-0.1,-1.0,-0.1
3,NONE,-1.0,-0.1,-1.0,-0.1
3,NONE,-1.0,-0.1,-1.0,-0.1
3,NONE,-1.0,-0.1,-1.0,-0.1
3,NONE,-1.0,-0.1,-1.0,-0.1
3,NONE,-1.0,-0.1,-1.0,-0.1
3,NONE,-1.0,-0.1,-1.0,-0.1
3,NONE,-1.0,-0.1,-1.0,-0.1
3,NONE,-1.0,-0.1,-1.0,-0.1
3,NONE,-1.0,-0.1,-1.0,-0.1
3,NONE,-1.0,-0.1,-1.0,-0.1
3,NONE,-1.0,-0.1,-1.0,-0.1
3,NONE,-1.0,-0.1,-1.0,-0.1
3,NONE,-1.0,-0.1,-1.0,-0.1
3,NONE,-1.0,-0.1,-1.0,-0.1
3,NONE,-1.0,-0.1,-1.0,-0.1
3,NONE,-1.0,-0.1,-1.0,-0.1
3,NONE,-1.0,-0.1,-1.0,-0.1
3,NONE,-1.0,-0.1,-1.0,-0.1
3,NONE,-1.0,-0.1,-1.0,-0.1
3,NONE,-1.0,-0.1,-1.0,-0.1
3,NONE,-1.0,-0.1,-1.0,-0.1
3,NONE,-1.0,-0.1,-1.0,-0.1
3,NONE,-1.0,-0.1,-1.0,-0.1
3,NONE,-1.0,-0.1,-1.0,-0.1
3,NONE,-1.0,-0.1,-1.0,-0.1
3,NONE,-1.0,-0.1,-1.0,-0.1
3,NONE,-1.0,-0.1,-1.0,-0.1
3,NONE,-1.0,-0.1,-1.0,-0.1
3,NONE,-1.0,-0.1,-1.0,-0.1
3,NONE,-1.0,-0.1,-1.0,-0.1
3,NONE,-1.0,-0.1,-1.0,-0.1
3,NONE,-1.0,-0.1,-1.0,-0.1
3,NONE,-1.0,-0.1,-1.0,-0.1
3,NONE,-1.0,-0.1,-1.0,-0.1
3,NONE,-1.0,-0.1,-1.0,-0.1
3,NONE,-1.0,-0.1,-1.0,-0.1
3,NONE,-1.0,-0.1,-1.0,-0.1
3,NONE,-1.0,-0.1,-1.0,-0.1
3,NONE,-1.0,-0.1,-1.0,-0.1
3,NONE,-1.0,-0.1,-1.0,-0.1
3,NONE,-1.0,-0.1,-1.0,-0.1
3,NONE,-1.0,-0.1,-1.0,-0.1
3,NONE,-1.0,-0.1,-1.0,-0.1
3,NONE,-1.0,-0.1,-1.0,-0.1
3,NONE,-1.0,-0.1,-1.0,-0.1
3,NONE,-1.0,-0.1,-1.0,-0.1
3,NONE,-1.0,-0.1,-1.0,-0.1
3,NONE,-1.0,-0.1,-1.0,-0.1
3,NONE,-1.0,-0.1,-1.0,-0.1
3,NONE,-1.0,-0.1,-1.0,-0.1
3,NONE,-1.0,-0.1,-1.0,-0.1
3,NONE,-1.0,-0.1,-1.0,-0.1
3,NONE,-1.0,-0.1,-1.0,-0.1
3,NONE,-1.0,-0.1,-1.0,-0.1
3,NONE,-1.0,-0.1,-1.0,-0.1
3,NONE,-1.0,-0.1,-1.0,-0.1
3,NONE,-1.0,-0.1,-1.0,-0.1
3,NONE,-1.0,-0.1,-1.0,-0.1
3,NONE,-1.0,-0.1,-1.0,-0.1
3,NONE,-1.0,-0.1,-1.0,-0.1
3,NONE,-1.0,-0.1,-1.0,-0.1
3,NONE,-1.0,-0.1,-1.0,-0.1
3,NONE,-1.0,-0.1,-1.0,-0.1
3,NONE,-1.0,-0.1,-1.0,-0.1
3,NONE,-1.0,-0.1,-1.0,-0.1
3,NONE,-1.0,-0.1,-1.0,-0.1
3,NONE,-1.0,-0.1,-1.0,-0.1
3,NONE,-1.0,-0.1,-1.0,-0.1
3,NONE,-1.0,-0.1,-1.0,-0.1
3,NONE,-1.0,-0.1,-1.0,-0.1
3,NONE,-1.0,-0.1,-1.0,-0.1
3,NONE,-1.0,-0.1,-1.0,-0.1
3,NONE,-1.0,-0.1,-1.0,-0.1
3,NONE,-1.0,-0.1,-1.0,-0.1
3,NONE,-1.0,-0.1,-1.0,-0.1
3,NONE,-1.0,-0.1,-1.0,-0.1
3,NONE,-1.0,-0.1,-1.0,-0.1
3,NONE,-1.0,-0.1,-1.0,-0.1
3,NONE,-1.0,-0.1,-1.0,-0.1
3,NONE,-1.0,-0.1,-1.0,-0.1
3,NONE,-1.0,-0.1,-1.0,-0.1
3,NONE,-1.0,-0.1,-1.0,-0.1
3,NONE,-1.0,-0.1,-1.0,-0.1
3,NONE,-1.0,-0.1,-1.0,-0.1
3,NONE,-1.0,-0.1,-1.0,-0.1
3,NONE,-1.0,-0.1,-1.0,-0.1
3,NONE,-1.0,-0.1,-1.0,-0.1
3,NONE,-1.0,-0.1,-1.0,-0.1
3,NONE,-1.0,-0.1,-1.0,-0.1
3,NONE,-1.0,-0.1,-1.0,-0.1
3,NONE,-1.0,-0.1,-1.0,-0.1
3,NONE,-1.0,-0.1,-1.0,-0.1
3,NONE,-1.0,-0.1,-1.0,-0.1
3,NONE,-1.0,-0.1,-1.0,-0.1
3,NONE,-1.0,-0.1,-1.0,-0.1
3,NONE,-1.0,-0.1,-1.0,-0.1
3,NONE,-1.0,-0.1,-1.0,-0.1
3,NONE,-1.0,-0.1,-1.0,-0.1
3,NONE,-1.0,-0.1,-1.0,-0.1
3,NONE,-1.0,-0.1,-1.0,-0.1
3,NONE,-1.0,-0.1,-1.0,-0.1
3,NONE,-1.0,-0.1,-1.0,-0.1
3,NONE,-1.0,-0.1,-1.0,-0.1
3,NONE,-1.0,-0.1,-1.0,-0.1
3,NONE,-1.0,-0.1,-1.0,-0.1
3,NONE,-1.0,-0.1,-1.0,-0.1
3,NONE,-1.0,-0.1,-1.0,-0.1
3,NONE,-1.0,-0.1,-1.0,-0.1
3,NONE,-1.0,-0.1,-1.0,-0.1
3,NONE,-1.0,-0.1,-1.0,-0.1
3,NONE,-1.0,-0.1,-1.0,-0.1
3,NONE,-1.0,-0.1,-1.0,-0.1
3,NONE,-1.0,-0.1,-1.0,-0.1
3,NONE,-1.0,-0.1,-1.0,-0.1
3,NONE,-1.0,-0.1,-1.0,-0.1
3,NONE,-1.0,-0.1,-1.0,-0.1
3,NONE,-1.0,-0.1,-1.0,-0.1
3,NONE,-1.0,-0.1,-1.0,-0.1
3,NONE,-1.0,-0.1,-1.0,-0.1
3,NONE,-1.0,-0.1,-1.0,-0.1
3,NONE,-1.0,-0.1,-1.0,-0.1
3,NONE,-1.0,-0.1,-1.0,-0.1
3,NONE,-1.0,-0.1,-1.0,-0.1
3,NONE,-1.0,-0.1,-1.0,-0.1
3,NONE,-1.0,-0.1,-1.0,-0.1
3,NONE,-1.0,-0.1,-1.0,-0.1
3,NONE,-1.0,-0.1,-1.0,-0.1
3,NONE,-1.0,-0.1,-1.0,-0.1
3,NONE,-1.0,-0.1,-1.0,-0.1
3,NONE,-1.0,-0.1,-1.0,-0.1
3,NONE,-1.0,-0.1,-1.0,-0.1
3,NONE,-1.0,-0.1,-1.0,-0.1
3,NONE,-1.0,-0.1,-1.0,-0.1
3,NONE,-1.0,-0.1,-1.0,-0.1
3,NONE,-1.0,-0.1,-1.0,-0.1
3,NONE,-1.0,-0.1,-1.0,-0.1
3,NONE,-1.0,-0.1,-1.0,-0.1
3,NONE,-1.0,-0.1,-1.0,-0.1
3,NONE,-1.0,-0.1,-1.0,-0.1
3,NONE,-1.0,-0.1,-1.0,-0.1
2,EV_B13_C008_Mototaxi_Electrica_P06,-1.0,-0.1,10.0,18.84432188731554
1,EV_B13_C008_Mototaxi_Electrica_P06,4.0,73.44563315055751,-1.0,18.84432188731554
1,EV_B13_C008_Mototaxi_Electrica_P06,3.0,73.44563315055751,-1.0,18.84432188731554
1,EV_B13_C008_Mototaxi_Electrica_P06,2.0,73.44563315055751,-1.0,18.84432188731554
1,EV_B13_C008_Mototaxi_Electrica_P06,1.0,73.44563315055751,-1.0,18.84432188731554
1,EV_B13_C008_Mototaxi_Electrica_P06,0.0,73.44563315055751,-1.0,18.84432188731554
3,NONE,-1.0,-0.1,-1.0,-0.1
3,NONE,-1.0,-0.1,-1.0,-0.1
3,NONE,-1.0,-0.1,-1.0,-0.1
3,NONE,-1.0,-0.1,-1.0,-0.1
3,NONE,-1.0,-0.1,-1.0,-0.1
3,NONE,-1.0,-0.1,-1.0,-0.1
3,NONE,-1.0,-0.1,-1.0,-0.1
3,NONE,-1.0,-0.1,-1.0,-0.1
3,NONE,-1.0,-0.1,-1.0,-0.1
3,NONE,-1.0,-0.1,-1.0,-0.1
3,NONE,-1.0,-0.1,-1.0,-0.1
3,NONE,-1.0,-0.1,-1.0,-0.1
3,NONE,-1.0,-0.1,-1.0,-0.1
3,NONE,-1.0,-0.1,-1.0,-0.1
3,NONE,-1.0,-0.1,-1.0,-0.1
3,NONE,-1.0,-0.1,-1.0,-0.1
3,NONE,-1.0,-0.1,-1.0,-0.1
3,NONE,-1.0,-0.1,-1.0,-0.1
3,NONE,-1.0,-0.1,-1.0,-0.1
3,NONE,-1.0,-0.1,-1.0,-0.1
3,NONE,-1.0,-0.1,-1.0,-0.1
3,NONE,-1.0,-0.1,-1.0,-0.1
3,NONE,-1.0,-0.1,-1.0,-0.1
3,NONE,-1.0,-0.1,-1.0,-0.1
3,NONE,-1.0,-0.1,-1.0,-0.1
3,NONE,-1.0,-0.1,-1.0,-0.1
3,NONE,-1.0,-0.1,-1.0,-0.1
3,NONE,-1.0,-0.1,-1.0,-0.1
3,NONE,-1.0,-0.1,-1.0,-0.1
3,NONE,-1.0,-0.1,-1.0,-0.1
3,NONE,-1.0,-0.1,-1.0,-0.1
3,NONE,-1.0,-0.1,-1.0,-0.1
3,NONE,-1.0,-0.1,-1.0,-0.1
3,NONE,-1.0,-0.1,-1.0,-0.1
3,NONE,-1.0,-0.1,-1.0,-0.1
3,NONE,-1.0,-0.1,-1.0,-0.1
3,NONE,-1.0,-0.1,-1.0,-0.1
3,NONE,-1.0,-0.1,-1.0,-0.1
3,NONE,-1.0,-0.1,-1.0,-0.1
3,NONE,-1.0,-0.1,-1.0,-0.1
3,NONE,-1.0,-0.1,-1.0,-0.1
3,NONE,-1.0,-0.1,-1.0,-0.1
3,NONE,-1.0,-0.1,-1.0,-0.1
3,NONE,-1.0,-0.1,-1.0,-0.1
3,NONE,-1.0,-0.1,-1.0,-0.1
3,NONE,-1.0,-0.1,-1.0,-0.1
3,NONE,-1.0,-0.1,-1.0,-0.1
3,NONE,-1.0,-0.1,-1.0,-0.1
3,NONE,-1.0,-0.1,-1.0,-0.1
3,NONE,-1.0,-0.1,-1.0,-0.1
3,NONE,-1.0,-0.1,-1.0,-0.1
3,NONE,-1.0,-0.1,-1.0,-0.1
3,NONE,-1.0,-0.1,-1.0,-0.1
3,NONE,-1.0,-0.1,-1.0,-0.1
3,NONE,-1.0,-0.1,-1.0,-0.1
3,NONE,-1.0,-0.1,-1.0,-0.1
3,NONE,-1.0,-0.1,-1.0,-0.1
3,NONE,-1.0,-0.1,-1.0,-0.1
3,NONE,-1.0,-0.1,-1.0,-0.1
3,NONE,-1.0,-0.1,-1.0,-0.1
3,NONE,-1.0,-0.1,-1.0,-0.1
3,NONE,-1.0,-0.1,-1.0,-0.1
3,NONE,-1.0,-0.1,-1.0,-0.1
3,NONE,-1.0,-0.1,-1.0,-0.1
2,EV_B13_C008_Mototaxi_Electrica_P07,-1.0,-0.1,8.0,30.245237400848293
1,EV_B13_C008_Mototaxi_Electrica_P07,6.0,86.95877674296534,-1.0,30.245237400848293
1,EV_B13_C008_Mototaxi_Electrica_P07,5.0,86.95877674296534,-1.0,30.245237400848293
1,EV_B13_C008_Mototaxi_Electrica_P07,4.0,86.95877674296534,-1.0,30.245237400848293
1,EV_B13_C008_Mototaxi_Electrica_P07,3.0,86.95877674296534,-1.0,30.245237400848293
1,EV_B13_C008_Mototaxi_Electrica_P07,2.0,86.95877674296534,-1.0,30.245237400848293
1,EV_B13_C008_Mototaxi_Electrica_P07,1.0,86.95877674296534,-1.0,30.245237400848293
1,EV_B13_C008_Mototaxi_Electrica_P07,0.0,86.95877674296534,-1.0,30.245237400848293
3,NONE,-1.0,-0.1,-1.0,-0.1
3,NONE,-1.0,-0.1,-1.0,-0.1
3,NONE,-1.0,-0.1,-1.0,-0.1
3,NONE,-1.0,-0.1,-1.0,-0.1
3,NONE,-1.0,-0.1,-1.0,-0.1
3,NONE,-1.0,-0.1,-1.0,-0.1
3,NONE,-1.0,-0.1,-1.0,-0.1
3,NONE,-1.0,-0.1,-1.0,-0.1
3,NONE,-1.0,-0.1,-1.0,-0.1
3,NONE,-1.0,-0.1,-1.0,-0.1
3,NONE,-1.0,-0.1,-1.0,-0.1
3,NONE,-1.0,-0.1,-1.0,-0.1
3,NONE,-1.0,-0.1,-1.0,-0.1
3,NONE,-1.0,-0.1,-1.0,-0.1
3,NONE,-1.0,-0.1,-1.0,-0.1
3,NONE,-1.0,-0.1,-1.0,-0.1
3,NONE,-1.0,-0.1,-1.0,-0.1
3,NONE,-1.0,-0.1,-1.0,-0.1
3,NONE,-1.0,-0.1,-1.0,-0.1
3,NONE,-1.0,-0.1,-1.0,-0.1
3,NONE,-1.0,-0.1,-1.0,-0.1
3,NONE,-1.0,-0.1,-1.0,-0.1
3,NONE,-1.0,-0.1,-1.0,-0.1
3,NONE,-1.0,-0.1,-1.0,-0.1
3,NONE,-1.0,-0.1,-1.0,-0.1
3,NONE,-1.0,-0.1,-1.0,-0.1
3,NONE,-1.0,-0.1,-1.0,-0.1
3,NONE,-1.0,-0.1,-1.0,-0.1
3,NONE,-1.0,-0.1,-1.0,-0.1
3,NONE,-1.0,-0.1,-1.0,-0.1
3,NONE,-1.0,-0.1,-1.0,-0.1
3,NONE,-1.0,-0.1,-1.0,-0.1
3,NONE,-1.0,-0.1,-1.0,-0.1
3,NONE,-1.0,-0.1,-1.0,-0.1
3,NONE,-1.0,-0.1,-1.0,-0.1
3,NONE,-1.0,-0.1,-1.0,-0.1
3,NONE,-1.0,-0.1,-1.0,-0.1
3,NONE,-1.0,-0.1,-1.0,-0.1
3,NONE,-1.0,-0.1,-1.0,-0.1
2,EV_B13_C008_Mototaxi_Electrica_P08,-1.0,-0.1,7.0,44.13210087359189
1,EV_B13_C008_Mototaxi_Electrica_P08,7.0,83.6886023769557,-1.0,44.13210087359189
1,EV_B13_C008_Mototaxi_Electrica_P08,6.0,83.6886023769557,-1.0,44.13210087359189
1,EV_B13_C008_Mototaxi_Electrica_P08,5.0,83.6886023769557,-1.0,44.13210087359189
1,EV_B13_C008_Mototaxi_Electrica_P08,4.0,83.6886023769557,-1.0,44.13210087359189
1,EV_B13_C008_Mototaxi_Electrica_P08,3.0,83.6886023769557,-1.0,44.13210087359189
1,EV_B13_C008_Mototaxi_Electrica_P08,2.0,83.6886023769557,-1.0,44.13210087359189
1,EV_B13_C008_Mototaxi_Electrica_P08,1.0,83.6886023769557,-1.0,44.13210087359189
1,EV_B13_C008_Mototaxi_Electrica_P08,0.0,83.6886023769557,-1.0,44.13210087359189
3,NONE,-1.0,-0.1,-1.0,-0.1
3,NONE,-1.0,-0.1,-1.0,-0.1
3,NONE,-1.0,-0.1,-1.0,-0.1
3,NONE,-1.0,-0.1,-1.0,-0.1
3,NONE,-1.0,-0.1,-1.0,-0.1
3,NONE,-1.0,-0.1,-1.0,-0.1
3,NONE,-1.0,-0.1,-1.0,-0.1
3,NONE,-1.0,-0.1,-1.0,-0.1
3,NONE,-1.0,-0.1,-1.0,-0.1
3,NONE,-1.0,-0.1,-1.0,-0.1
3,NONE,-1.0,-0.1,-1.0,-0.1
3,NONE,-1.0,-0.1,-1.0,-0.1
3,NONE,-1.0,-0.1,-1.0,-0.1
3,NONE,-1.0,-0.1,-1.0,-0.1
3,NONE,-1.0,-0.1,-1.0,-0.1
3,NONE,-1.0,-0.1,-1.0,-0.1
3,NONE,-1.0,-0.1,-1.0,-0.1
3,NONE,-1.0,-0.1,-1.0,-0.1
3,NONE,-1.0,-0.1,-1.0,-0.1
3,NONE,-1.0,-0.1,-1.0,-0.1
3,NONE,-1.0,-0.1,-1.0,-0.1
3,NONE,-1.0,-0.1,-1.0,-0.1
3,NONE,-1.0,-0.1,-1.0,-0.1
3,NONE,-1.0,-0.1,-1.0,-0.1
3,NONE,-1.0,-0.1,-1.0,-0.1
3,NONE,-1.0,-0.1,-1.0,-0.1
3,NONE,-1.0,-0.1,-1.0,-0.1
3,NONE,-1.0,-0.1,-1.0,-0.1
3,NONE,-1.0,-0.1,-1.0,-0.1
3,NONE,-1.0,-0.1,-1.0,-0.1
3,NONE,-1.0,-0.1,-1.0,-0.1
3,NONE,-1.0,-0.1,-1.0,-0.1
3,NONE,-1.0,-0.1,-1.0,-0.1
3,NONE,-1.0,-0.1,-1.0,-0.1
3,NONE,-1.0,-0.1,-1.0,-0.1
3,NONE,-1.0,-0.1,-1.0,-0.1
3,NONE,-1.0,-0.1,-1.0,-0.1
3,NONE,-1.0,-0.1,-1.0,-0.1
3,NONE,-1.0,-0.1,-1.0,-0.1
2,EV_B13_C008_Mototaxi_Electrica_P09,-1.0,-0.1,7.0,30.588122033764556
1,EV_B13_C008_Mototaxi_Electrica_P09,7.0,84.4530937959298,-1.0,30.588122033764556
1,EV_B13_C008_Mototaxi_Electrica_P09,6.0,84.4530937959298,-1.0,30.588122033764556
1,EV_B13_C008_Mototaxi_Electrica_P09,5.0,84.4530937959298,-1.0,30.588122033764556
1,EV_B13_C008_Mototaxi_Electrica_P09,4.0,84.4530937959298,-1.0,30.588122033764556
1,EV_B13_C008_Mototaxi_Electrica_P09,3.0,84.4530937959298,-1.0,30.588122033764556
1,EV_B13_C008_Mototaxi_Electrica_P09,2.0,84.4530937959298,-1.0,30.588122033764556
1,EV_B13_C008_Mototaxi_Electrica_P09,1.0,84.4530937959298,-1.0,30.588122033764556
1,EV_B13_C008_Mototaxi_Electrica_P09,0.0,84.4530937959298,-1.0,30.588122033764556
3,NONE,-1.0,-0.1,-1.0,-0.1
3,NONE,-1.0,-0.1,-1.0,-0.1
3,NONE,-1.0,-0.1,-1.0,-0.1
3,NONE,-1.0,-0.1,-1.0,-0.1
3,NONE,-1.0,-0.1,-1.0,-0.1
3,NONE,-1.0,-0.1,-1.0,-0.1
3,NONE,-1.0,-0.1,-1.0,-0.1
3,NONE,-1.0,-0.1,-1.0,-0.1
3,NONE,-1.0,-0.1,-1.0,-0.1
3,NONE,-1.0,-0.1,-1.0,-0.1
3,NONE,-1.0,-0.1,-1.0,-0.1
3,NONE,-1.0,-0.1,-1.0,-0.1
3,NONE,-1.0,-0.1,-1.0,-0.1
3,NONE,-1.0,-0.1,-1.0,-0.1
3,NONE,-1.0,-0.1,-1.0,-0.1
3,NONE,-1.0,-0.1,-1.0,-0.1
3,NONE,-1.0,-0.1,-1.0,-0.1
3,NONE,-1.0,-0.1,-1.0,-0.1
3,NONE,-1.0,-0.1,-1.0,-0.1
3,NONE,-1.0,-0.1,-1.0,-0.1
3,NONE,-1.0,-0.1,-1.0,-0.1
3,NONE,-1.0,-0.1,-1.0,-0.1
3,NONE,-1.0,-0.1,-1.0,-0.1
3,NONE,-1.0,-0.1,-1.0,-0.1
3,NONE,-1.0,-0.1,-1.0,-0.1
3,NONE,-1.0,-0.1,-1.0,-0.1
3,NONE,-1.0,-0.1,-1.0,-0.1
3,NONE,-1.0,-0.1,-1.0,-0.1
3,NONE,-1.0,-0.1,-1.0,-0.1
3,NONE,-1.0,-0.1,-1.0,-0.1
3,NONE,-1.0,-0.1,-1.0,-0.1
3,NONE,-1.0,-0.1,-1.0,-0.1
3,NONE,-1.0,-0.1,-1.0,-0.1
3,NONE,-1.0,-0.1,-1.0,-0.1
3,NONE,-1.0,-0.1,-1.0,-0.1
3,NONE,-1.0,-0.1,-1.0,-0.1
3,NONE,-1.0,-0.1,-1.0,-0.1
3,NONE,-1.0,-0.1,-1.0,-0.1
3,NONE,-1.0,-0.1,-1.0,-0.1
3,NONE,-1.0,-0.1,-1.0,-0.1
3,NONE,-1.0,-0.1,-1.0,-0.1
3,NONE,-1.0,-0.1,-1.0,-0.1
3,NONE,-1.0,-0.1,-1.0,-0.1
3,NONE,-1.0,-0.1,-1.0,-0.1
3,NONE,-1.0,-0.1,-1.0,-0.1
3,NONE,-1.0,-0.1,-1.0,-0.1
3,NONE,-1.0,-0.1,-1.0,-0.1
3,NONE,-1.0,-0.1,-1.0,-0.1
3,NONE,-1.0,-0.1,-1.0,-0.1
3,NONE,-1.0,-0.1,-1.0,-0.1
3,NONE,-1.0,-0.1,-1.0,-0.1
3,NONE,-1.0,-0.1,-1.0,-0.1
3,NONE,-1.0,-0.1,-1.0,-0.1
3,NONE,-1.0,-0.1,-1.0,-0.1
3,NONE,-1.0,-0.1,-1.0,-0.1
3,NONE,-1.0,-0.1,-1.0,-0.1
3,NONE,-1.0,-0.1,-1.0,-0.1
3,NONE,-1.0,-0.1,-1.0,-0.1
3,NONE,-1.0,-0.1,-1.0,-0.1
3,NONE,-1.0,-0.1,-1.0,-0.1
3,NONE,-1.0,-0.1,-1.0,-0.1
3,NONE,-1.0,-0.1,-1.0,-0.1
3,NONE,-1.0,-0.1,-1.0,-0.1
3,NONE,-1.0,-0.1,-1.0,-0.1
3,NONE,-1.0,-0.1,-1.0,-0.1
3,NONE,-1.0,-0.1,-1.0,-0.1
3,NONE,-1.0,-0.1,-1.0,-0.1
3,NONE,-1.0,-0.1,-1.0,-0.1
3,NONE,-1.0,-0.1,-1.0,-0.1
3,NONE,-1.0,-0.1,-1.0,-0.1
3,NONE,-1.0,-0.1,-1.0,-0.1
3,NONE,-1.0,-0.1,-1.0,-0.1
3,NONE,-1.0,-0.1,-1.0,-0.1
3,NONE,-1.0,-0.1,-1.0,-0.1
3,NONE,-1.0,-0.1,-1.0,-0.1
3,NONE,-1.0,-0.1,-1.0,-0.1
3,NONE,-1.0,-0.1,-1.0,-0.1
3,NONE,-1.0,-0.1,-1.0,-0.1
3,NONE,-1.0,-0.1,-1.0,-0.1
3,NONE,-1.0,-0.1,-1.0,-0.1
3,NONE,-1.0,-0.1,-1.0,-0.1
3,NONE,-1.0,-0.1,-1.0,-0.1
3,NONE,-1.0,-0.1,-1.0,-0.1
3,NONE,-1.0,-0.1,-1.0,-0.1
3,NONE,-1.0,-0.1,-1.0,-0.1
3,NONE,-1.0,-0.1,-1.0,-0.1
3,NONE,-1.0,-0.1,-1.0,-0.1
3,NONE,-1.0,-0.1,-1.0,-0.1
3,NONE,-1.0,-0.1,-1.0,-0.1
2,EV_B13_C008_Mototaxi_Electrica_P10,-1.0,-0.1,9.0,29.65715866488084
1,EV_B13_C008_Mototaxi_Electrica_P10,5.0,79.19957663927956,-1.0,29.65715866488084
1,EV_B13_C008_Mototaxi_Electrica_P10,4.0,79.19957663927956,-1.0,29.65715866488084
1,EV_B13_C008_Mototaxi_Electrica_P10,3.0,79.19957663927956,-1.0,29.65715866488084
1,EV_B13_C008_Mototaxi_Electrica_P10,2.0,79.19957663927956,-1.0,29.65715866488084
1,EV_B13_C008_Mototaxi_Electrica_P10,1.0,79.19957663927956,-1.0,29.65715866488084
1,EV_B13_C008_Mototaxi_Electrica_P10,0.0,79.19957663927956,-1.0,29.65715866488084
3,NONE,-1.0,-0.1,-1.0,-0.1
3,NONE,-1.0,-0.1,-1.0,-0.1
3,NONE,-1.0,-0.1,-1.0,-0.1
3,NONE,-1.0,-0.1,-1.0,-0.1
3,NONE,-1.0,-0.1,-1.0,-0.1
3,NONE,-1.0,-0.1,-1.0,-0.1
3,NONE,-1.0,-0.1,-1.0,-0.1
3,NONE,-1.0,-0.1,-1.0,-0.1
3,NONE,-1.0,-0.1,-1.0,-0.1
3,NONE,-1.0,-0.1,-1.0,-0.1
3,NONE,-1.0,-0.1,-1.0,-0.1
3,NONE,-1.0,-0.1,-1.0,-0.1
3,NONE,-1.0,-0.1,-1.0,-0.1
3,NONE,-1.0,-0.1,-1.0,-0.1
3,NONE,-1.0,-0.1,-1.0,-0.1
3,NONE,-1.0,-0.1,-1.0,-0.1
3,NONE,-1.0,-0.1,-1.0,-0.1
3,NONE,-1.0,-0.1,-1.0,-0.1
2,EV_B13_C008_Mototaxi_Electrica_P01,-1.0,-0.1,10.0,36.961081378217195
1,EV_B13_C008_Mototaxi_Electrica_P01,4.0,80.73508023553715,-1.0,36.961081378217195
1,EV_B13_C008_Mototaxi_Electrica_P01,3.0,80.73508023553715,-1.0,36.961081378217195
1,EV_B13_C008_Mototaxi_Electrica_P01,2.0,80.73508023553715,-1.0,36.961081378217195
1,EV_B13_C008_Mototaxi_Electrica_P01,1.0,80.73508023553715,-1.0,36.961081378217195
1,EV_B13_C008_Mototaxi_Electrica_P01,0.0,80.73508023553715,-1.0,36.961081378217195
3,NONE,-1.0,-0.1,-1.0,-0.1
3,NONE,-1.0,-0.1,-1.0,-0.1
3,NONE,-1.0,-0.1,-1.0,-0.1
3,NONE,-1.0,-0.1,-1.0,-0.1
3,NONE,-1.0,-0.1,-1.0,-0.1
3,NONE,-1.0,-0.1,-1.0,-0.1
3,NONE,-1.0,-0.1,-1.0,-0.1
3,NONE,-1.0,-0.1,-1.0,-0.1
3,NONE,-1.0,-0.1,-1.0,-0.1
3,NONE,-1.0,-0.1,-1.0,-0.1
3,NONE,-1.0,-0.1,-1.0,-0.1
3,NONE,-1.0,-0.1,-1.0,-0.1
3,NONE,-1.0,-0.1,-1.0,-0.1
3,NONE,-1.0,-0.1,-1.0,-0.1
3,NONE,-1.0,-0.1,-1.0,-0.1
3,NONE,-1.0,-0.1,-1.0,-0.1
3,NONE,-1.0,-0.1,-1.0,-0.1
2,EV_B13_C008_Mototaxi_Electrica_P02,-1.0,-0.1,9.0,36.93553638900979
1,EV_B13_C008_Mototaxi_Electrica_P02,5.0,86.14984772307277,-1.0,36.93553638900979
1,EV_B13_C008_Mototaxi_Electrica_P02,4.0,86.14984772307277,-1.0,36.93553638900979
1,EV_B13_C008_Mototaxi_Electrica_P02,3.0,86.14984772307277,-1.0,36.93553638900979
1,EV_B13_C008_Mototaxi_Electrica_P02,2.0,86.14984772307277,-1.0,36.93553638900979
1,EV_B13_C008_Mototaxi_Electrica_P02,1.0,86.14984772307277,-1.0,36.93553638900979
1,EV_B13_C008_Mototaxi_Electrica_P02,0.0,86.14984772307277,-1.0,36.93553638900979
3,NONE,-1.0,-0.1,-1.0,-0.1
3,NONE,-1.0,-0.1,-1.0,-0.1
3,NONE,-1.0,-0.1,-1.0,-0.1
3,NONE,-1.0,-0.1,-1.0,-0.1
3,NONE,-1.0,-0.1,-1.0,-0.1
3,NONE,-1.0,-0.1,-1.0,-0.1
3,NONE,-1.0,-0.1,-1.0,-0.1
3,NONE,-1.0,-0.1,-1.0,-0.1
3,NONE,-1.0,-0.1,-1.0,-0.1
3,NONE,-1.0,-0.1,-1.0,-0.1
3,NONE,-1.0,-0.1,-1.0,-0.1
3,NONE,-1.0,-0.1,-1.0,-0.1
3,NONE,-1.0,-0.1,-1.0,-0.1
3,NONE,-1.0,-0.1,-1.0,-0.1
3,NONE,-1.0,-0.1,-1.0,-0.1
3,NONE,-1.0,-0.1,-1.0,-0.1
2,EV_B13_C008_Mototaxi_Electrica_P03,-1.0,-0.1,8.0,36.844324611670345
1,EV_B13_C008_Mototaxi_Electrica_P03,6.0,79.38619711091292,-1.0,36.844324611670345
1,EV_B13_C008_Mototaxi_Electrica_P03,5.0,79.38619711091292,-1.0,36.844324611670345
1,EV_B13_C008_Mototaxi_Electrica_P03,4.0,79.38619711091292,-1.0,36.844324611670345
1,EV_B13_C008_Mototaxi_Electrica_P03,3.0,79.38619711091292,-1.0,36.844324611670345
1,EV_B13_C008_Mototaxi_Electrica_P03,2.0,79.38619711091292,-1.0,36.844324611670345
1,EV_B13_C008_Mototaxi_Electrica_P03,1.0,79.38619711091292,-1.0,36.844324611670345
1,EV_B13_C008_Mototaxi_Electrica_P03,0.0,79.38619711091292,-1.0,36.844324611670345
3,NONE,-1.0,-0.1,-1.0,-0.1
3,NONE,-1.0,-0.1,-1.0,-0.1
3,NONE,-1.0,-0.1,-1.0,-0.1
3,NONE,-1.0,-0.1,-1.0,-0.1
3,NONE,-1.0,-0.1,-1.0,-0.1
3,NONE,-1.0,-0.1,-1.0,-0.1
3,NONE,-1.0,-0.1,-1.0,-0.1
3,NONE,-1.0,-0.1,-1.0,-0.1
3,NONE,-1.0,-0.1,-1.0,-0.1
3,NONE,-1.0,-0.1,-1.0,-0.1
3,NONE,-1.0,-0.1,-1.0,-0.1
3,NONE,-1.0,-0.1,-1.0,-0.1
3,NONE,-1.0,-0.1,-1.0,-0.1
3,NONE,-1.0,-0.1,-1.0,-0.1
3,NONE,-1.0,-0.1,-1.0,-0.1
3,NONE,-1.0,-0.1,-1.0,-0.1
3,NONE,-1.0,-0.1,-1.0,-0.1
3,NONE,-1.0,-0.1,-1.0,-0.1
3,NONE,-1.0,-0.1,-1.0,-0.1
3,NONE,-1.0,-0.1,-1.0,-0.1
3,NONE,-1.0,-0.1,-1.0,-0.1
3,NONE,-1.0,-0.1,-1.0,-0.1
3,NONE,-1.0,-0.1,-1.0,-0.1
3,NONE,-1.0,-0.1,-1.0,-0.1
3,NONE,-1.0,-0.1,-1.0,-0.1
3,NONE,-1.0,-0.1,-1.0,-0.1
3,NONE,-1.0,-0.1,-1.0,-0.1
3,NONE,-1.0,-0.1,-1.0,-0.1
3,NONE,-1.0,-0.1,-1.0,-0.1
3,NONE,-1.0,-0.1,-1.0,-0.1
3,NONE,-1.0,-0.1,-1.0,-0.1
3,NONE,-1.0,-0.1,-1.0,-0.1
3,NONE,-1.0,-0.1,-1.0,-0.1
3,NONE,-1.0,-0.1,-1.0,-0.1
3,NONE,-1.0,-0.1,-1.0,-0.1
3,NONE,-1.0,-0.1,-1.0,-0.1
3,NONE,-1.0,-0.1,-1.0,-0.1
3,NONE,-1.0,-0.1,-1.0,-0.1
3,NONE,-1.0,-0.1,-1.0,-0.1
3,NONE,-1.0,-0.1,-1.0,-0.1
3,NONE,-1.0,-0.1,-1.0,-0.1
3,NONE,-1.0,-0.1,-1.0,-0.1
3,NONE,-1.0,-0.1,-1.0,-0.1
3,NONE,-1.0,-0.1,-1.0,-0.1
3,NONE,-1.0,-0.1,-1.0,-0.1
3,NONE,-1.0,-0.1,-1.0,-0.1
3,NONE,-1.0,-0.1,-1.0,-0.1
3,NONE,-1.0,-0.1,-1.0,-0.1
3,NONE,-1.0,-0.1,-1.0,-0.1
3,NONE,-1.0,-0.1,-1.0,-0.1
3,NONE,-1.0,-0.1,-1.0,-0.1
3,NONE,-1.0,-0.1,-1.0,-0.1
3,NONE,-1.0,-0.1,-1.0,-0.1
3,NONE,-1.0,-0.1,-1.0,-0.1
3,NONE,-1.0,-0.1,-1.0,-0.1
3,NONE,-1.0,-0.1,-1.0,-0.1
3,NONE,-1.0,-0.1,-1.0,-0.1
3,NONE,-1.0,-0.1,-1.0,-0.1
3,NONE,-1.0,-0.1,-1.0,-0.1
3,NONE,-1.0,-0.1,-1.0,-0.1
3,NONE,-1.0,-0.1,-1.0,-0.1
3,NONE,-1.0,-0.1,-1.0,-0.1
3,NONE,-1.0,-0.1,-1.0,-0.1
3,NONE,-1.0,-0.1,-1.0,-0.1
3,NONE,-1.0,-0.1,-1.0,-0.1
2,EV_B13_C008_Mototaxi_Electrica_P04,-1.0,-0.1,9.0,37.92978413834876
1,EV_B13_C008_Mototaxi_Electrica_P04,5.0,77.72550126187619,-1.0,37.92978413834876
1,EV_B13_C008_Mototaxi_Electrica_P04,4.0,77.72550126187619,-1.0,37.92978413834876
1,EV_B13_C008_Mototaxi_Electrica_P04,3.0,77.72550126187619,-1.0,37.92978413834876
1,EV_B13_C008_Mototaxi_Electrica_P04,2.0,77.72550126187619,-1.0,37.92978413834876
1,EV_B13_C008_Mototaxi_Electrica_P04,1.0,77.72550126187619,-1.0,37.92978413834876
1,EV_B13_C008_Mototaxi_Electrica_P04,0.0,77.72550126187619,-1.0,37.92978413834876
3,NONE,-1.0,-0.1,-1.0,-0.1
3,NONE,-1.0,-0.1,-1.0,-0.1
3,NONE,-1.0,-0.1,-1.0,-0.1
3,NONE,-1.0,-0.1,-1.0,-0.1
3,NONE,-1.0,-0.1,-1.0,-0.1
3,NONE,-1.0,-0.1,-1.0,-0.1
3,NONE,-1.0,-0.1,-1.0,-0.1
3,NONE,-1.0,-0.1,-1.0,-0.1
3,NONE,-1.0,-0.1,-1.0,-0.1
3,NONE,-1.0,-0.1,-1.0,-0.1
3,NONE,-1.0,-0.1,-1.0,-0.1
3,NONE,-1.0,-0.1,-1.0,-0.1
3,NONE,-1.0,-0.1,-1.0,-0.1
3,NONE,-1.0,-0.1,-1.0,-0.1
3,NONE,-1.0,-0.1,-1.0,-0.1
3,NONE,-1.0,-0.1,-1.0,-0.1
3,NONE,-1.0,-0.1,-1.0,-0.1
2,EV_B13_C008_Mototaxi_Electrica_P05,-1.0,-0.1,9.0,41.9444152418924
1,EV_B13_C008_Mototaxi_Electrica_P05,5.0,90.73736923035737,-1.0,41.9444152418924
1,EV_B13_C008_Mototaxi_Electrica_P05,4.0,90.73736923035737,-1.0,41.9444152418924
1,EV_B13_C008_Mototaxi_Electrica_P05,3.0,90.73736923035737,-1.0,41.9444152418924
1,EV_B13_C008_Mototaxi_Electrica_P05,2.0,90.73736923035737,-1.0,41.9444152418924
1,EV_B13_C008_Mototaxi_Electrica_P05,1.0,90.73736923035737,-1.0,41.9444152418924
1,EV_B13_C008_Mototaxi_Electrica_P05,0.0,90.73736923035737,-1.0,41.9444152418924
3,NONE,-1.0,-0.1,-1.0,-0.1
3,NONE,-1.0,-0.1,-1.0,-0.1
3,NONE,-1.0,-0.1,-1.0,-0.1
3,NONE,-1.0,-0.1,-1.0,-0.1
3,NONE,-1.0,-0.1,-1.0,-0.1
3,NONE,-1.0,-0.1,-1.0,-0.1
3,NONE,-1.0,-0.1,-1.0,-0.1
3,NONE,-1.0,-0.1,-1.0,-0.1
3,NONE,-1.0,-0.1,-1.0,-0.1
3,NONE,-1.0,-0.1,-1.0,-0.1
3,NONE,-1.0,-0.1,-1.0,-0.1
3,NONE,-1.0,-0.1,-1.0,-0.1
3,NONE,-1.0,-0.1,-1.0,-0.1
3,NONE,-1.0,-0.1,-1.0,-0.1
3,NONE,-1.0,-0.1,-1.0,-0.1
3,NONE,-1.0,-0.1,-1.0,-0.1
3,NONE,-1.0,-0.1,-1.0,-0.1
2,EV_B13_C008_Mototaxi_Electrica_P06,-1.0,-0.1,9.0,39.128747018697105
1,EV_B13_C008_Mototaxi_Electrica_P06,5.0,82.07557195530357,-1.0,39.128747018697105
1,EV_B13_C008_Mototaxi_Electrica_P06,4.0,82.07557195530357,-1.0,39.128747018697105
1,EV_B13_C008_Mototaxi_Electrica_P06,3.0,82.07557195530357,-1.0,39.128747018697105
1,EV_B13_C008_Mototaxi_Electrica_P06,2.0,82.07557195530357,-1.0,39.128747018697105
1,EV_B13_C008_Mototaxi_Electrica_P06,1.0,82.07557195530357,-1.0,39.128747018697105
1,EV_B13_C008_Mototaxi_Electrica_P06,0.0,82.07557195530357,-1.0,39.128747018697105
3,NONE,-1.0,-0.1,-1.0,-0.1
3,NONE,-1.0,-0.1,-1.0,-0.1
3,NONE,-1.0,-0.1,-1.0,-0.1
3,NONE,-1.0,-0.1,-1.0,-0.1
3,NONE,-1.0,-0.1,-1.0,-0.1
3,NONE,-1.0,-0.1,-1.0,-0.1
3,NONE,-1.0,-0.1,-1.0,-0.1
3,NONE,-1.0,-0.1,-1.0,-0.1
3,NONE,-1.0,-0.1,-1.0,-0.1
3,NONE,-1.0,-0.1,-1.0,-0.1
3,NONE,-1.0,-0.1,-1.0,-0.1
3,NONE,-1.0,-0.1,-1.0,-0.1
3,NONE,-1.0,-0.1,-1.0,-0.1
3,NONE,-1.0,-0.1,-1.0,-0.1
3,NONE,-1.0,-0.1,-1.0,-0.1
2,EV_B13_C008_Mototaxi_Electrica_P07,-1.0,-0.1,7.0,35.98317996358673
1,EV_B13_C008_Mototaxi_Electrica_P07,7.0,82.55078904682358,-1.0,35.98317996358673
1,EV_B13_C008_Mototaxi_Electrica_P07,6.0,82.55078904682358,-1.0,35.98317996358673
1,EV_B13_C008_Mototaxi_Electrica_P07,5.0,82.55078904682358,-1.0,35.98317996358673
1,EV_B13_C008_Mototaxi_Electrica_P07,4.0,82.55078904682358,-1.0,35.98317996358673
1,EV_B13_C008_Mototaxi_Electrica_P07,3.0,82.55078904682358,-1.0,35.98317996358673
1,EV_B13_C008_Mototaxi_Electrica_P07,2.0,82.55078904682358,-1.0,35.98317996358673
1,EV_B13_C008_Mototaxi_Electrica_P07,1.0,82.55078904682358,-1.0,35.98317996358673
1,EV_B13_C008_Mototaxi_Electrica_P07,0.0,82.55078904682358,-1.0,35.98317996358673
3,NONE,-1.0,-0.1,-1.0,-0.1
3,NONE,-1.0,-0.1,-1.0,-0.1
3,NONE,-1.0,-0.1,-1.0,-0.1
3,NONE,-1.0,-0.1,-1.0,-0.1
3,NONE,-1.0,-0.1,-1.0,-0.1
3,NONE,-1.0,-0.1,-1.0,-0.1
3,NONE,-1.0,-0.1,-1.0,-0.1
3,NONE,-1.0,-0.1,-1.0,-0.1
3,NONE,-1.0,-0.1,-1.0,-0.1
3,NONE,-1.0,-0.1,-1.0,-0.1
3,NONE,-1.0,-0.1,-1.0,-0.1
3,NONE,-1.0,-0.1,-1.0,-0.1
3,NONE,-1.0,-0.1,-1.0,-0.1
3,NONE,-1.0,-0.1,-1.0,-0.1
3,NONE,-1.0,-0.1,-1.0,-0.1
3,NONE,-1.0,-0.1,-1.0,-0.1
2,EV_B13_C008_Mototaxi_Electrica_P08,-1.0,-0.1,8.0,36.57120553590651
1,EV_B13_C008_Mototaxi_Electrica_P08,6.0,78.95397077014076,-1.0,36.57120553590651
1,EV_B13_C008_Mototaxi_Electrica_P08,5.0,78.95397077014076,-1.0,36.57120553590651
1,EV_B13_C008_Mototaxi_Electrica_P08,4.0,78.95397077014076,-1.0,36.57120553590651
1,EV_B13_C008_Mototaxi_Electrica_P08,3.0,78.95397077014076,-1.0,36.57120553590651
1,EV_B13_C008_Mototaxi_Electrica_P08,2.0,78.95397077014076,-1.0,36.57120553590651
1,EV_B13_C008_Mototaxi_Electrica_P08,1.0,78.95397077014076,-1.0,36.57120553590651
1,EV_B13_C008_Mototaxi_Electrica_P08,0.0,78.95397077014076,-1.0,36.57120553590651
3,NONE,-1.0,-0.1,-1.0,-0.1
3,NONE,-1.0,-0.1,-1.0,-0.1
3,NONE,-1.0,-0.1,-1.0,-0.1
3,NONE,-1.0,-0.1,-1.0,-0.1
3,NONE,-1.0,-0.1,-1.0,-0.1
3,NONE,-1.0,-0.1,-1.0,-0.1
3,NONE,-1.0,-0.1,-1.0,-0.1
3,NONE,-1.0,-0.1,-1.0,-0.1
3,NONE,-1.0,-0.1,-1.0,-0.1
3,NONE,-1.0,-0.1,-1.0,-0.1
3,NONE,-1.0,-0.1,-1.0,-0.1
3,NONE,-1.0,-0.1,-1.0,-0.1
3,NONE,-1.0,-0.1,-1.0,-0.1
3,NONE,-1.0,-0.1,-1.0,-0.1
3,NONE,-1.0,-0.1,-1.0,-0.1
3,NONE,-1.0,-0.1,-1.0,-0.1
3,NONE,-1.0,-0.1,-1.0,-0.1
3,NONE,-1.0,-0.1,-1.0,-0.1
3,NONE,-1.0,-0.1,-1.0,-0.1
3,NONE,-1.0,-0.1,-1.0,-0.1
3,NONE,-1.0,-0.1,-1.0,-0.1
3,NONE,-1.0,-0.1,-1.0,-0.1
3,NONE,-1.0,-0.1,-1.0,-0.1
3,NONE,-1.0,-0.1,-1.0,-0.1
3,NONE,-1.0,-0.1,-1.0,-0.1
3,NONE,-1.0,-0.1,-1.0,-0.1
3,NONE,-1.0,-0.1,-1.0,-0.1
3,NONE,-1.0,-0.1,-1.0,-0.1
3,NONE,-1.0,-0.1,-1.0,-0.1
3,NONE,-1.0,-0.1,-1.0,-0.1
3,NONE,-1.0,-0.1,-1.0,-0.1
3,NONE,-1.0,-0.1,-1.0,-0.1
3,NONE,-1.0,-0.1,-1.0,-0.1
3,NONE,-1.0,-0.1,-1.0,-0.1
3,NONE,-1.0,-0.1,-1.0,-0.1
3,NONE,-1.0,-0.1,-1.0,-0.1
3,NONE,-1.0,-0.1,-1.0,-0.1
3,NONE,-1.0,-0.1,-1.0,-0.1
3,NONE,-1.0,-0.1,-1.0,-0.1
3,NONE,-1.0,-0.1,-1.0,-0.1
3,NONE,-1.0,-0.1,-1.0,-0.1
3,NONE,-1.0,-0.1,-1.0,-0.1
3,NONE,-1.0,-0.1,-1.0,-0.1
3,NONE,-1.0,-0.1,-1.0,-0.1
3,NONE,-1.0,-0.1,-1.0,-0.1
3,NONE,-1.0,-0.1,-1.0,-0.1
3,NONE,-1.0,-0.1,-1.0,-0.1
3,NONE,-1.0,-0.1,-1.0,-0.1
3,NONE,-1.0,-0.1,-1.0,-0.1
3,NONE,-1.0,-0.1,-1.0,-0.1
3,NONE,-1.0,-0.1,-1.0,-0.1
3,NONE,-1.0,-0.1,-1.0,-0.1
3,NONE,-1.0,-0.1,-1.0,-0.1
3,NONE,-1.0,-0.1,-1.0,-0.1
3,NONE,-1.0,-0.1,-1.0,-0.1
3,NONE,-1.0,-0.1,-1.0,-0.1
3,NONE,-1.0,-0.1,-1.0,-0.1
3,NONE,-1.0,-0.1,-1.0,-0.1
3,NONE,-1.0,-0.1,-1.0,-0.1
3,NONE,-1.0,-0.1,-1.0,-0.1
3,NONE,-1.0,-0.1,-1.0,-0.1
3,NONE,-1.0,-0.1,-1.0,-0.1
3,NONE,-1.0,-0.1,-1.0,-0.1
3,NONE,-1.0,-0.1,-1.0,-0.1
3,NONE,-1.0,-0.1,-1.0,-0.1
3,NONE,-1.0,-0.1,-1.0,-0.1
3,NONE,-1.0,-0.1,-1.0,-0.1
3,NONE,-1.0,-0.1,-1.0,-0.1
3,NONE,-1.0,-0.1,-1.0,-0.1
3,NONE,-1.0,-0.1,-1.0,-0.1
3,NONE,-1.0,-0.1,-1.0,-0.1
3,NONE,-1.0,-0.1,-1.0,-0.1
3,NONE,-1.0,-0.1,-1.0,-0.1
3,NONE,-1.0,-0.1,-1.0,-0.1
3,NONE,-1.0,-0.1,-1.0,-0.1
3,NONE,-1.0,-0.1,-1.0,-0.1
3,NONE,-1.0,-0.1,-1.0,-0.1
3,NONE,-1.0,-0.1,-1.0,-0.1
3,NONE,-1.0,-0.1,-1.0,-0.1
3,NONE,-1.0,-0.1,-1.0,-0.1
3,NONE,-1.0,-0.1,-1.0,-0.1
3,NONE,-1.0,-0.1,-1.0,-0.1
3,NONE,-1.0,-0.1,-1.0,-0.1
3,NONE,-1.0,-0.1,-1.0,-0.1
3,NONE,-1.0,-0.1,-1.0,-0.1
3,NONE,-1.0,-0.1,-1.0,-0.1
3,NONE,-1.0,-0.1,-1.0,-0.1
3,NONE,-1.0,-0.1,-1.0,-0.1
2,EV_B13_C008_Mototaxi_Electrica_P09,-1.0,-0.1,8.0,38.327601103209886
1,EV_B13_C008_Mototaxi_Electrica_P09,6.0,84.48520460951414,-1.0,38.327601103209886
1,EV_B13_C008_Mototaxi_Electrica_P09,5.0,84.48520460951414,-1.0,38.327601103209886
1,EV_B13_C008_Mototaxi_Electrica_P09,4.0,84.48520460951414,-1.0,38.327601103209886
1,EV_B13_C008_Mototaxi_Electrica_P09,3.0,84.48520460951414,-1.0,38.327601103209886
1,EV_B13_C008_Mototaxi_Electrica_P09,2.0,84.48520460951414,-1.0,38.327601103209886
1,EV_B13_C008_Mototaxi_Electrica_P09,1.0,84.48520460951414,-1.0,38.327601103209886
1,EV_B13_C008_Mototaxi_Electrica_P09,0.0,84.48520460951414,-1.0,38.327601103209886
3,NONE,-1.0,-0.1,-1.0,-0.1
3,NONE,-1.0,-0.1,-1.0,-0.1
3,NONE,-1.0,-0.1,-1.0,-0.1
3,NONE,-1.0,-0.1,-1.0,-0.1
3,NONE,-1.0,-0.1,-1.0,-0.1
3,NONE,-1.0,-0.1,-1.0,-0.1
3,NONE,-1.0,-0.1,-1.0,-0.1
3,NONE,-1.0,-0.1,-1.0,-0.1
3,NONE,-1.0,-0.1,-1.0,-0.1
3,NONE,-1.0,-0.1,-1.0,-0.1
3,NONE,-1.0,-0.1,-1.0,-0.1
3,NONE,-1.0,-0.1,-1.0,-0.1
3,NONE,-1.0,-0.1,-1.0,-0.1
3,NONE,-1.0,-0.1,-1.0,-0.1
3,NONE,-1.0,-0.1,-1.0,-0.1
3,NONE,-1.0,-0.1,-1.0,-0.1
2,EV_B13_C008_Mototaxi_Electrica_P10,-1.0,-0.1,8.0,41.878223826642866
1,EV_B13_C008_Mototaxi_Electrica_P10,6.0,80.4868493816429,-1.0,41.878223826642866
1,EV_B13_C008_Mototaxi_Electrica_P10,5.0,80.4868493816429,-1.0,41.878223826642866
1,EV_B13_C008_Mototaxi_Electrica_P10,4.0,80.4868493816429,-1.0,41.878223826642866
1,EV_B13_C008_Mototaxi_Electrica_P10,3.0,80.4868493816429,-1.0,41.878223826642866
1,EV_B13_C008_Mototaxi_Electrica_P10,2.0,80.4868493816429,-1.0,41.878223826642866
1,EV_B13_C008_Mototaxi_Electrica_P10,1.0,80.4868493816429,-1.0,41.878223826642866
1,EV_B13_C008_Mototaxi_Electrica_P10,0.0,80.4868493816429,-1.0,41.878223826642866
3,NONE,-1.0,-0.1,-1.0,-0.1
3,NONE,-1.0,-0.1,-1.0,-0.1
3,NONE,-1.0,-0.1,-1.0,-0.1
3,NONE,-1.0,-0.1,-1.0,-0.1
3,NONE,-1.0,-0.1,-1.0,-0.1
3,NONE,-1.0,-0.1,-1.0,-0.1
3,NONE,-1.0,-0.1,-1.0,-0.1
3,NONE,-1.0,-0.1,-1.0,-0.1
3,NONE,-1.0,-0.1,-1.0,-0.1
3,NONE,-1.0,-0.1,-1.0,-0.1
3,NONE,-1.0,-0.1,-1.0,-0.1
3,NONE,-1.0,-0.1,-1.0,-0.1
3,NONE,-1.0,-0.1,-1.0,-0.1
3,NONE,-1.0,-0.1,-1.0,-0.1
3,NONE,-1.0,-0.1,-1.0,-0.1
3,NONE,-1.0,-0.1,-1.0,-0.1
3,NONE,-1.0,-0.1,-1.0,-0.1
3,NONE,-1.0,-0.1,-1.0,-0.1
3,NONE,-1.0,-0.1,-1.0,-0.1
3,NONE,-1.0,-0.1,-1.0,-0.1
3,NONE,-1.0,-0.1,-1.0,-0.1
3,NONE,-1.0,-0.1,-1.0,-0.1
3,NONE,-1.0,-0.1,-1.0,-0.1
3,NONE,-1.0,-0.1,-1.0,-0.1
3,NONE,-1.0,-0.1,-1.0,-0.1
3,NONE,-1.0,-0.1,-1.0,-0.1
3,NONE,-1.0,-0.1,-1.0,-0.1
3,NONE,-1.0,-0.1,-1.0,-0.1
3,NONE,-1.0,-0.1,-1.0,-0.1
3,NONE,-1.0,-0.1,-1.0,-0.1
3,NONE,-1.0,-0.1,-1.0,-0.1
3,NONE,-1.0,-0.1,-1.0,-0.1
3,NONE,-1.0,-0.1,-1.0,-0.1
3,NONE,-1.0,-0.1,-1.0,-0.1
3,NONE,-1.0,-0.1,-1.0,-0.1
3,NONE,-1.0,-0.1,-1.0,-0.1
3,NONE,-1.0,-0.1,-1.0,-0.1
3,NONE,-1.0,-0.1,-1.0,-0.1
3,NONE,-1.0,-0.1,-1.0,-0.1
3,NONE,-1.0,-0.1,-1.0,-0.1
2,EV_B13_C008_Mototaxi_Electrica_P01,-1.0,-0.1,8.0,42.11828481100934
1,EV_B13_C008_Mototaxi_Electrica_P01,6.0,85.08614610456874,-1.0,42.11828481100934
1,EV_B13_C008_Mototaxi_Electrica_P01,5.0,85.08614610456874,-1.0,42.11828481100934
1,EV_B13_C008_Mototaxi_Electrica_P01,4.0,85.08614610456874,-1.0,42.11828481100934
1,EV_B13_C008_Mototaxi_Electrica_P01,3.0,85.08614610456874,-1.0,42.11828481100934
1,EV_B13_C008_Mototaxi_Electrica_P01,2.0,85.08614610456874,-1.0,42.11828481100934
1,EV_B13_C008_Mototaxi_Electrica_P01,1.0,85.08614610456874,-1.0,42.11828481100934
1,EV_B13_C008_Mototaxi_Electrica_P01,0.0,85.08614610456874,-1.0,42.11828481100934
3,NONE,-1.0,-0.1,-1.0,-0.1
3,NONE,-1.0,-0.1,-1.0,-0.1
3,NONE,-1.0,-0.1,-1.0,-0.1
3,NONE,-1.0,-0.1,-1.0,-0.1
3,NONE,-1.0,-0.1,-1.0,-0.1
3,NONE,-1.0,-0.1,-1.0,-0.1
3,NONE,-1.0,-0.1,-1.0,-0.1
3,NONE,-1.0,-0.1,-1.0,-0.1
3,NONE,-1.0,-0.1,-1.0,-0.1
3,NONE,-1.0,-0.1,-1.0,-0.1
3,NONE,-1.0,-0.1,-1.0,-0.1
3,NONE,-1.0,-0.1,-1.0,-0.1
3,NONE,-1.0,-0.1,-1.0,-0.1
3,NONE,-1.0,-0.1,-1.0,-0.1
3,NONE,-1.0,-0.1,-1.0,-0.1
3,NONE,-1.0,-0.1,-1.0,-0.1
3,NONE,-1.0,-0.1,-1.0,-0.1
3,NONE,-1.0,-0.1,-1.0,-0.1
3,NONE,-1.0,-0.1,-1.0,-0.1
3,NONE,-1.0,-0.1,-1.0,-0.1
3,NONE,-1.0,-0.1,-1.0,-0.1
3,NONE,-1.0,-0.1,-1.0,-0.1
3,NONE,-1.0,-0.1,-1.0,-0.1
3,NONE,-1.0,-0.1,-1.0,-0.1
3,NONE,-1.0,-0.1,-1.0,-0.1
3,NONE,-1.0,-0.1,-1.0,-0.1
3,NONE,-1.0,-0.1,-1.0,-0.1
3,NONE,-1.0,-0.1,-1.0,-0.1
3,NONE,-1.0,-0.1,-1.0,-0.1
3,NONE,-1.0,-0.1,-1.0,-0.1
3,NONE,-1.0,-0.1,-1.0,-0.1
3,NONE,-1.0,-0.1,-1.0,-0.1
3,NONE,-1.0,-0.1,-1.0,-0.1
3,NONE,-1.0,-0.1,-1.0,-0.1
3,NONE,-1.0,-0.1,-1.0,-0.1
3,NONE,-1.0,-0.1,-1.0,-0.1
3,NONE,-1.0,-0.1,-1.0,-0.1
3,NONE,-1.0,-0.1,-1.0,-0.1
3,NONE,-1.0,-0.1,-1.0,-0.1
3,NONE,-1.0,-0.1,-1.0,-0.1
3,NONE,-1.0,-0.1,-1.0,-0.1
3,NONE,-1.0,-0.1,-1.0,-0.1
3,NONE,-1.0,-0.1,-1.0,-0.1
3,NONE,-1.0,-0.1,-1.0,-0.1
3,NONE,-1.0,-0.1,-1.0,-0.1
3,NONE,-1.0,-0.1,-1.0,-0.1
3,NONE,-1.0,-0.1,-1.0,-0.1
3,NONE,-1.0,-0.1,-1.0,-0.1
3,NONE,-1.0,-0.1,-1.0,-0.1
3,NONE,-1.0,-0.1,-1.0,-0.1
3,NONE,-1.0,-0.1,-1.0,-0.1
3,NONE,-1.0,-0.1,-1.0,-0.1
3,NONE,-1.0,-0.1,-1.0,-0.1
3,NONE,-1.0,-0.1,-1.0,-0.1
3,NONE,-1.0,-0.1,-1.0,-0.1
3,NONE,-1.0,-0.1,-1.0,-0.1
3,NONE,-1.0,-0.1,-1.0,-0.1
3,NONE,-1.0,-0.1,-1.0,-0.1
3,NONE,-1.0,-0.1,-1.0,-0.1
3,NONE,-1.0,-0.1,-1.0,-0.1
3,NONE,-1.0,-0.1,-1.0,-0.1
3,NONE,-1.0,-0.1,-1.0,-0.1
3,NONE,-1.0,-0.1,-1.0,-0.1
3,NONE,-1.0,-0.1,-1.0,-0.1
3,NONE,-1.0,-0.1,-1.0,-0.1
2,EV_B13_C008_Mototaxi_Electrica_P02,-1.0,-0.1,9.0,28.23778940531915
1,EV_B13_C008_Mototaxi_Electrica_P02,5.0,89.72835507870504,-1.0,28.23778940531915
1,EV_B13_C008_Mototaxi_Electrica_P02,4.0,89.72835507870504,-1.0,28.23778940531915
1,EV_B13_C008_Mototaxi_Electrica_P02,3.0,89.72835507870504,-1.0,28.23778940531915
1,EV_B13_C008_Mototaxi_Electrica_P02,2.0,89.72835507870504,-1.0,28.23778940531915
1,EV_B13_C008_Mototaxi_Electrica_P02,1.0,89.72835507870504,-1.0,28.23778940531915
1,EV_B13_C008_Mototaxi_Electrica_P02,0.0,89.72835507870504,-1.0,28.23778940531915
3,NONE,-1.0,-0.1,-1.0,-0.1
3,NONE,-1.0,-0.1,-1.0,-0.1
3,NONE,-1.0,-0.1,-1.0,-0.1
3,NONE,-1.0,-0.1,-1.0,-0.1
3,NONE,-1.0,-0.1,-1.0,-0.1
3,NONE,-1.0,-0.1,-1.0,-0.1
3,NONE,-1.0,-0.1,-1.0,-0.1
3,NONE,-1.0,-0.1,-1.0,-0.1
3,NONE,-1.0,-0.1,-1.0,-0.1
3,NONE,-1.0,-0.1,-1.0,-0.1
3,NONE,-1.0,-0.1,-1.0,-0.1
3,NONE,-1.0,-0.1,-1.0,-0.1
3,NONE,-1.0,-0.1,-1.0,-0.1
3,NONE,-1.0,-0.1,-1.0,-0.1
3,NONE,-1.0,-0.1,-1.0,-0.1
3,NONE,-1.0,-0.1,-1.0,-0.1
3,NONE,-1.0,-0.1,-1.0,-0.1
2,EV_B13_C008_Mototaxi_Electrica_P03,-1.0,-0.1,9.0,35.412798365246665
1,EV_B13_C008_Mototaxi_Electrica_P03,5.0,85.27310263117378,-1.0,35.412798365246665
1,EV_B13_C008_Mototaxi_Electrica_P03,4.0,85.27310263117378,-1.0,35.412798365246665
1,EV_B13_C008_Mototaxi_Electrica_P03,3.0,85.27310263117378,-1.0,35.412798365246665
1,EV_B13_C008_Mototaxi_Electrica_P03,2.0,85.27310263117378,-1.0,35.412798365246665
1,EV_B13_C008_Mototaxi_Electrica_P03,1.0,85.27310263117378,-1.0,35.412798365246665
1,EV_B13_C008_Mototaxi_Electrica_P03,0.0,85.27310263117378,-1.0,35.412798365246665
3,NONE,-1.0,-0.1,-1.0,-0.1
3,NONE,-1.0,-0.1,-1.0,-0.1
3,NONE,-1.0,-0.1,-1.0,-0.1
3,NONE,-1.0,-0.1,-1.0,-0.1
3,NONE,-1.0,-0.1,-1.0,-0.1
3,NONE,-1.0,-0.1,-1.0,-0.1
3,NONE,-1.0,-0.1,-1.0,-0.1
3,NONE,-1.0,-0.1,-1.0,-0.1
3,NONE,-1.0,-0.1,-1.0,-0.1
3,NONE,-1.0,-0.1,-1.0,-0.1
3,NONE,-1.0,-0.1,-1.0,-0.1
3,NONE,-1.0,-0.1,-1.0,-0.1
3,NONE,-1.0,-0.1,-1.0,-0.1
3,NONE,-1.0,-0.1,-1.0,-0.1
3,NONE,-1.0,-0.1,-1.0,-0.1
3,NONE,-1.0,-0.1,-1.0,-0.1
3,NONE,-1.0,-0.1,-1.0,-0.1
3,NONE,-1.0,-0.1,-1.0,-0.1
3,NONE,-1.0,-0.1,-1.0,-0.1
3,NONE,-1.0,-0.1,-1.0,-0.1
3,NONE,-1.0,-0.1,-1.0,-0.1
3,NONE,-1.0,-0.1,-1.0,-0.1
3,NONE,-1.0,-0.1,-1.0,-0.1
3,NONE,-1.0,-0.1,-1.0,-0.1
3,NONE,-1.0,-0.1,-1.0,-0.1
3,NONE,-1.0,-0.1,-1.0,-0.1
3,NONE,-1.0,-0.1,-1.0,-0.1
3,NONE,-1.0,-0.1,-1.0,-0.1
3,NONE,-1.0,-0.1,-1.0,-0.1
3,NONE,-1.0,-0.1,-1.0,-0.1
3,NONE,-1.0,-0.1,-1.0,-0.1
3,NONE,-1.0,-0.1,-1.0,-0.1
3,NONE,-1.0,-0.1,-1.0,-0.1
3,NONE,-1.0,-0.1,-1.0,-0.1
3,NONE,-1.0,-0.1,-1.0,-0.1
3,NONE,-1.0,-0.1,-1.0,-0.1
3,NONE,-1.0,-0.1,-1.0,-0.1
3,NONE,-1.0,-0.1,-1.0,-0.1
3,NONE,-1.0,-0.1,-1.0,-0.1
3,NONE,-1.0,-0.1,-1.0,-0.1
2,EV_B13_C008_Mototaxi_Electrica_P04,-1.0,-0.1,8.0,43.12445487077799
1,EV_B13_C008_Mototaxi_Electrica_P04,6.0,76.86975524253779,-1.0,43.12445487077799
1,EV_B13_C008_Mototaxi_Electrica_P04,5.0,76.86975524253779,-1.0,43.12445487077799
1,EV_B13_C008_Mototaxi_Electrica_P04,4.0,76.86975524253779,-1.0,43.12445487077799
1,EV_B13_C008_Mototaxi_Electrica_P04,3.0,76.86975524253779,-1.0,43.12445487077799
1,EV_B13_C008_Mototaxi_Electrica_P04,2.0,76.86975524253779,-1.0,43.12445487077799
1,EV_B13_C008_Mototaxi_Electrica_P04,1.0,76.86975524253779,-1.0,43.12445487077799
1,EV_B13_C008_Mototaxi_Electrica_P04,0.0,76.86975524253779,-1.0,43.12445487077799
3,NONE,-1.0,-0.1,-1.0,-0.1
3,NONE,-1.0,-0.1,-1.0,-0.1
3,NONE,-1.0,-0.1,-1.0,-0.1
3,NONE,-1.0,-0.1,-1.0,-0.1
3,NONE,-1.0,-0.1,-1.0,-0.1
3,NONE,-1.0,-0.1,-1.0,-0.1
3,NONE,-1.0,-0.1,-1.0,-0.1
3,NONE,-1.0,-0.1,-1.0,-0.1
3,NONE,-1.0,-0.1,-1.0,-0.1
3,NONE,-1.0,-0.1,-1.0,-0.1
3,NONE,-1.0,-0.1,-1.0,-0.1
3,NONE,-1.0,-0.1,-1.0,-0.1
3,NONE,-1.0,-0.1,-1.0,-0.1
3,NONE,-1.0,-0.1,-1.0,-0.1
3,NONE,-1.0,-0.1,-1.0,-0.1
3,NONE,-1.0,-0.1,-1.0,-0.1
3,NONE,-1.0,-0.1,-1.0,-0.1
2,EV_B13_C008_Mototaxi_Electrica_P05,-1.0,-0.1,9.0,25.98623097093843
1,EV_B13_C008_Mototaxi_Electrica_P05,5.0,82.80039436171312,-1.0,25.98623097093843
1,EV_B13_C008_Mototaxi_Electrica_P05,4.0,82.80039436171312,-1.0,25.98623097093843
1,EV_B13_C008_Mototaxi_Electrica_P05,3.0,82.80039436171312,-1.0,25.98623097093843
1,EV_B13_C008_Mototaxi_Electrica_P05,2.0,82.80039436171312,-1.0,25.98623097093843
1,EV_B13_C008_Mototaxi_Electrica_P05,1.0,82.80039436171312,-1.0,25.98623097093843
1,EV_B13_C008_Mototaxi_Electrica_P05,0.0,82.80039436171312,-1.0,25.98623097093843
3,NONE,-1.0,-0.1,-1.0,-0.1
3,NONE,-1.0,-0.1,-1.0,-0.1
3,NONE,-1.0,-0.1,-1.0,-0.1
3,NONE,-1.0,-0.1,-1.0,-0.1
3,NONE,-1.0,-0.1,-1.0,-0.1
3,NONE,-1.0,-0.1,-1.0,-0.1
3,NONE,-1.0,-0.1,-1.0,-0.1
3,NONE,-1.0,-0.1,-1.0,-0.1
3,NONE,-1.0,-0.1,-1.0,-0.1
3,NONE,-1.0,-0.1,-1.0,-0.1
3,NONE,-1.0,-0.1,-1.0,-0.1
3,NONE,-1.0,-0.1,-1.0,-0.1
3,NONE,-1.0,-0.1,-1.0,-0.1
3,NONE,-1.0,-0.1,-1.0,-0.1
3,NONE,-1.0,-0.1,-1.0,-0.1
3,NONE,-1.0,-0.1,-1.0,-0.1
3,NONE,-1.0,-0.1,-1.0,-0.1
3,NONE,-1.0,-0.1,-1.0,-0.1
3,NONE,-1.0,-0.1,-1.0,-0.1
3,NONE,-1.0,-0.1,-1.0,-0.1
3,NONE,-1.0,-0.1,-1.0,-0.1
3,NONE,-1.0,-0.1,-1.0,-0.1
3,NONE,-1.0,-0.1,-1.0,-0.1
3,NONE,-1.0,-0.1,-1.0,-0.1
3,NONE,-1.0,-0.1,-1.0,-0.1
3,NONE,-1.0,-0.1,-1.0,-0.1
3,NONE,-1.0,-0.1,-1.0,-0.1
3,NONE,-1.0,-0.1,-1.0,-0.1
3,NONE,-1.0,-0.1,-1.0,-0.1
3,NONE,-1.0,-0.1,-1.0,-0.1
3,NONE,-1.0,-0.1,-1.0,-0.1
3,NONE,-1.0,-0.1,-1.0,-0.1
3,NONE,-1.0,-0.1,-1.0,-0.1
3,NONE,-1.0,-0.1,-1.0,-0.1
3,NONE,-1.0,-0.1,-1.0,-0.1
3,NONE,-1.0,-0.1,-1.0,-0.1
3,NONE,-1.0,-0.1,-1.0,-0.1
3,NONE,-1.0,-0.1,-1.0,-0.1
3,NONE,-1.0,-0.1,-1.0,-0.1
3,NONE,-1.0,-0.1,-1.0,-0.1
3,NONE,-1.0,-0.1,-1.0,-0.1
3,NONE,-1.0,-0.1,-1.0,-0.1
3,NONE,-1.0,-0.1,-1.0,-0.1
3,NONE,-1.0,-0.1,-1.0,-0.1
3,NONE,-1.0,-0.1,-1.0,-0.1
3,NONE,-1.0,-0.1,-1.0,-0.1
3,NONE,-1.0,-0.1,-1.0,-0.1
3,NONE,-1.0,-0.1,-1.0,-0.1
3,NONE,-1.0,-0.1,-1.0,-0.1
3,NONE,-1.0,-0.1,-1.0,-0.1
3,NONE,-1.0,-0.1,-1.0,-0.1
3,NONE,-1.0,-0.1,-1.0,-0.1
3,NONE,-1.0,-0.1,-1.0,-0.1
3,NONE,-1.0,-0.1,-1.0,-0.1
3,NONE,-1.0,-0.1,-1.0,-0.1
3,NONE,-1.0,-0.1,-1.0,-0.1
3,NONE,-1.0,-0.1,-1.0,-0.1
3,NONE,-1.0,-0.1,-1.0,-0.1
3,NONE,-1.0,-0.1,-1.0,-0.1
3,NONE,-1.0,-0.1,-1.0,-0.1
3,NONE,-1.0,-0.1,-1.0,-0.1
3,NONE,-1.0,-0.1,-1.0,-0.1
3,NONE,-1.0,-0.1,-1.0,-0.1
3,NONE,-1.0,-0.1,-1.0,-0.1
3,NONE,-1.0,-0.1,-1.0,-0.1
3,NONE,-1.0,-0.1,-1.0,-0.1
3,NONE,-1.0,-0.1,-1.0,-0.1
3,NONE,-1.0,-0.1,-1.0,-0.1
3,NONE,-1.0,-0.1,-1.0,-0.1
3,NONE,-1.0,-0.1,-1.0,-0.1
3,NONE,-1.0,-0.1,-1.0,-0.1
3,NONE,-1.0,-0.1,-1.0,-0.1
3,NONE,-1.0,-0.1,-1.0,-0.1
3,NONE,-1.0,-0.1,-1.0,-0.1
3,NONE,-1.0,-0.1,-1.0,-0.1
3,NONE,-1.0,-0.1,-1.0,-0.1
3,NONE,-1.0,-0.1,-1.0,-0.1
3,NONE,-1.0,-0.1,-1.0,-0.1
3,NONE,-1.0,-0.1,-1.0,-0.1
3,NONE,-1.0,-0.1,-1.0,-0.1
3,NONE,-1.0,-0.1,-1.0,-0.1
3,NONE,-1.0,-0.1,-1.0,-0.1
3,NONE,-1.0,-0.1,-1.0,-0.1
3,NONE,-1.0,-0.1,-1.0,-0.1
3,NONE,-1.0,-0.1,-1.0,-0.1
3,NONE,-1.0,-0.1,-1.0,-0.1
3,NONE,-1.0,-0.1,-1.0,-0.1
3,NONE,-1.0,-0.1,-1.0,-0.1
2,EV_B13_C008_Mototaxi_Electrica_P06,-1.0,-0.1,8.0,10.56918224584091
1,EV_B13_C008_Mototaxi_Electrica_P06,6.0,84.86913273807706,-1.0,10.56918224584091
1,EV_B13_C008_Mototaxi_Electrica_P06,5.0,84.86913273807706,-1.0,10.56918224584091
1,EV_B13_C008_Mototaxi_Electrica_P06,4.0,84.86913273807706,-1.0,10.56918224584091
1,EV_B13_C008_Mototaxi_Electrica_P06,3.0,84.86913273807706,-1.0,10.56918224584091
1,EV_B13_C008_Mototaxi_Electrica_P06,2.0,84.86913273807706,-1.0,10.56918224584091
1,EV_B13_C008_Mototaxi_Electrica_P06,1.0,84.86913273807706,-1.0,10.56918224584091
1,EV_B13_C008_Mototaxi_Electrica_P06,0.0,84.86913273807706,-1.0,10.56918224584091
3,NONE,-1.0,-0.1,-1.0,-0.1
3,NONE,-1.0,-0.1,-1.0,-0.1
3,NONE,-1.0,-0.1,-1.0,-0.1
3,NONE,-1.0,-0.1,-1.0,-0.1
3,NONE,-1.0,-0.1,-1.0,-0.1
3,NONE,-1.0,-0.1,-1.0,-0.1
3,NONE,-1.0,-0.1,-1.0,-0.1
3,NONE,-1.0,-0.1,-1.0,-0.1
3,NONE,-1.0,-0.1,-1.0,-0.1
3,NONE,-1.0,-0.1,-1.0,-0.1
3,NONE,-1.0,-0.1,-1.0,-0.1
3,NONE,-1.0,-0.1,-1.0,-0.1
3,NONE,-1.0,-0.1,-1.0,-0.1
3,NONE,-1.0,-0.1,-1.0,-0.1
3,NONE,-1.0,-0.1,-1.0,-0.1
3,NONE,-1.0,-0.1,-1.0,-0.1
2,EV_B13_C008_Mototaxi_Electrica_P07,-1.0,-0.1,8.0,41.17225591535413
1,EV_B13_C008_Mototaxi_Electrica_P07,6.0,77.99947410085512,-1.0,41.17225591535413
1,EV_B13_C008_Mototaxi_Electrica_P07,5.0,77.99947410085512,-1.0,41.17225591535413
1,EV_B13_C008_Mototaxi_Electrica_P07,4.0,77.99947410085512,-1.0,41.17225591535413
1,EV_B13_C008_Mototaxi_Electrica_P07,3.0,77.99947410085512,-1.0,41.17225591535413
1,EV_B13_C008_Mototaxi_Electrica_P07,2.0,77.99947410085512,-1.0,41.17225591535413
1,EV_B13_C008_Mototaxi_Electrica_P07,1.0,77.99947410085512,-1.0,41.17225591535413
1,EV_B13_C008_Mototaxi_Electrica_P07,0.0,77.99947410085512,-1.0,41.17225591535413
3,NONE,-1.0,-0.1,-1.0,-0.1
3,NONE,-1.0,-0.1,-1.0,-0.1
3,NONE,-1.0,-0.1,-1.0,-0.1
3,NONE,-1.0,-0.1,-1.0,-0.1
3,NONE,-1.0,-0.1,-1.0,-0.1
3,NONE,-1.0,-0.1,-1.0,-0.1
3,NONE,-1.0,-0.1,-1.0,-0.1
3,NONE,-1.0,-0.1,-1.0,-0.1
3,NONE,-1.0,-0.1,-1.0,-0.1
3,NONE,-1.0,-0.1,-1.0,-0.1
3,NONE,-1.0,-0.1,-1.0,-0.1
3,NONE,-1.0,-0.1,-1.0,-0.1
3,NONE,-1.0,-0.1,-1.0,-0.1
3,NONE,-1.0,-0.1,-1.0,-0.1
3,NONE,-1.0,-0.1,-1.0,-0.1
3,NONE,-1.0,-0.1,-1.0,-0.1
3,NONE,-1.0,-0.1,-1.0,-0.1
3,NONE,-1.0,-0.1,-1.0,-0.1
3,NONE,-1.0,-0.1,-1.0,-0.1
3,NONE,-1.0,-0.1,-1.0,-0.1
3,NONE,-1.0,-0.1,-1.0,-0.1
3,NONE,-1.0,-0.1,-1.0,-0.1
3,NONE,-1.0,-0.1,-1.0,-0.1
3,NONE,-1.0,-0.1,-1.0,-0.1
3,NONE,-1.0,-0.1,-1.0,-0.1
3,NONE,-1.0,-0.1,-1.0,-0.1
3,NONE,-1.0,-0.1,-1.0,-0.1
3,NONE,-1.0,-0.1,-1.0,-0.1
3,NONE,-1.0,-0.1,-1.0,-0.1
3,NONE,-1.0,-0.1,-1.0,-0.1
3,NONE,-1.0,-0.1,-1.0,-0.1
3,NONE,-1.0,-0.1,-1.0,-0.1
3,NONE,-1.0,-0.1,-1.0,-0.1
3,NONE,-1.0,-0.1,-1.0,-0.1
3,NONE,-1.0,-0.1,-1.0,-0.1
3,NONE,-1.0,-0.1,-1.0,-0.1
3,NONE,-1.0,-0.1,-1.0,-0.1
3,NONE,-1.0,-0.1,-1.0,-0.1
3,NONE,-1.0,-0.1,-1.0,-0.1
2,EV_B13_C008_Mototaxi_Electrica_P08,-1.0,-0.1,7.0,19.851914957256025
1,EV_B13_C008_Mototaxi_Electrica_P08,5.0,70.37593001037364,-1.0,19.851914957256025
1,EV_B13_C008_Mototaxi_Electrica_P08,4.0,70.37593001037364,-1.0,19.851914957256025
1,EV_B13_C008_Mototaxi_Electrica_P08,3.0,70.37593001037364,-1.0,19.851914957256025
1,EV_B13_C008_Mototaxi_Electrica_P08,2.0,70.37593001037364,-1.0,19.851914957256025
1,EV_B13_C008_Mototaxi_Electrica_P08,1.0,70.37593001037364,-1.0,19.851914957256025
1,EV_B13_C008_Mototaxi_Electrica_P08,0.0,70.37593001037364,-1.0,19.851914957256025
3,NONE,-1.0,-0.1,-1.0,-0.1
3,NONE,-1.0,-0.1,-1.0,-0.1
3,NONE,-1.0,-0.1,-1.0,-0.1
3,NONE,-1.0,-0.1,-1.0,-0.1
3,NONE,-1.0,-0.1,-1.0,-0.1
3,NONE,-1.0,-0.1,-1.0,-0.1
3,NONE,-1.0,-0.1,-1.0,-0.1
3,NONE,-1.0,-0.1,-1.0,-0.1
3,NONE,-1.0,-0.1,-1.0,-0.1
3,NONE,-1.0,-0.1,-1.0,-0.1
3,NONE,-1.0,-0.1,-1.0,-0.1
3,NONE,-1.0,-0.1,-1.0,-0.1
3,NONE,-1.0,-0.1,-1.0,-0.1
3,NONE,-1.0,-0.1,-1.0,-0.1
3,NONE,-1.0,-0.1,-1.0,-0.1
3,NONE,-1.0,-0.1,-1.0,-0.1
3,NONE,-1.0,-0.1,-1.0,-0.1
3,NONE,-1.0,-0.1,-1.0,-0.1
3,NONE,-1.0,-0.1,-1.0,-0.1
3,NONE,-1.0,-0.1,-1.0,-0.1
3,NONE,-1.0,-0.1,-1.0,-0.1
3,NONE,-1.0,-0.1,-1.0,-0.1
3,NONE,-1.0,-0.1,-1.0,-0.1
3,NONE,-1.0,-0.1,-1.0,-0.1
3,NONE,-1.0,-0.1,-1.0,-0.1
3,NONE,-1.0,-0.1,-1.0,-0.1
3,NONE,-1.0,-0.1,-1.0,-0.1
3,NONE,-1.0,-0.1,-1.0,-0.1
3,NONE,-1.0,-0.1,-1.0,-0.1
3,NONE,-1.0,-0.1,-1.0,-0.1
3,NONE,-1.0,-0.1,-1.0,-0.1
3,NONE,-1.0,-0.1,-1.0,-0.1
3,NONE,-1.0,-0.1,-1.0,-0.1
3,NONE,-1.0,-0.1,-1.0,-0.1
3,NONE,-1.0,-0.1,-1.0,-0.1
3,NONE,-1.0,-0.1,-1.0,-0.1
3,NONE,-1.0,-0.1,-1.0,-0.1
3,NONE,-1.0,-0.1,-1.0,-0.1
3,NONE,-1.0,-0.1,-1.0,-0.1
3,NONE,-1.0,-0.1,-1.0,-0.1
3,NONE,-1.0,-0.1,-1.0,-0.1
3,NONE,-1.0,-0.1,-1.0,-0.1
3,NONE,-1.0,-0.1,-1.0,-0.1
3,NONE,-1.0,-0.1,-1.0,-0.1
3,NONE,-1.0,-0.1,-1.0,-0.1
3,NONE,-1.0,-0.1,-1.0,-0.1
3,NONE,-1.0,-0.1,-1.0,-0.1
3,NONE,-1.0,-0.1,-1.0,-0.1
3,NONE,-1.0,-0.1,-1.0,-0.1
3,NONE,-1.0,-0.1,-1.0,-0.1
3,NONE,-1.0,-0.1,-1.0,-0.1
3,NONE,-1.0,-0.1,-1.0,-0.1
3,NONE,-1.0,-0.1,-1.0,-0.1
3,NONE,-1.0,-0.1,-1.0,-0.1
3,NONE,-1.0,-0.1,-1.0,-0.1
3,NONE,-1.0,-0.1,-1.0,-0.1
3,NONE,-1.0,-0.1,-1.0,-0.1
3,NONE,-1.0,-0.1,-1.0,-0.1
3,NONE,-1.0,-0.1,-1.0,-0.1
3,NONE,-1.0,-0.1,-1.0,-0.1
3,NONE,-1.0,-0.1,-1.0,-0.1
3,NONE,-1.0,-0.1,-1.0,-0.1
3,NONE,-1.0,-0.1,-1.0,-0.1
3,NONE,-1.0,-0.1,-1.0,-0.1
3,NONE,-1.0,-0.1,-1.0,-0.1
3,NONE,-1.0,-0.1,-1.0,-0.1
3,NONE,-1.0,-0.1,-1.0,-0.1
3,NONE,-1.0,-0.1,-1.0,-0.1
3,NONE,-1.0,-0.1,-1.0,-0.1
3,NONE,-1.0,-0.1,-1.0,-0.1
3,NONE,-1.0,-0.1,-1.0,-0.1
3,NONE,-1.0,-0.1,-1.0,-0.1
3,NONE,-1.0,-0.1,-1.0,-0.1
3,NONE,-1.0,-0.1,-1.0,-0.1
3,NONE,-1.0,-0.1,-1.0,-0.1
3,NONE,-1.0,-0.1,-1.0,-0.1
3,NONE,-1.0,-0.1,-1.0,-0.1
3,NONE,-1.0,-0.1,-1.0,-0.1
3,NONE,-1.0,-0.1,-1.0,-0.1
3,NONE,-1.0,-0.1,-1.0,-0.1
3,NONE,-1.0,-0.1,-1.0,-0.1
3,NONE,-1.0,-0.1,-1.0,-0.1
3,NONE,-1.0,-0.1,-1.0,-0.1
3,NONE,-1.0,-0.1,-1.0,-0.1
3,NONE,-1.0,-0.1,-1.0,-0.1
3,NONE,-1.0,-0.1,-1.0,-0.1
3,NONE,-1.0,-0.1,-1.0,-0.1
3,NONE,-1.0,-0.1,-1.0,-0.1
3,NONE,-1.0,-0.1,-1.0,-0.1
3,NONE,-1.0,-0.1,-1.0,-0.1
2,EV_B13_C008_Mototaxi_Electrica_P09,-1.0,-0.1,8.0,22.159330637410854
1,EV_B13_C008_Mototaxi_Electrica_P09,6.0,87.8481200761764,-1.0,22.159330637410854
1,EV_B13_C008_Mototaxi_Electrica_P09,5.0,87.8481200761764,-1.0,22.159330637410854
1,EV_B13_C008_Mototaxi_Electrica_P09,4.0,87.8481200761764,-1.0,22.159330637410854
1,EV_B13_C008_Mototaxi_Electrica_P09,3.0,87.8481200761764,-1.0,22.159330637410854
1,EV_B13_C008_Mototaxi_Electrica_P09,2.0,87.8481200761764,-1.0,22.159330637410854
1,EV_B13_C008_Mototaxi_Electrica_P09,1.0,87.8481200761764,-1.0,22.159330637410854
1,EV_B13_C008_Mototaxi_Electrica_P09,0.0,87.8481200761764,-1.0,22.159330637410854
3,NONE,-1.0,-0.1,-1.0,-0.1
3,NONE,-1.0,-0.1,-1.0,-0.1
3,NONE,-1.0,-0.1,-1.0,-0.1
3,NONE,-1.0,-0.1,-1.0,-0.1
3,NONE,-1.0,-0.1,-1.0,-0.1
3,NONE,-1.0,-0.1,-1.0,-0.1
3,NONE,-1.0,-0.1,-1.0,-0.1
3,NONE,-1.0,-0.1,-1.0,-0.1
3,NONE,-1.0,-0.1,-1.0,-0.1
3,NONE,-1.0,-0.1,-1.0,-0.1
3,NONE,-1.0,-0.1,-1.0,-0.1
3,NONE,-1.0,-0.1,-1.0,-0.1
3,NONE,-1.0,-0.1,-1.0,-0.1
3,NONE,-1.0,-0.1,-1.0,-0.1
3,NONE,-1.0,-0.1,-1.0,-0.1
3,NONE,-1.0,-0.1,-1.0,-0.1
3,NONE,-1.0,-0.1,-1.0,-0.1
3,NONE,-1.0,-0.1,-1.0,-0.1
2,EV_B13_C008_Mototaxi_Electrica_P10,-1.0,-0.1,10.0,37.77229401624431
1,EV_B13_C008_Mototaxi_Electrica_P10,4.0,69.25343638164632,-1.0,37.77229401624431
1,EV_B13_C008_Mototaxi_Electrica_P10,3.0,69.25343638164632,-1.0,37.77229401624431
1,EV_B13_C008_Mototaxi_Electrica_P10,2.0,69.25343638164632,-1.0,37.77229401624431
1,EV_B13_C008_Mototaxi_Electrica_P10,1.0,69.25343638164632,-1.0,37.77229401624431
1,EV_B13_C008_Mototaxi_Electrica_P10,0.0,69.25343638164632,-1.0,37.77229401624431
3,NONE,-1.0,-0.1,-1.0,-0.1
3,NONE,-1.0,-0.1,-1.0,-0.1
3,NONE,-1.0,-0.1,-1.0,-0.1
3,NONE,-1.0,-0.1,-1.0,-0.1
3,NONE,-1.0,-0.1,-1.0,-0.1
3,NONE,-1.0,-0.1,-1.0,-0.1
3,NONE,-1.0,-0.1,-1.0,-0.1
3,NONE,-1.0,-0.1,-1.0,-0.1
3,NONE,-1.0,-0.1,-1.0,-0.1
3,NONE,-1.0,-0.1,-1.0,-0.1
3,NONE,-1.0,-0.1,-1.0,-0.1
3,NONE,-1.0,-0.1,-1.0,-0.1
3,NONE,-1.0,-0.1,-1.0,-0.1
3,NONE,-1.0,-0.1,-1.0,-0.1
3,NONE,-1.0,-0.1,-1.0,-0.1
3,NONE,-1.0,-0.1,-1.0,-0.1
2,EV_B13_C008_Mototaxi_Electrica_P01,-1.0,-0.1,8.0,39.05947809570074
1,EV_B13_C008_Mototaxi_Electrica_P01,6.0,88.21068913689611,-1.0,39.05947809570074
1,EV_B13_C008_Mototaxi_Electrica_P01,5.0,88.21068913689611,-1.0,39.05947809570074
1,EV_B13_C008_Mototaxi_Electrica_P01,4.0,88.21068913689611,-1.0,39.05947809570074
1,EV_B13_C008_Mototaxi_Electrica_P01,3.0,88.21068913689611,-1.0,39.05947809570074
1,EV_B13_C008_Mototaxi_Electrica_P01,2.0,88.21068913689611,-1.0,39.05947809570074
1,EV_B13_C008_Mototaxi_Electrica_P01,1.0,88.21068913689611,-1.0,39.05947809570074
1,EV_B13_C008_Mototaxi_Electrica_P01,0.0,88.21068913689611,-1.0,39.05947809570074
3,NONE,-1.0,-0.1,-1.0,-0.1
3,NONE,-1.0,-0.1,-1.0,-0.1
3,NONE,-1.0,-0.1,-1.0,-0.1
3,NONE,-1.0,-0.1,-1.0,-0.1
3,NONE,-1.0,-0.1,-1.0,-0.1
3,NONE,-1.0,-0.1,-1.0,-0.1
3,NONE,-1.0,-0.1,-1.0,-0.1
3,NONE,-1.0,-0.1,-1.0,-0.1
3,NONE,-1.0,-0.1,-1.0,-0.1
3,NONE,-1.0,-0.1,-1.0,-0.1
3,NONE,-1.0,-0.1,-1.0,-0.1
3,NONE,-1.0,-0.1,-1.0,-0.1
3,NONE,-1.0,-0.1,-1.0,-0.1
3,NONE,-1.0,-0.1,-1.0,-0.1
3,NONE,-1.0,-0.1,-1.0,-0.1
3,NONE,-1.0,-0.1,-1.0,-0.1
2,EV_B13_C008_Mototaxi_Electrica_P02,-1.0,-0.1,8.0,35.10921360693324
1,EV_B13_C008_Mototaxi_Electrica_P02,6.0,87.55117372191707,-1.0,35.10921360693324
1,EV_B13_C008_Mototaxi_Electrica_P02,5.0,87.55117372191707,-1.0,35.10921360693324
1,EV_B13_C008_Mototaxi_Electrica_P02,4.0,87.55117372191707,-1.0,35.10921360693324
1,EV_B13_C008_Mototaxi_Electrica_P02,3.0,87.55117372191707,-1.0,35.10921360693324
1,EV_B13_C008_Mototaxi_Electrica_P02,2.0,87.55117372191707,-1.0,35.10921360693324
1,EV_B13_C008_Mototaxi_Electrica_P02,1.0,87.55117372191707,-1.0,35.10921360693324
1,EV_B13_C008_Mototaxi_Electrica_P02,0.0,87.55117372191707,-1.0,35.10921360693324
3,NONE,-1.0,-0.1,-1.0,-0.1
3,NONE,-1.0,-0.1,-1.0,-0.1
3,NONE,-1.0,-0.1,-1.0,-0.1
3,NONE,-1.0,-0.1,-1.0,-0.1
3,NONE,-1.0,-0.1,-1.0,-0.1
3,NONE,-1.0,-0.1,-1.0,-0.1
3,NONE,-1.0,-0.1,-1.0,-0.1
3,NONE,-1.0,-0.1,-1.0,-0.1
3,NONE,-1.0,-0.1,-1.0,-0.1
3,NONE,-1.0,-0.1,-1.0,-0.1
3,NONE,-1.0,-0.1,-1.0,-0.1
3,NONE,-1.0,-0.1,-1.0,-0.1
3,NONE,-1.0,-0.1,-1.0,-0.1
3,NONE,-1.0,-0.1,-1.0,-0.1
3,NONE,-1.0,-0.1,-1.0,-0.1
3,NONE,-1.0,-0.1,-1.0,-0.1
3,NONE,-1.0,-0.1,-1.0,-0.1
3,NONE,-1.0,-0.1,-1.0,-0.1
3,NONE,-1.0,-0.1,-1.0,-0.1
3,NONE,-1.0,-0.1,-1.0,-0.1
3,NONE,-1.0,-0.1,-1.0,-0.1
3,NONE,-1.0,-0.1,-1.0,-0.1
3,NONE,-1.0,-0.1,-1.0,-0.1
3,NONE,-1.0,-0.1,-1.0,-0.1
3,NONE,-1.0,-0.1,-1.0,-0.1
3,NONE,-1.0,-0.1,-1.0,-0.1
3,NONE,-1.0,-0.1,-1.0,-0.1
3,NONE,-1.0,-0.1,-1.0,-0.1
3,NONE,-1.0,-0.1,-1.0,-0.1
3,NONE,-1.0,-0.1,-1.0,-0.1
3,NONE,-1.0,-0.1,-1.0,-0.1
3,NONE,-1.0,-0.1,-1.0,-0.1
3,NONE,-1.0,-0.1,-1.0,-0.1
3,NONE,-1.0,-0.1,-1.0,-0.1
3,NONE,-1.0,-0.1,-1.0,-0.1
3,NONE,-1.0,-0.1,-1.0,-0.1
3,NONE,-1.0,-0.1,-1.0,-0.1
3,NONE,-1.0,-0.1,-1.0,-0.1
3,NONE,-1.0,-0.1,-1.0,-0.1
3,NONE,-1.0,-0.1,-1.0,-0.1
3,NONE,-1.0,-0.1,-1.0,-0.1
3,NONE,-1.0,-0.1,-1.0,-0.1
3,NONE,-1.0,-0.1,-1.0,-0.1
3,NONE,-1.0,-0.1,-1.0,-0.1
3,NONE,-1.0,-0.1,-1.0,-0.1
3,NONE,-1.0,-0.1,-1.0,-0.1
3,NONE,-1.0,-0.1,-1.0,-0.1
3,NONE,-1.0,-0.1,-1.0,-0.1
3,NONE,-1.0,-0.1,-1.0,-0.1
3,NONE,-1.0,-0.1,-1.0,-0.1
3,NONE,-1.0,-0.1,-1.0,-0.1
3,NONE,-1.0,-0.1,-1.0,-0.1
3,NONE,-1.0,-0.1,-1.0,-0.1
3,NONE,-1.0,-0.1,-1.0,-0.1
3,NONE,-1.0,-0.1,-1.0,-0.1
3,NONE,-1.0,-0.1,-1.0,-0.1
3,NONE,-1.0,-0.1,-1.0,-0.1
3,NONE,-1.0,-0.1,-1.0,-0.1
3,NONE,-1.0,-0.1,-1.0,-0.1
3,NONE,-1.0,-0.1,-1.0,-0.1
3,NONE,-1.0,-0.1,-1.0,-0.1
3,NONE,-1.0,-0.1,-1.0,-0.1
3,NONE,-1.0,-0.1,-1.0,-0.1
3,NONE,-1.0,-0.1,-1.0,-0.1
2,EV_B13_C008_Mototaxi_Electrica_P03,-1.0,-0.1,8.0,44.14966234507415
1,EV_B13_C008_Mototaxi_Electrica_P03,6.0,85.00164239014819,-1.0,44.14966234507415
1,EV_B13_C008_Mototaxi_Electrica_P03,5.0,85.00164239014819,-1.0,44.14966234507415
1,EV_B13_C008_Mototaxi_Electrica_P03,4.0,85.00164239014819,-1.0,44.14966234507415
1,EV_B13_C008_Mototaxi_Electrica_P03,3.0,85.00164239014819,-1.0,44.14966234507415
1,EV_B13_C008_Mototaxi_Electrica_P03,2.0,85.00164239014819,-1.0,44.14966234507415
1,EV_B13_C008_Mototaxi_Electrica_P03,1.0,85.00164239014819,-1.0,44.14966234507415
1,EV_B13_C008_Mototaxi_Electrica_P03,0.0,85.00164239014819,-1.0,44.14966234507415
3,NONE,-1.0,-0.1,-1.0,-0.1
3,NONE,-1.0,-0.1,-1.0,-0.1
3,NONE,-1.0,-0.1,-1.0,-0.1
3,NONE,-1.0,-0.1,-1.0,-0.1
3,NONE,-1.0,-0.1,-1.0,-0.1
3,NONE,-1.0,-0.1,-1.0,-0.1
3,NONE,-1.0,-0.1,-1.0,-0.1
3,NONE,-1.0,-0.1,-1.0,-0.1
3,NONE,-1.0,-0.1,-1.0,-0.1
3,NONE,-1.0,-0.1,-1.0,-0.1
3,NONE,-1.0,-0.1,-1.0,-0.1
3,NONE,-1.0,-0.1,-1.0,-0.1
3,NONE,-1.0,-0.1,-1.0,-0.1
3,NONE,-1.0,-0.1,-1.0,-0.1
3,NONE,-1.0,-0.1,-1.0,-0.1
3,NONE,-1.0,-0.1,-1.0,-0.1
3,NONE,-1.0,-0.1,-1.0,-0.1
3,NONE,-1.0,-0.1,-1.0,-0.1
3,NONE,-1.0,-0.1,-1.0,-0.1
3,NONE,-1.0,-0.1,-1.0,-0.1
3,NONE,-1.0,-0.1,-1.0,-0.1
3,NONE,-1.0,-0.1,-1.0,-0.1
3,NONE,-1.0,-0.1,-1.0,-0.1
3,NONE,-1.0,-0.1,-1.0,-0.1
3,NONE,-1.0,-0.1,-1.0,-0.1
3,NONE,-1.0,-0.1,-1.0,-0.1
3,NONE,-1.0,-0.1,-1.0,-0.1
3,NONE,-1.0,-0.1,-1.0,-0.1
3,NONE,-1.0,-0.1,-1.0,-0.1
3,NONE,-1.0,-0.1,-1.0,-0.1
3,NONE,-1.0,-0.1,-1.0,-0.1
3,NONE,-1.0,-0.1,-1.0,-0.1
3,NONE,-1.0,-0.1,-1.0,-0.1
3,NONE,-1.0,-0.1,-1.0,-0.1
3,NONE,-1.0,-0.1,-1.0,-0.1
3,NONE,-1.0,-0.1,-1.0,-0.1
3,NONE,-1.0,-0.1,-1.0,-0.1
3,NONE,-1.0,-0.1,-1.0,-0.1
3,NONE,-1.0,-0.1,-1.0,-0.1
3,NONE,-1.0,-0.1,-1.0,-0.1
2,EV_B13_C008_Mototaxi_Electrica_P04,-1.0,-0.1,8.0,46.49112883374794
1,EV_B13_C008_Mototaxi_Electrica_P04,6.0,82.27010787501592,-1.0,46.49112883374794
1,EV_B13_C008_Mototaxi_Electrica_P04,5.0,82.27010787501592,-1.0,46.49112883374794
1,EV_B13_C008_Mototaxi_Electrica_P04,4.0,82.27010787501592,-1.0,46.49112883374794
1,EV_B13_C008_Mototaxi_Electrica_P04,3.0,82.27010787501592,-1.0,46.49112883374794
1,EV_B13_C008_Mototaxi_Electrica_P04,2.0,82.27010787501592,-1.0,46.49112883374794
1,EV_B13_C008_Mototaxi_Electrica_P04,1.0,82.27010787501592,-1.0,46.49112883374794
1,EV_B13_C008_Mototaxi_Electrica_P04,0.0,82.27010787501592,-1.0,46.49112883374794
3,NONE,-1.0,-0.1,-1.0,-0.1
3,NONE,-1.0,-0.1,-1.0,-0.1
3,NONE,-1.0,-0.1,-1.0,-0.1
3,NONE,-1.0,-0.1,-1.0,-0.1
3,NONE,-1.0,-0.1,-1.0,-0.1
3,NONE,-1.0,-0.1,-1.0,-0.1
3,NONE,-1.0,-0.1,-1.0,-0.1
3,NONE,-1.0,-0.1,-1.0,-0.1
3,NONE,-1.0,-0.1,-1.0,-0.1
3,NONE,-1.0,-0.1,-1.0,-0.1
3,NONE,-1.0,-0.1,-1.0,-0.1
3,NONE,-1.0,-0.1,-1.0,-0.1
3,NONE,-1.0,-0.1,-1.0,-0.1
3,NONE,-1.0,-0.1,-1.0,-0.1
3,NONE,-1.0,-0.1,-1.0,-0.1
3,NONE,-1.0,-0.1,-1.0,-0.1
2,EV_B13_C008_Mototaxi_Electrica_P05,-1.0,-0.1,8.0,36.14229323208518
1,EV_B13_C008_Mototaxi_Electrica_P05,6.0,73.13227641825578,-1.0,36.14229323208518
1,EV_B13_C008_Mototaxi_Electrica_P05,5.0,73.13227641825578,-1.0,36.14229323208518
1,EV_B13_C008_Mototaxi_Electrica_P05,4.0,73.13227641825578,-1.0,36.14229323208518
1,EV_B13_C008_Mototaxi_Electrica_P05,3.0,73.13227641825578,-1.0,36.14229323208518
1,EV_B13_C008_Mototaxi_Electrica_P05,2.0,73.13227641825578,-1.0,36.14229323208518
1,EV_B13_C008_Mototaxi_Electrica_P05,1.0,73.13227641825578,-1.0,36.14229323208518
1,EV_B13_C008_Mototaxi_Electrica_P05,0.0,73.13227641825578,-1.0,36.14229323208518
3,NONE,-1.0,-0.1,-1.0,-0.1
3,NONE,-1.0,-0.1,-1.0,-0.1
3,NONE,-1.0,-0.1,-1.0,-0.1
3,NONE,-1.0,-0.1,-1.0,-0.1
3,NONE,-1.0,-0.1,-1.0,-0.1
3,NONE,-1.0,-0.1,-1.0,-0.1
3,NONE,-1.0,-0.1,-1.0,-0.1
3,NONE,-1.0,-0.1,-1.0,-0.1
3,NONE,-1.0,-0.1,-1.0,-0.1
3,NONE,-1.0,-0.1,-1.0,-0.1
3,NONE,-1.0,-0.1,-1.0,-0.1
3,NONE,-1.0,-0.1,-1.0,-0.1
3,NONE,-1.0,-0.1,-1.0,-0.1
3,NONE,-1.0,-0.1,-1.0,-0.1
3,NONE,-1.0,-0.1,-1.0,-0.1
3,NONE,-1.0,-0.1,-1.0,-0.1
3,NONE,-1.0,-0.1,-1.0,-0.1
2,EV_B13_C008_Mototaxi_Electrica_P06,-1.0,-0.1,9.0,45.011659053505014
1,EV_B13_C008_Mototaxi_Electrica_P06,5.0,86.87349648578069,-1.0,45.011659053505014
1,EV_B13_C008_Mototaxi_Electrica_P06,4.0,86.87349648578069,-1.0,45.011659053505014
1,EV_B13_C008_Mototaxi_Electrica_P06,3.0,86.87349648578069,-1.0,45.011659053505014
1,EV_B13_C008_Mototaxi_Electrica_P06,2.0,86.87349648578069,-1.0,45.011659053505014
1,EV_B13_C008_Mototaxi_Electrica_P06,1.0,86.87349648578069,-1.0,45.011659053505014
1,EV_B13_C008_Mototaxi_Electrica_P06,0.0,86.87349648578069,-1.0,45.011659053505014
3,NONE,-1.0,-0.1,-1.0,-0.1
3,NONE,-1.0,-0.1,-1.0,-0.1
3,NONE,-1.0,-0.1,-1.0,-0.1
3,NONE,-1.0,-0.1,-1.0,-0.1
3,NONE,-1.0,-0.1,-1.0,-0.1
3,NONE,-1.0,-0.1,-1.0,-0.1
3,NONE,-1.0,-0.1,-1.0,-0.1
3,NONE,-1.0,-0.1,-1.0,-0.1
3,NONE,-1.0,-0.1,-1.0,-0.1
3,NONE,-1.0,-0.1,-1.0,-0.1
3,NONE,-1.0,-0.1,-1.0,-0.1
3,NONE,-1.0,-0.1,-1.0,-0.1
3,NONE,-1.0,-0.1,-1.0,-0.1
3,NONE,-1.0,-0.1,-1.0,-0.1
3,NONE,-1.0,-0.1,-1.0,-0.1
3,NONE,-1.0,-0.1,-1.0,-0.1
3,NONE,-1.0,-0.1,-1.0,-0.1
3,NONE,-1.0,-0.1,-1.0,-0.1
3,NONE,-1.0,-0.1,-1.0,-0.1
3,NONE,-1.0,-0.1,-1.0,-0.1
3,NONE,-1.0,-0.1,-1.0,-0.1
3,NONE,-1.0,-0.1,-1.0,-0.1
3,NONE,-1.0,-0.1,-1.0,-0.1
3,NONE,-1.0,-0.1,-1.0,-0.1
3,NONE,-1.0,-0.1,-1.0,-0.1
3,NONE,-1.0,-0.1,-1.0,-0.1
3,NONE,-1.0,-0.1,-1.0,-0.1
3,NONE,-1.0,-0.1,-1.0,-0.1
3,NONE,-1.0,-0.1,-1.0,-0.1
3,NONE,-1.0,-0.1,-1.0,-0.1
3,NONE,-1.0,-0.1,-1.0,-0.1
3,NONE,-1.0,-0.1,-1.0,-0.1
3,NONE,-1.0,-0.1,-1.0,-0.1
3,NONE,-1.0,-0.1,-1.0,-0.1
3,NONE,-1.0,-0.1,-1.0,-0.1
3,NONE,-1.0,-0.1,-1.0,-0.1
3,NONE,-1.0,-0.1,-1.0,-0.1
3,NONE,-1.0,-0.1,-1.0,-0.1
3,NONE,-1.0,-0.1,-1.0,-0.1
3,NONE,-1.0,-0.1,-1.0,-0.1
3,NONE,-1.0,-0.1,-1.0,-0.1
3,NONE,-1.0,-0.1,-1.0,-0.1
3,NONE,-1.0,-0.1,-1.0,-0.1
3,NONE,-1.0,-0.1,-1.0,-0.1
3,NONE,-1.0,-0.1,-1.0,-0.1
3,NONE,-1.0,-0.1,-1.0,-0.1
3,NONE,-1.0,-0.1,-1.0,-0.1
3,NONE,-1.0,-0.1,-1.0,-0.1
3,NONE,-1.0,-0.1,-1.0,-0.1
3,NONE,-1.0,-0.1,-1.0,-0.1
3,NONE,-1.0,-0.1,-1.0,-0.1
3,NONE,-1.0,-0.1,-1.0,-0.1
3,NONE,-1.0,-0.1,-1.0,-0.1
3,NONE,-1.0,-0.1,-1.0,-0.1
3,NONE,-1.0,-0.1,-1.0,-0.1
3,NONE,-1.0,-0.1,-1.0,-0.1
3,NONE,-1.0,-0.1,-1.0,-0.1
3,NONE,-1.0,-0.1,-1.0,-0.1
3,NONE,-1.0,-0.1,-1.0,-0.1
3,NONE,-1.0,-0.1,-1.0,-0.1
3,NONE,-1.0,-0.1,-1.0,-0.1
3,NONE,-1.0,-0.1,-1.0,-0.1
3,NONE,-1.0,-0.1,-1.0,-0.1
3,NONE,-1.0,-0.1,-1.0,-0.1
3,NONE,-1.0,-0.1,-1.0,-0.1
3,NONE,-1.0,-0.1,-1.0,-0.1
3,NONE,-1.0,-0.1,-1.0,-0.1
3,NONE,-1.0,-0.1,-1.0,-0.1
3,NONE,-1.0,-0.1,-1.0,-0.1
3,NONE,-1.0,-0.1,-1.0,-0.1
3,NONE,-1.0,-0.1,-1.0,-0.1
3,NONE,-1.0,-0.1,-1.0,-0.1
3,NONE,-1.0,-0.1,-1.0,-0.1
3,NONE,-1.0,-0.1,-1.0,-0.1
3,NONE,-1.0,-0.1,-1.0,-0.1
3,NONE,-1.0,-0.1,-1.0,-0.1
3,NONE,-1.0,-0.1,-1.0,-0.1
3,NONE,-1.0,-0.1,-1.0,-0.1
3,NONE,-1.0,-0.1,-1.0,-0.1
3,NONE,-1.0,-0.1,-1.0,-0.1
3,NONE,-1.0,-0.1,-1.0,-0.1
3,NONE,-1.0,-0.1,-1.0,-0.1
3,NONE,-1.0,-0.1,-1.0,-0.1
3,NONE,-1.0,-0.1,-1.0,-0.1
3,NONE,-1.0,-0.1,-1.0,-0.1
3,NONE,-1.0,-0.1,-1.0,-0.1
3,NONE,-1.0,-0.1,-1.0,-0.1
3,NONE,-1.0,-0.1,-1.0,-0.1
3,NONE,-1.0,-0.1,-1.0,-0.1
3,NONE,-1.0,-0.1,-1.0,-0.1
2,EV_B13_C008_Mototaxi_Electrica_P07,-1.0,-0.1,10.0,18.775271246632222
1,EV_B13_C008_Mototaxi_Electrica_P07,4.0,93.25692111877778,-1.0,18.775271246632222
1,EV_B13_C008_Mototaxi_Electrica_P07,3.0,93.25692111877778,-1.0,18.775271246632222
1,EV_B13_C008_Mototaxi_Electrica_P07,2.0,93.25692111877778,-1.0,18.775271246632222
1,EV_B13_C008_Mototaxi_Electrica_P07,1.0,93.25692111877778,-1.0,18.775271246632222
1,EV_B13_C008_Mototaxi_Electrica_P07,0.0,93.25692111877778,-1.0,18.775271246632222
3,NONE,-1.0,-0.1,-1.0,-0.1
3,NONE,-1.0,-0.1,-1.0,-0.1
3,NONE,-1.0,-0.1,-1.0,-0.1
3,NONE,-1.0,-0.1,-1.0,-0.1
3,NONE,-1.0,-0.1,-1.0,-0.1
3,NONE,-1.0,-0.1,-1.0,-0.1
3,NONE,-1.0,-0.1,-1.0,-0.1
3,NONE,-1.0,-0.1,-1.0,-0.1
3,NONE,-1.0,-0.1,-1.0,-0.1
3,NONE,-1.0,-0.1,-1.0,-0.1
3,NONE,-1.0,-0.1,-1.0,-0.1
3,NONE,-1.0,-0.1,-1.0,-0.1
3,NONE,-1.0,-0.1,-1.0,-0.1
3,NONE,-1.0,-0.1,-1.0,-0.1
3,NONE,-1.0,-0.1,-1.0,-0.1
3,NONE,-1.0,-0.1,-1.0,-0.1
3,NONE,-1.0,-0.1,-1.0,-0.1
3,NONE,-1.0,-0.1,-1.0,-0.1
3,NONE,-1.0,-0.1,-1.0,-0.1
3,NONE,-1.0,-0.1,-1.0,-0.1
3,NONE,-1.0,-0.1,-1.0,-0.1
3,NONE,-1.0,-0.1,-1.0,-0.1
3,NONE,-1.0,-0.1,-1.0,-0.1
3,NONE,-1.0,-0.1,-1.0,-0.1
3,NONE,-1.0,-0.1,-1.0,-0.1
3,NONE,-1.0,-0.1,-1.0,-0.1
3,NONE,-1.0,-0.1,-1.0,-0.1
3,NONE,-1.0,-0.1,-1.0,-0.1
3,NONE,-1.0,-0.1,-1.0,-0.1
3,NONE,-1.0,-0.1,-1.0,-0.1
3,NONE,-1.0,-0.1,-1.0,-0.1
3,NONE,-1.0,-0.1,-1.0,-0.1
3,NONE,-1.0,-0.1,-1.0,-0.1
3,NONE,-1.0,-0.1,-1.0,-0.1
3,NONE,-1.0,-0.1,-1.0,-0.1
3,NONE,-1.0,-0.1,-1.0,-0.1
3,NONE,-1.0,-0.1,-1.0,-0.1
3,NONE,-1.0,-0.1,-1.0,-0.1
3,NONE,-1.0,-0.1,-1.0,-0.1
2,EV_B13_C008_Mototaxi_Electrica_P08,-1.0,-0.1,7.0,59.95992084483507
1,EV_B13_C008_Mototaxi_Electrica_P08,7.0,81.28420077263944,-1.0,59.95992084483507
1,EV_B13_C008_Mototaxi_Electrica_P08,6.0,81.28420077263944,-1.0,59.95992084483507
1,EV_B13_C008_Mototaxi_Electrica_P08,5.0,81.28420077263944,-1.0,59.95992084483507
1,EV_B13_C008_Mototaxi_Electrica_P08,4.0,81.28420077263944,-1.0,59.95992084483507
1,EV_B13_C008_Mototaxi_Electrica_P08,3.0,81.28420077263944,-1.0,59.95992084483507
1,EV_B13_C008_Mototaxi_Electrica_P08,2.0,81.28420077263944,-1.0,59.95992084483507
1,EV_B13_C008_Mototaxi_Electrica_P08,1.0,81.28420077263944,-1.0,59.95992084483507
1,EV_B13_C008_Mototaxi_Electrica_P08,0.0,81.28420077263944,-1.0,59.95992084483507
3,NONE,-1.0,-0.1,-1.0,-0.1
3,NONE,-1.0,-0.1,-1.0,-0.1
3,NONE,-1.0,-0.1,-1.0,-0.1
3,NONE,-1.0,-0.1,-1.0,-0.1
3,NONE,-1.0,-0.1,-1.0,-0.1
3,NONE,-1.0,-0.1,-1.0,-0.1
3,NONE,-1.0,-0.1,-1.0,-0.1
3,NONE,-1.0,-0.1,-1.0,-0.1
3,NONE,-1.0,-0.1,-1.0,-0.1
3,NONE,-1.0,-0.1,-1.0,-0.1
3,NONE,-1.0,-0.1,-1.0,-0.1
3,NONE,-1.0,-0.1,-1.0,-0.1
3,NONE,-1.0,-0.1,-1.0,-0.1
3,NONE,-1.0,-0.1,-1.0,-0.1
3,NONE,-1.0,-0.1,-1.0,-0.1
3,NONE,-1.0,-0.1,-1.0,-0.1
3,NONE,-1.0,-0.1,-1.0,-0.1
3,NONE,-1.0,-0.1,-1.0,-0.1
3,NONE,-1.0,-0.1,-1.0,-0.1
3,NONE,-1.0,-0.1,-1.0,-0.1
3,NONE,-1.0,-0.1,-1.0,-0.1
3,NONE,-1.0,-0.1,-1.0,-0.1
3,NONE,-1.0,-0.1,-1.0,-0.1
3,NONE,-1.0,-0.1,-1.0,-0.1
3,NONE,-1.0,-0.1,-1.0,-0.1
3,NONE,-1.0,-0.1,-1.0,-0.1
3,NONE,-1.0,-0.1,-1.0,-0.1
3,NONE,-1.0,-0.1,-1.0,-0.1
3,NONE,-1.0,-0.1,-1.0,-0.1
3,NONE,-1.0,-0.1,-1.0,-0.1
3,NONE,-1.0,-0.1,-1.0,-0.1
3,NONE,-1.0,-0.1,-1.0,-0.1
3,NONE,-1.0,-0.1,-1.0,-0.1
3,NONE,-1.0,-0.1,-1.0,-0.1
3,NONE,-1.0,-0.1,-1.0,-0.1
3,NONE,-1.0,-0.1,-1.0,-0.1
3,NONE,-1.0,-0.1,-1.0,-0.1
3,NONE,-1.0,-0.1,-1.0,-0.1
3,NONE,-1.0,-0.1,-1.0,-0.1
3,NONE,-1.0,-0.1,-1.0,-0.1
3,NONE,-1.0,-0.1,-1.0,-0.1
3,NONE,-1.0,-0.1,-1.0,-0.1
3,NONE,-1.0,-0.1,-1.0,-0.1
3,NONE,-1.0,-0.1,-1.0,-0.1
3,NONE,-1.0,-0.1,-1.0,-0.1
3,NONE,-1.0,-0.1,-1.0,-0.1
3,NONE,-1.0,-0.1,-1.0,-0.1
3,NONE,-1.0,-0.1,-1.0,-0.1
3,NONE,-1.0,-0.1,-1.0,-0.1
3,NONE,-1.0,-0.1,-1.0,-0.1
3,NONE,-1.0,-0.1,-1.0,-0.1
3,NONE,-1.0,-0.1,-1.0,-0.1
3,NONE,-1.0,-0.1,-1.0,-0.1
3,NONE,-1.0,-0.1,-1.0,-0.1
3,NONE,-1.0,-0.1,-1.0,-0.1
3,NONE,-1.0,-0.1,-1.0,-0.1
3,NONE,-1.0,-0.1,-1.0,-0.1
3,NONE,-1.0,-0.1,-1.0,-0.1
3,NONE,-1.0,-0.1,-1.0,-0.1
3,NONE,-1.0,-0.1,-1.0,-0.1
3,NONE,-1.0,-0.1,-1.0,-0.1
3,NONE,-1.0,-0.1,-1.0,-0.1
3,NONE,-1.0,-0.1,-1.0,-0.1
3,NONE,-1.0,-0.1,-1.0,-0.1
3,NONE,-1.0,-0.1,-1.0,-0.1
3,NONE,-1.0,-0.1,-1.0,-0.1
3,NONE,-1.0,-0.1,-1.0,-0.1
3,NONE,-1.0,-0.1,-1.0,-0.1
3,NONE,-1.0,-0.1,-1.0,-0.1
3,NONE,-1.0,-0.1,-1.0,-0.1
3,NONE,-1.0,-0.1,-1.0,-0.1
3,NONE,-1.0,-0.1,-1.0,-0.1
3,NONE,-1.0,-0.1,-1.0,-0.1
3,NONE,-1.0,-0.1,-1.0,-0.1
3,NONE,-1.0,-0.1,-1.0,-0.1
3,NONE,-1.0,-0.1,-1.0,-0.1
3,NONE,-1.0,-0.1,-1.0,-0.1
3,NONE,-1.0,-0.1,-1.0,-0.1
3,NONE,-1.0,-0.1,-1.0,-0.1
3,NONE,-1.0,-0.1,-1.0,-0.1
3,NONE,-1.0,-0.1,-1.0,-0.1
3,NONE,-1.0,-0.1,-1.0,-0.1
3,NONE,-1.0,-0.1,-1.0,-0.1
3,NONE,-1.0,-0.1,-1.0,-0.1
3,NONE,-1.0,-0.1,-1.0,-0.1
3,NONE,-1.0,-0.1,-1.0,-0.1
3,NONE,-1.0,-0.1,-1.0,-0.1
2,EV_B13_C008_Mototaxi_Electrica_P09,-1.0,-0.1,7.0,37.198506857562975
1,EV_B13_C008_Mototaxi_Electrica_P09,5.0,70.08682974023931,-1.0,37.198506857562975
1,EV_B13_C008_Mototaxi_Electrica_P09,4.0,70.08682974023931,-1.0,37.198506857562975
1,EV_B13_C008_Mototaxi_Electrica_P09,3.0,70.08682974023931,-1.0,37.198506857562975
1,EV_B13_C008_Mototaxi_Electrica_P09,2.0,70.08682974023931,-1.0,37.198506857562975
1,EV_B13_C008_Mototaxi_Electrica_P09,1.0,70.08682974023931,-1.0,37.198506857562975
1,EV_B13_C008_Mototaxi_Electrica_P09,0.0,70.08682974023931,-1.0,37.198506857562975
3,NONE,-1.0,-0.1,-1.0,-0.1
3,NONE,-1.0,-0.1,-1.0,-0.1
3,NONE,-1.0,-0.1,-1.0,-0.1
3,NONE,-1.0,-0.1,-1.0,-0.1
3,NONE,-1.0,-0.1,-1.0,-0.1
3,NONE,-1.0,-0.1,-1.0,-0.1
3,NONE,-1.0,-0.1,-1.0,-0.1
3,NONE,-1.0,-0.1,-1.0,-0.1
3,NONE,-1.0,-0.1,-1.0,-0.1
3,NONE,-1.0,-0.1,-1.0,-0.1
3,NONE,-1.0,-0.1,-1.0,-0.1
3,NONE,-1.0,-0.1,-1.0,-0.1
3,NONE,-1.0,-0.1,-1.0,-0.1
3,NONE,-1.0,-0.1,-1.0,-0.1
3,NONE,-1.0,-0.1,-1.0,-0.1
3,NONE,-1.0,-0.1,-1.0,-0.1
3,NONE,-1.0,-0.1,-1.0,-0.1
2,EV_B13_C008_Mototaxi_Electrica_P10,-1.0,-0.1,7.0,32.09773138831845
1,EV_B13_C008_Mototaxi_Electrica_P10,7.0,80.2937910080244,-1.0,32.09773138831845
1,EV_B13_C008_Mototaxi_Electrica_P10,6.0,80.2937910080244,-1.0,32.09773138831845
1,EV_B13_C008_Mototaxi_Electrica_P10,5.0,80.2937910080244,-1.0,32.09773138831845
1,EV_B13_C008_Mototaxi_Electrica_P10,4.0,80.2937910080244,-1.0,32.09773138831845
1,EV_B13_C008_Mototaxi_Electrica_P10,3.0,80.2937910080244,-1.0,32.09773138831845
1,EV_B13_C008_Mototaxi_Electrica_P10,2.0,80.2937910080244,-1.0,32.09773138831845
1,EV_B13_C008_Mototaxi_Electrica_P10,1.0,80.2937910080244,-1.0,32.09773138831845
1,EV_B13_C008_Mototaxi_Electrica_P10,0.0,80.2937910080244,-1.0,32.09773138831845
3,NONE,-1.0,-0.1,-1.0,-0.1
3,NONE,-1.0,-0.1,-1.0,-0.1
3,NONE,-1.0,-0.1,-1.0,-0.1
3,NONE,-1.0,-0.1,-1.0,-0.1
3,NONE,-1.0,-0.1,-1.0,-0.1
3,NONE,-1.0,-0.1,-1.0,-0.1
3,NONE,-1.0,-0.1,-1.0,-0.1
3,NONE,-1.0,-0.1,-1.0,-0.1
3,NONE,-1.0,-0.1,-1.0,-0.1
3,NONE,-1.0,-0.1,-1.0,-0.1
3,NONE,-1.0,-0.1,-1.0,-0.1
3,NONE,-1.0,-0.1,-1.0,-0.1
3,NONE,-1.0,-0.1,-1.0,-0.1
3,NONE,-1.0,-0.1,-1.0,-0.1
3,NONE,-1.0,-0.1,-1.0,-0.1
3,NONE,-1.0,-0.1,-1.0,-0.1
3,NONE,-1.0,-0.1,-1.0,-0.1
3,NONE,-1.0,-0.1,-1.0,-0.1
3,NONE,-1.0,-0.1,-1.0,-0.1
3,NONE,-1.0,-0.1,-1.0,-0.1
3,NONE,-1.0,-0.1,-1.0,-0.1
3,NONE,-1.0,-0.1,-1.0,-0.1
3,NONE,-1.0,-0.1,-1.0,-0.1
3,NONE,-1.0,-0.1,-1.0,-0.1
3,NONE,-1.0,-0.1,-1.0,-0.1
3,NONE,-1.0,-0.1,-1.0,-0.1
3,NONE,-1.0,-0.1,-1.0,-0.1
3,NONE,-1.0,-0.1,-1.0,-0.1
3,NONE,-1.0,-0.1,-1.0,-0.1
3,NONE,-1.0,-0.1,-1.0,-0.1
3,NONE,-1.0,-0.1,-1.0,-0.1
3,NONE,-1.0,-0.1,-1.0,-0.1
3,NONE,-1.0,-0.1,-1.0,-0.1
3,NONE,-1.0,-0.1,-1.0,-0.1
3,NONE,-1.0,-0.1,-1.0,-0.1
3,NONE,-1.0,-0.1,-1.0,-0.1
3,NONE,-1.0,-0.1,-1.0,-0.1
3,NONE,-1.0,-0.1,-1.0,-0.1
3,NONE,-1.0,-0.1,-1.0,-0.1
3,NONE,-1.0,-0.1,-1.0,-0.1
3,NONE,-1.0,-0.1,-1.0,-0.1
3,NONE,-1.0,-0.1,-1.0,-0.1
2,EV_B13_C008_Mototaxi_Electrica_P01,-1.0,-0.1,10.0,25.93434199839155
1,EV_B13_C008_Mototaxi_Electrica_P01,4.0,78.53270591725644,-1.0,25.93434199839155
1,EV_B13_C008_Mototaxi_Electrica_P01,3.0,78.53270591725644,-1.0,25.93434199839155
1,EV_B13_C008_Mototaxi_Electrica_P01,2.0,78.53270591725644,-1.0,25.93434199839155
1,EV_B13_C008_Mototaxi_Electrica_P01,1.0,78.53270591725644,-1.0,25.93434199839155
1,EV_B13_C008_Mototaxi_Electrica_P01,0.0,78.53270591725644,-1.0,25.93434199839155
3,NONE,-1.0,-0.1,-1.0,-0.1
3,NONE,-1.0,-0.1,-1.0,-0.1
3,NONE,-1.0,-0.1,-1.0,-0.1
3,NONE,-1.0,-0.1,-1.0,-0.1
3,NONE,-1.0,-0.1,-1.0,-0.1
3,NONE,-1.0,-0.1,-1.0,-0.1
3,NONE,-1.0,-0.1,-1.0,-0.1
3,NONE,-1.0,-0.1,-1.0,-0.1
3,NONE,-1.0,-0.1,-1.0,-0.1
3,NONE,-1.0,-0.1,-1.0,-0.1
3,NONE,-1.0,-0.1,-1.0,-0.1
3,NONE,-1.0,-0.1,-1.0,-0.1
3,NONE,-1.0,-0.1,-1.0,-0.1
3,NONE,-1.0,-0.1,-1.0,-0.1
3,NONE,-1.0,-0.1,-1.0,-0.1
3,NONE,-1.0,-0.1,-1.0,-0.1
2,EV_B13_C008_Mototaxi_Electrica_P02,-1.0,-0.1,8.0,15.084182858194303
1,EV_B13_C008_Mototaxi_Electrica_P02,6.0,81.09794787906593,-1.0,15.084182858194303
1,EV_B13_C008_Mototaxi_Electrica_P02,5.0,81.09794787906593,-1.0,15.084182858194303
1,EV_B13_C008_Mototaxi_Electrica_P02,4.0,81.09794787906593,-1.0,15.084182858194303
1,EV_B13_C008_Mototaxi_Electrica_P02,3.0,81.09794787906593,-1.0,15.084182858194303
1,EV_B13_C008_Mototaxi_Electrica_P02,2.0,81.09794787906593,-1.0,15.084182858194303
1,EV_B13_C008_Mototaxi_Electrica_P02,1.0,81.09794787906593,-1.0,15.084182858194303
1,EV_B13_C008_Mototaxi_Electrica_P02,0.0,81.09794787906593,-1.0,15.084182858194303
3,NONE,-1.0,-0.1,-1.0,-0.1
3,NONE,-1.0,-0.1,-1.0,-0.1
3,NONE,-1.0,-0.1,-1.0,-0.1
3,NONE,-1.0,-0.1,-1.0,-0.1
3,NONE,-1.0,-0.1,-1.0,-0.1
3,NONE,-1.0,-0.1,-1.0,-0.1
3,NONE,-1.0,-0.1,-1.0,-0.1
3,NONE,-1.0,-0.1,-1.0,-0.1
3,NONE,-1.0,-0.1,-1.0,-0.1
3,NONE,-1.0,-0.1,-1.0,-0.1
3,NONE,-1.0,-0.1,-1.0,-0.1
3,NONE,-1.0,-0.1,-1.0,-0.1
3,NONE,-1.0,-0.1,-1.0,-0.1
3,NONE,-1.0,-0.1,-1.0,-0.1
3,NONE,-1.0,-0.1,-1.0,-0.1
3,NONE,-1.0,-0.1,-1.0,-0.1
3,NONE,-1.0,-0.1,-1.0,-0.1
3,NONE,-1.0,-0.1,-1.0,-0.1
3,NONE,-1.0,-0.1,-1.0,-0.1
3,NONE,-1.0,-0.1,-1.0,-0.1
3,NONE,-1.0,-0.1,-1.0,-0.1
3,NONE,-1.0,-0.1,-1.0,-0.1
3,NONE,-1.0,-0.1,-1.0,-0.1
3,NONE,-1.0,-0.1,-1.0,-0.1
3,NONE,-1.0,-0.1,-1.0,-0.1
3,NONE,-1.0,-0.1,-1.0,-0.1
3,NONE,-1.0,-0.1,-1.0,-0.1
3,NONE,-1.0,-0.1,-1.0,-0.1
3,NONE,-1.0,-0.1,-1.0,-0.1
3,NONE,-1.0,-0.1,-1.0,-0.1
3,NONE,-1.0,-0.1,-1.0,-0.1
3,NONE,-1.0,-0.1,-1.0,-0.1
3,NONE,-1.0,-0.1,-1.0,-0.1
3,NONE,-1.0,-0.1,-1.0,-0.1
3,NONE,-1.0,-0.1,-1.0,-0.1
3,NONE,-1.0,-0.1,-1.0,-0.1
3,NONE,-1.0,-0.1,-1.0,-0.1
3,NONE,-1.0,-0.1,-1.0,-0.1
3,NONE,-1.0,-0.1,-1.0,-0.1
3,NONE,-1.0,-0.1,-1.0,-0.1
3,NONE,-1.0,-0.1,-1.0,-0.1
3,NONE,-1.0,-0.1,-1.0,-0.1
3,NONE,-1.0,-0.1,-1.0,-0.1
3,NONE,-1.0,-0.1,-1.0,-0.1
3,NONE,-1.0,-0.1,-1.0,-0.1
3,NONE,-1.0,-0.1,-1.0,-0.1
3,NONE,-1.0,-0.1,-1.0,-0.1
3,NONE,-1.0,-0.1,-1.0,-0.1
3,NONE,-1.0,-0.1,-1.0,-0.1
3,NONE,-1.0,-0.1,-1.0,-0.1
3,NONE,-1.0,-0.1,-1.0,-0.1
3,NONE,-1.0,-0.1,-1.0,-0.1
3,NONE,-1.0,-0.1,-1.0,-0.1
3,NONE,-1.0,-0.1,-1.0,-0.1
3,NONE,-1.0,-0.1,-1.0,-0.1
3,NONE,-1.0,-0.1,-1.0,-0.1
3,NONE,-1.0,-0.1,-1.0,-0.1
3,NONE,-1.0,-0.1,-1.0,-0.1
3,NONE,-1.0,-0.1,-1.0,-0.1
3,NONE,-1.0,-0.1,-1.0,-0.1
3,NONE,-1.0,-0.1,-1.0,-0.1
3,NONE,-1.0,-0.1,-1.0,-0.1
3,NONE,-1.0,-0.1,-1.0,-0.1
3,NONE,-1.0,-0.1,-1.0,-0.1
2,EV_B13_C008_Mototaxi_Electrica_P03,-1.0,-0.1,8.0,48.697737224790465
1,EV_B13_C008_Mototaxi_Electrica_P03,6.0,79.38650968853996,-1.0,48.697737224790465
1,EV_B13_C008_Mototaxi_Electrica_P03,5.0,79.38650968853996,-1.0,48.697737224790465
1,EV_B13_C008_Mototaxi_Electrica_P03,4.0,79.38650968853996,-1.0,48.697737224790465
1,EV_B13_C008_Mototaxi_Electrica_P03,3.0,79.38650968853996,-1.0,48.697737224790465
1,EV_B13_C008_Mototaxi_Electrica_P03,2.0,79.38650968853996,-1.0,48.697737224790465
1,EV_B13_C008_Mototaxi_Electrica_P03,1.0,79.38650968853996,-1.0,48.697737224790465
1,EV_B13_C008_Mototaxi_Electrica_P03,0.0,79.38650968853996,-1.0,48.697737224790465
3,NONE,-1.0,-0.1,-1.0,-0.1
3,NONE,-1.0,-0.1,-1.0,-0.1
3,NONE,-1.0,-0.1,-1.0,-0.1
3,NONE,-1.0,-0.1,-1.0,-0.1
3,NONE,-1.0,-0.1,-1.0,-0.1
3,NONE,-1.0,-0.1,-1.0,-0.1
3,NONE,-1.0,-0.1,-1.0,-0.1
3,NONE,-1.0,-0.1,-1.0,-0.1
3,NONE,-1.0,-0.1,-1.0,-0.1
3,NONE,-1.0,-0.1,-1.0,-0.1
3,NONE,-1.0,-0.1,-1.0,-0.1
3,NONE,-1.0,-0.1,-1.0,-0.1
3,NONE,-1.0,-0.1,-1.0,-0.1
3,NONE,-1.0,-0.1,-1.0,-0.1
3,NONE,-1.0,-0.1,-1.0,-0.1
3,NONE,-1.0,-0.1,-1.0,-0.1
3,NONE,-1.0,-0.1,-1.0,-0.1
3,NONE,-1.0,-0.1,-1.0,-0.1
3,NONE,-1.0,-0.1,-1.0,-0.1
3,NONE,-1.0,-0.1,-1.0,-0.1
3,NONE,-1.0,-0.1,-1.0,-0.1
3,NONE,-1.0,-0.1,-1.0,-0.1
3,NONE,-1.0,-0.1,-1.0,-0.1
3,NONE,-1.0,-0.1,-1.0,-0.1
3,NONE,-1.0,-0.1,-1.0,-0.1
3,NONE,-1.0,-0.1,-1.0,-0.1
3,NONE,-1.0,-0.1,-1.0,-0.1
3,NONE,-1.0,-0.1,-1.0,-0.1
3,NONE,-1.0,-0.1,-1.0,-0.1
3,NONE,-1.0,-0.1,-1.0,-0.1
3,NONE,-1.0,-0.1,-1.0,-0.1
3,NONE,-1.0,-0.1,-1.0,-0.1
3,NONE,-1.0,-0.1,-1.0,-0.1
3,NONE,-1.0,-0.1,-1.0,-0.1
3,NONE,-1.0,-0.1,-1.0,-0.1
3,NONE,-1.0,-0.1,-1.0,-0.1
3,NONE,-1.0,-0.1,-1.0,-0.1
3,NONE,-1.0,-0.1,-1.0,-0.1
3,NONE,-1.0,-0.1,-1.0,-0.1
3,NONE,-1.0,-0.1,-1.0,-0.1
3,NONE,-1.0,-0.1,-1.0,-0.1
2,EV_B13_C008_Mototaxi_Electrica_P04,-1.0,-0.1,9.0,20.023598513895728
1,EV_B13_C008_Mototaxi_Electrica_P04,5.0,92.81308671524761,-1.0,20.023598513895728
1,EV_B13_C008_Mototaxi_Electrica_P04,4.0,92.81308671524761,-1.0,20.023598513895728
1,EV_B13_C008_Mototaxi_Electrica_P04,3.0,92.81308671524761,-1.0,20.023598513895728
1,EV_B13_C008_Mototaxi_Electrica_P04,2.0,92.81308671524761,-1.0,20.023598513895728
1,EV_B13_C008_Mototaxi_Electrica_P04,1.0,92.81308671524761,-1.0,20.023598513895728
1,EV_B13_C008_Mototaxi_Electrica_P04,0.0,92.81308671524761,-1.0,20.023598513895728
3,NONE,-1.0,-0.1,-1.0,-0.1
3,NONE,-1.0,-0.1,-1.0,-0.1
3,NONE,-1.0,-0.1,-1.0,-0.1
3,NONE,-1.0,-0.1,-1.0,-0.1
3,NONE,-1.0,-0.1,-1.0,-0.1
3,NONE,-1.0,-0.1,-1.0,-0.1
3,NONE,-1.0,-0.1,-1.0,-0.1
3,NONE,-1.0,-0.1,-1.0,-0.1
3,NONE,-1.0,-0.1,-1.0,-0.1
3,NONE,-1.0,-0.1,-1.0,-0.1
3,NONE,-1.0,-0.1,-1.0,-0.1
3,NONE,-1.0,-0.1,-1.0,-0.1
3,NONE,-1.0,-0.1,-1.0,-0.1
3,NONE,-1.0,-0.1,-1.0,-0.1
3,NONE,-1.0,-0.1,-1.0,-0.1
3,NONE,-1.0,-0.1,-1.0,-0.1
3,NONE,-1.0,-0.1,-1.0,-0.1
2,EV_B13_C008_Mototaxi_Electrica_P05,-1.0,-0.1,9.0,45.649913748792656
1,EV_B13_C008_Mototaxi_Electrica_P05,5.0,81.44868682734237,-1.0,45.649913748792656
1,EV_B13_C008_Mototaxi_Electrica_P05,4.0,81.44868682734237,-1.0,45.649913748792656
1,EV_B13_C008_Mototaxi_Electrica_P05,3.0,81.44868682734237,-1.0,45.649913748792656
1,EV_B13_C008_Mototaxi_Electrica_P05,2.0,81.44868682734237,-1.0,45.649913748792656
1,EV_B13_C008_Mototaxi_Electrica_P05,1.0,81.44868682734237,-1.0,45.649913748792656
1,EV_B13_C008_Mototaxi_Electrica_P05,0.0,81.44868682734237,-1.0,45.649913748792656
3,NONE,-1.0,-0.1,-1.0,-0.1
3,NONE,-1.0,-0.1,-1.0,-0.1
3,NONE,-1.0,-0.1,-1.0,-0.1
3,NONE,-1.0,-0.1,-1.0,-0.1
3,NONE,-1.0,-0.1,-1.0,-0.1
3,NONE,-1.0,-0.1,-1.0,-0.1
3,NONE,-1.0,-0.1,-1.0,-0.1
3,NONE,-1.0,-0.1,-1.0,-0.1
3,NONE,-1.0,-0.1,-1.0,-0.1
3,NONE,-1.0,-0.1,-1.0,-0.1
3,NONE,-1.0,-0.1,-1.0,-0.1
3,NONE,-1.0,-0.1,-1.0,-0.1
3,NONE,-1.0,-0.1,-1.0,-0.1
3,NONE,-1.0,-0.1,-1.0,-0.1
3,NONE,-1.0,-0.1,-1.0,-0.1
3,NONE,-1.0,-0.1,-1.0,-0.1
2,EV_B13_C008_Mototaxi_Electrica_P06,-1.0,-0.1,8.0,37.302954243283004
1,EV_B13_C008_Mototaxi_Electrica_P06,6.0,81.00484542970926,-1.0,37.302954243283004
1,EV_B13_C008_Mototaxi_Electrica_P06,5.0,81.00484542970926,-1.0,37.302954243283004
1,EV_B13_C008_Mototaxi_Electrica_P06,4.0,81.00484542970926,-1.0,37.302954243283004
1,EV_B13_C008_Mototaxi_Electrica_P06,3.0,81.00484542970926,-1.0,37.302954243283004
1,EV_B13_C008_Mototaxi_Electrica_P06,2.0,81.00484542970926,-1.0,37.302954243283004
1,EV_B13_C008_Mototaxi_Electrica_P06,1.0,81.00484542970926,-1.0,37.302954243283004
1,EV_B13_C008_Mototaxi_Electrica_P06,0.0,81.00484542970926,-1.0,37.302954243283004
3,NONE,-1.0,-0.1,-1.0,-0.1
3,NONE,-1.0,-0.1,-1.0,-0.1
3,NONE,-1.0,-0.1,-1.0,-0.1
3,NONE,-1.0,-0.1,-1.0,-0.1
3,NONE,-1.0,-0.1,-1.0,-0.1
3,NONE,-1.0,-0.1,-1.0,-0.1
3,NONE,-1.0,-0.1,-1.0,-0.1
3,NONE,-1.0,-0.1,-1.0,-0.1
3,NONE,-1.0,-0.1,-1.0,-0.1
3,NONE,-1.0,-0.1,-1.0,-0.1
3,NONE,-1.0,-0.1,-1.0,-0.1
3,NONE,-1.0,-0.1,-1.0,-0.1
3,NONE,-1.0,-0.1,-1.0,-0.1
3,NONE,-1.0,-0.1,-1.0,-0.1
3,NONE,-1.0,-0.1,-1.0,-0.1
3,NONE,-1.0,-0.1,-1.0,-0.1
3,NONE,-1.0,-0.1,-1.0,-0.1
3,NONE,-1.0,-0.1,-1.0,-0.1
3,NONE,-1.0,-0.1,-1.0,-0.1
3,NONE,-1.0,-0.1,-1.0,-0.1
3,NONE,-1.0,-0.1,-1.0,-0.1
3,NONE,-1.0,-0.1,-1.0,-0.1
3,NONE,-1.0,-0.1,-1.0,-0.1
3,NONE,-1.0,-0.1,-1.0,-0.1
3,NONE,-1.0,-0.1,-1.0,-0.1
3,NONE,-1.0,-0.1,-1.0,-0.1
3,NONE,-1.0,-0.1,-1.0,-0.1
3,NONE,-1.0,-0.1,-1.0,-0.1
3,NONE,-1.0,-0.1,-1.0,-0.1
3,NONE,-1.0,-0.1,-1.0,-0.1
3,NONE,-1.0,-0.1,-1.0,-0.1
3,NONE,-1.0,-0.1,-1.0,-0.1
3,NONE,-1.0,-0.1,-1.0,-0.1
3,NONE,-1.0,-0.1,-1.0,-0.1
3,NONE,-1.0,-0.1,-1.0,-0.1
3,NONE,-1.0,-0.1,-1.0,-0.1
3,NONE,-1.0,-0.1,-1.0,-0.1
3,NONE,-1.0,-0.1,-1.0,-0.1
3,NONE,-1.0,-0.1,-1.0,-0.1
3,NONE,-1.0,-0.1,-1.0,-0.1
3,NONE,-1.0,-0.1,-1.0,-0.1
3,NONE,-1.0,-0.1,-1.0,-0.1
3,NONE,-1.0,-0.1,-1.0,-0.1
3,NONE,-1.0,-0.1,-1.0,-0.1
3,NONE,-1.0,-0.1,-1.0,-0.1
3,NONE,-1.0,-0.1,-1.0,-0.1
3,NONE,-1.0,-0.1,-1.0,-0.1
3,NONE,-1.0,-0.1,-1.0,-0.1
3,NONE,-1.0,-0.1,-1.0,-0.1
3,NONE,-1.0,-0.1,-1.0,-0.1
3,NONE,-1.0,-0.1,-1.0,-0.1
3,NONE,-1.0,-0.1,-1.0,-0.1
3,NONE,-1.0,-0.1,-1.0,-0.1
3,NONE,-1.0,-0.1,-1.0,-0.1
3,NONE,-1.0,-0.1,-1.0,-0.1
3,NONE,-1.0,-0.1,-1.0,-0.1
3,NONE,-1.0,-0.1,-1.0,-0.1
3,NONE,-1.0,-0.1,-1.0,-0.1
3,NONE,-1.0,-0.1,-1.0,-0.1
3,NONE,-1.0,-0.1,-1.0,-0.1
3,NONE,-1.0,-0.1,-1.0,-0.1
3,NONE,-1.0,-0.1,-1.0,-0.1
3,NONE,-1.0,-0.1,-1.0,-0.1
3,NONE,-1.0,-0.1,-1.0,-0.1
3,NONE,-1.0,-0.1,-1.0,-0.1
3,NONE,-1.0,-0.1,-1.0,-0.1
3,NONE,-1.0,-0.1,-1.0,-0.1
3,NONE,-1.0,-0.1,-1.0,-0.1
3,NONE,-1.0,-0.1,-1.0,-0.1
3,NONE,-1.0,-0.1,-1.0,-0.1
3,NONE,-1.0,-0.1,-1.0,-0.1
3,NONE,-1.0,-0.1,-1.0,-0.1
3,NONE,-1.0,-0.1,-1.0,-0.1
3,NONE,-1.0,-0.1,-1.0,-0.1
3,NONE,-1.0,-0.1,-1.0,-0.1
3,NONE,-1.0,-0.1,-1.0,-0.1
3,NONE,-1.0,-0.1,-1.0,-0.1
3,NONE,-1.0,-0.1,-1.0,-0.1
3,NONE,-1.0,-0.1,-1.0,-0.1
3,NONE,-1.0,-0.1,-1.0,-0.1
3,NONE,-1.0,-0.1,-1.0,-0.1
3,NONE,-1.0,-0.1,-1.0,-0.1
3,NONE,-1.0,-0.1,-1.0,-0.1
3,NONE,-1.0,-0.1,-1.0,-0.1
3,NONE,-1.0,-0.1,-1.0,-0.1
3,NONE,-1.0,-0.1,-1.0,-0.1
3,NONE,-1.0,-0.1,-1.0,-0.1
3,NONE,-1.0,-0.1,-1.0,-0.1
3,NONE,-1.0,-0.1,-1.0,-0.1
3,NONE,-1.0,-0.1,-1.0,-0.1
3,NONE,-1.0,-0.1,-1.0,-0.1
3,NONE,-1.0,-0.1,-1.0,-0.1
3,NONE,-1.0,-0.1,-1.0,-0.1
3,NONE,-1.0,-0.1,-1.0,-0.1
3,NONE,-1.0,-0.1,-1.0,-0.1
3,NONE,-1.0,-0.1,-1.0,-0.1
3,NONE,-1.0,-0.1,-1.0,-0.1
3,NONE,-1.0,-0.1,-1.0,-0.1
3,NONE,-1.0,-0.1,-1.0,-0.1
3,NONE,-1.0,-0.1,-1.0,-0.1
3,NONE,-1.0,-0.1,-1.0,-0.1
3,NONE,-1.0,-0.1,-1.0,-0.1
3,NONE,-1.0,-0.1,-1.0,-0.1
3,NONE,-1.0,-0.1,-1.0,-0.1
3,NONE,-1.0,-0.1,-1.0,-0.1
3,NONE,-1.0,-0.1,-1.0,-0.1
3,NONE,-1.0,-0.1,-1.0,-0.1
3,NONE,-1.0,-0.1,-1.0,-0.1
3,NONE,-1.0,-0.1,-1.0,-0.1
3,NONE,-1.0,-0.1,-1.0,-0.1
3,NONE,-1.0,-0.1,-1.0,-0.1
3,NONE,-1.0,-0.1,-1.0,-0.1
3,NONE,-1.0,-0.1,-1.0,-0.1
2,EV_B13_C008_Mototaxi_Electrica_P07,-1.0,-0.1,9.0,29.8520002541637
1,EV_B13_C008_Mototaxi_Electrica_P07,5.0,88.20164290054558,-1.0,29.8520002541637
1,EV_B13_C008_Mototaxi_Electrica_P07,4.0,88.20164290054558,-1.0,29.8520002541637
1,EV_B13_C008_Mototaxi_Electrica_P07,3.0,88.20164290054558,-1.0,29.8520002541637
1,EV_B13_C008_Mototaxi_Electrica_P07,2.0,88.20164290054558,-1.0,29.8520002541637
1,EV_B13_C008_Mototaxi_Electrica_P07,1.0,88.20164290054558,-1.0,29.8520002541637
1,EV_B13_C008_Mototaxi_Electrica_P07,0.0,88.20164290054558,-1.0,29.8520002541637
3,NONE,-1.0,-0.1,-1.0,-0.1
3,NONE,-1.0,-0.1,-1.0,-0.1
3,NONE,-1.0,-0.1,-1.0,-0.1
3,NONE,-1.0,-0.1,-1.0,-0.1
3,NONE,-1.0,-0.1,-1.0,-0.1
3,NONE,-1.0,-0.1,-1.0,-0.1
3,NONE,-1.0,-0.1,-1.0,-0.1
3,NONE,-1.0,-0.1,-1.0,-0.1
3,NONE,-1.0,-0.1,-1.0,-0.1
3,NONE,-1.0,-0.1,-1.0,-0.1
3,NONE,-1.0,-0.1,-1.0,-0.1
3,NONE,-1.0,-0.1,-1.0,-0.1
3,NONE,-1.0,-0.1,-1.0,-0.1
3,NONE,-1.0,-0.1,-1.0,-0.1
3,NONE,-1.0,-0.1,-1.0,-0.1
2,EV_B13_C008_Mototaxi_Electrica_P08,-1.0,-0.1,7.0,37.79416786087533
1,EV_B13_C008_Mototaxi_Electrica_P08,7.0,75.78562754738326,-1.0,37.79416786087533
1,EV_B13_C008_Mototaxi_Electrica_P08,6.0,75.78562754738326,-1.0,37.79416786087533
1,EV_B13_C008_Mototaxi_Electrica_P08,5.0,75.78562754738326,-1.0,37.79416786087533
1,EV_B13_C008_Mototaxi_Electrica_P08,4.0,75.78562754738326,-1.0,37.79416786087533
1,EV_B13_C008_Mototaxi_Electrica_P08,3.0,75.78562754738326,-1.0,37.79416786087533
1,EV_B13_C008_Mototaxi_Electrica_P08,2.0,75.78562754738326,-1.0,37.79416786087533
1,EV_B13_C008_Mototaxi_Electrica_P08,1.0,75.78562754738326,-1.0,37.79416786087533
1,EV_B13_C008_Mototaxi_Electrica_P08,0.0,75.78562754738326,-1.0,37.79416786087533
3,NONE,-1.0,-0.1,-1.0,-0.1
3,NONE,-1.0,-0.1,-1.0,-0.1
3,NONE,-1.0,-0.1,-1.0,-0.1
3,NONE,-1.0,-0.1,-1.0,-0.1
3,NONE,-1.0,-0.1,-1.0,-0.1
3,NONE,-1.0,-0.1,-1.0,-0.1
3,NONE,-1.0,-0.1,-1.0,-0.1
3,NONE,-1.0,-0.1,-1.0,-0.1
3,NONE,-1.0,-0.1,-1.0,-0.1
3,NONE,-1.0,-0.1,-1.0,-0.1
3,NONE,-1.0,-0.1,-1.0,-0.1
3,NONE,-1.0,-0.1,-1.0,-0.1
3,NONE,-1.0,-0.1,-1.0,-0.1
3,NONE,-1.0,-0.1,-1.0,-0.1
3,NONE,-1.0,-0.1,-1.0,-0.1
3,NONE,-1.0,-0.1,-1.0,-0.1
2,EV_B13_C008_Mototaxi_Electrica_P09,-1.0,-0.1,8.0,44.037446108014066
1,EV_B13_C008_Mototaxi_Electrica_P09,5.0,85.68104073717144,-1.0,44.037446108014066
1,EV_B13_C008_Mototaxi_Electrica_P09,4.0,85.68104073717144,-1.0,44.037446108014066
1,EV_B13_C008_Mototaxi_Electrica_P09,3.0,85.68104073717144,-1.0,44.037446108014066
1,EV_B13_C008_Mototaxi_Electrica_P09,2.0,85.68104073717144,-1.0,44.037446108014066
1,EV_B13_C008_Mototaxi_Electrica_P09,1.0,85.68104073717144,-1.0,44.037446108014066
1,EV_B13_C008_Mototaxi_Electrica_P09,0.0,85.68104073717144,-1.0,44.037446108014066
3,NONE,-1.0,-0.1,-1.0,-0.1
3,NONE,-1.0,-0.1,-1.0,-0.1
3,NONE,-1.0,-0.1,-1.0,-0.1
3,NONE,-1.0,-0.1,-1.0,-0.1
3,NONE,-1.0,-0.1,-1.0,-0.1
3,NONE,-1.0,-0.1,-1.0,-0.1
3,NONE,-1.0,-0.1,-1.0,-0.1
3,NONE,-1.0,-0.1,-1.0,-0.1
3,NONE,-1.0,-0.1,-1.0,-0.1
3,NONE,-1.0,-0.1,-1.0,-0.1
3,NONE,-1.0,-0.1,-1.0,-0.1
3,NONE,-1.0,-0.1,-1.0,-0.1
3,NONE,-1.0,-0.1,-1.0,-0.1
3,NONE,-1.0,-0.1,-1.0,-0.1
3,NONE,-1.0,-0.1,-1.0,-0.1
3,NONE,-1.0,-0.1,-1.0,-0.1
3,NONE,-1.0,-0.1,-1.0,-0.1
3,NONE,-1.0,-0.1,-1.0,-0.1
3,NONE,-1.0,-0.1,-1.0,-0.1
3,NONE,-1.0,-0.1,-1.0,-0.1
3,NONE,-1.0,-0.1,-1.0,-0.1
3,NONE,-1.0,-0.1,-1.0,-0.1
3,NONE,-1.0,-0.1,-1.0,-0.1
3,NONE,-1.0,-0.1,-1.0,-0.1
3,NONE,-1.0,-0.1,-1.0,-0.1
3,NONE,-1.0,-0.1,-1.0,-0.1
3,NONE,-1.0,-0.1,-1.0,-0.1
3,NONE,-1.0,-0.1,-1.0,-0.1
3,NONE,-1.0,-0.1,-1.0,-0.1
3,NONE,-1.0,-0.1,-1.0,-0.1
3,NONE,-1.0,-0.1,-1.0,-0.1
3,NONE,-1.0,-0.1,-1.0,-0.1
3,NONE,-1.0,-0.1,-1.0,-0.1
3,NONE,-1.0,-0.1,-1.0,-0.1
3,NONE,-1.0,-0.1,-1.0,-0.1
3,NONE,-1.0,-0.1,-1.0,-0.1
3,NONE,-1.0,-0.1,-1.0,-0.1
3,NONE,-1.0,-0.1,-1.0,-0.1
3,NONE,-1.0,-0.1,-1.0,-0.1
3,NONE,-1.0,-0.1,-1.0,-0.1
3,NONE,-1.0,-0.1,-1.0,-0.1
3,NONE,-1.0,-0.1,-1.0,-0.1
3,NONE,-1.0,-0.1,-1.0,-0.1
3,NONE,-1.0,-0.1,-1.0,-0.1
3,NONE,-1.0,-0.1,-1.0,-0.1
3,NONE,-1.0,-0.1,-1.0,-0.1
3,NONE,-1.0,-0.1,-1.0,-0.1
3,NONE,-1.0,-0.1,-1.0,-0.1
3,NONE,-1.0,-0.1,-1.0,-0.1
3,NONE,-1.0,-0.1,-1.0,-0.1
3,NONE,-1.0,-0.1,-1.0,-0.1
3,NONE,-1.0,-0.1,-1.0,-0.1
3,NONE,-1.0,-0.1,-1.0,-0.1
3,NONE,-1.0,-0.1,-1.0,-0.1
3,NONE,-1.0,-0.1,-1.0,-0.1
3,NONE,-1.0,-0.1,-1.0,-0.1
3,NONE,-1.0,-0.1,-1.0,-0.1
3,NONE,-1.0,-0.1,-1.0,-0.1
3,NONE,-1.0,-0.1,-1.0,-0.1
3,NONE,-1.0,-0.1,-1.0,-0.1
3,NONE,-1.0,-0.1,-1.0,-0.1
3,NONE,-1.0,-0.1,-1.0,-0.1
3,NONE,-1.0,-0.1,-1.0,-0.1
3,NONE,-1.0,-0.1,-1.0,-0.1
3,NONE,-1.0,-0.1,-1.0,-0.1
2,EV_B13_C008_Mototaxi_Electrica_P10,-1.0,-0.1,8.0,38.842250929907394
1,EV_B13_C008_Mototaxi_Electrica_P10,6.0,71.79226468453027,-1.0,38.842250929907394
1,EV_B13_C008_Mototaxi_Electrica_P10,5.0,71.79226468453027,-1.0,38.842250929907394
1,EV_B13_C008_Mototaxi_Electrica_P10,4.0,71.79226468453027,-1.0,38.842250929907394
1,EV_B13_C008_Mototaxi_Electrica_P10,3.0,71.79226468453027,-1.0,38.842250929907394
1,EV_B13_C008_Mototaxi_Electrica_P10,2.0,71.79226468453027,-1.0,38.842250929907394
1,EV_B13_C008_Mototaxi_Electrica_P10,1.0,71.79226468453027,-1.0,38.842250929907394
1,EV_B13_C008_Mototaxi_Electrica_P10,0.0,71.79226468453027,-1.0,38.842250929907394
3,NONE,-1.0,-0.1,-1.0,-0.1
3,NONE,-1.0,-0.1,-1.0,-0.1
3,NONE,-1.0,-0.1,-1.0,-0.1
3,NONE,-1.0,-0.1,-1.0,-0.1
3,NONE,-1.0,-0.1,-1.0,-0.1
3,NONE,-1.0,-0.1,-1.0,-0.1
3,NONE,-1.0,-0.1,-1.0,-0.1
3,NONE,-1.0,-0.1,-1.0,-0.1
3,NONE,-1.0,-0.1,-1.0,-0.1
3,NONE,-1.0,-0.1,-1.0,-0.1
3,NONE,-1.0,-0.1,-1.0,-0.1
3,NONE,-1.0,-0.1,-1.0,-0.1
3,NONE,-1.0,-0.1,-1.0,-0.1
3,NONE,-1.0,-0.1,-1.0,-0.1
3,NONE,-1.0,-0.1,-1.0,-0.1
2,EV_B13_C008_Mototaxi_Electrica_P01,-1.0,-0.1,7.0,25.994393295789585
1,EV_B13_C008_Mototaxi_Electrica_P01,7.0,76.18017131786874,-1.0,25.994393295789585
1,EV_B13_C008_Mototaxi_Electrica_P01,6.0,76.18017131786874,-1.0,25.994393295789585
1,EV_B13_C008_Mototaxi_Electrica_P01,5.0,76.18017131786874,-1.0,25.994393295789585
1,EV_B13_C008_Mototaxi_Electrica_P01,4.0,76.18017131786874,-1.0,25.994393295789585
1,EV_B13_C008_Mototaxi_Electrica_P01,3.0,76.18017131786874,-1.0,25.994393295789585
1,EV_B13_C008_Mototaxi_Electrica_P01,2.0,76.18017131786874,-1.0,25.994393295789585
1,EV_B13_C008_Mototaxi_Electrica_P01,1.0,76.18017131786874,-1.0,25.994393295789585
1,EV_B13_C008_Mototaxi_Electrica_P01,0.0,76.18017131786874,-1.0,25.994393295789585
3,NONE,-1.0,-0.1,-1.0,-0.1
3,NONE,-1.0,-0.1,-1.0,-0.1
3,NONE,-1.0,-0.1,-1.0,-0.1
3,NONE,-1.0,-0.1,-1.0,-0.1
3,NONE,-1.0,-0.1,-1.0,-0.1
3,NONE,-1.0,-0.1,-1.0,-0.1
3,NONE,-1.0,-0.1,-1.0,-0.1
3,NONE,-1.0,-0.1,-1.0,-0.1
3,NONE,-1.0,-0.1,-1.0,-0.1
3,NONE,-1.0,-0.1,-1.0,-0.1
3,NONE,-1.0,-0.1,-1.0,-0.1
3,NONE,-1.0,-0.1,-1.0,-0.1
3,NONE,-1.0,-0.1,-1.0,-0.1
3,NONE,-1.0,-0.1,-1.0,-0.1
3,NONE,-1.0,-0.1,-1.0,-0.1
3,NONE,-1.0,-0.1,-1.0,-0.1
3,NONE,-1.0,-0.1,-1.0,-0.1
3,NONE,-1.0,-0.1,-1.0,-0.1
3,NONE,-1.0,-0.1,-1.0,-0.1
3,NONE,-1.0,-0.1,-1.0,-0.1
3,NONE,-1.0,-0.1,-1.0,-0.1
3,NONE,-1.0,-0.1,-1.0,-0.1
3,NONE,-1.0,-0.1,-1.0,-0.1
3,NONE,-1.0,-0.1,-1.0,-0.1
3,NONE,-1.0,-0.1,-1.0,-0.1
3,NONE,-1.0,-0.1,-1.0,-0.1
3,NONE,-1.0,-0.1,-1.0,-0.1
3,NONE,-1.0,-0.1,-1.0,-0.1
3,NONE,-1.0,-0.1,-1.0,-0.1
3,NONE,-1.0,-0.1,-1.0,-0.1
3,NONE,-1.0,-0.1,-1.0,-0.1
3,NONE,-1.0,-0.1,-1.0,-0.1
3,NONE,-1.0,-0.1,-1.0,-0.1
3,NONE,-1.0,-0.1,-1.0,-0.1
3,NONE,-1.0,-0.1,-1.0,-0.1
3,NONE,-1.0,-0.1,-1.0,-0.1
3,NONE,-1.0,-0.1,-1.0,-0.1
3,NONE,-1.0,-0.1,-1.0,-0.1
3,NONE,-1.0,-0.1,-1.0,-0.1
3,NONE,-1.0,-0.1,-1.0,-0.1
3,NONE,-1.0,-0.1,-1.0,-0.1
3,NONE,-1.0,-0.1,-1.0,-0.1
2,EV_B13_C008_Mototaxi_Electrica_P02,-1.0,-0.1,10.0,47.39533834893986
1,EV_B13_C008_Mototaxi_Electrica_P02,4.0,81.19243553839665,-1.0,47.39533834893986
1,EV_B13_C008_Mototaxi_Electrica_P02,3.0,81.19243553839665,-1.0,47.39533834893986
1,EV_B13_C008_Mototaxi_Electrica_P02,2.0,81.19243553839665,-1.0,47.39533834893986
1,EV_B13_C008_Mototaxi_Electrica_P02,1.0,81.19243553839665,-1.0,47.39533834893986
1,EV_B13_C008_Mototaxi_Electrica_P02,0.0,81.19243553839665,-1.0,47.39533834893986
3,NONE,-1.0,-0.1,-1.0,-0.1
3,NONE,-1.0,-0.1,-1.0,-0.1
3,NONE,-1.0,-0.1,-1.0,-0.1
3,NONE,-1.0,-0.1,-1.0,-0.1
3,NONE,-1.0,-0.1,-1.0,-0.1
3,NONE,-1.0,-0.1,-1.0,-0.1
3,NONE,-1.0,-0.1,-1.0,-0.1
3,NONE,-1.0,-0.1,-1.0,-0.1
3,NONE,-1.0,-0.1,-1.0,-0.1
3,NONE,-1.0,-0.1,-1.0,-0.1
3,NONE,-1.0,-0.1,-1.0,-0.1
3,NONE,-1.0,-0.1,-1.0,-0.1
3,NONE,-1.0,-0.1,-1.0,-0.1
3,NONE,-1.0,-0.1,-1.0,-0.1
3,NONE,-1.0,-0.1,-1.0,-0.1
3,NONE,-1.0,-0.1,-1.0,-0.1
3,NONE,-1.0,-0.1,-1.0,-0.1
3,NONE,-1.0,-0.1,-1.0,-0.1
3,NONE,-1.0,-0.1,-1.0,-0.1
3,NONE,-1.0,-0.1,-1.0,-0.1
3,NONE,-1.0,-0.1,-1.0,-0.1
3,NONE,-1.0,-0.1,-1.0,-0.1
3,NONE,-1.0,-0.1,-1.0,-0.1
3,NONE,-1.0,-0.1,-1.0,-0.1
3,NONE,-1.0,-0.1,-1.0,-0.1
3,NONE,-1.0,-0.1,-1.0,-0.1
3,NONE,-1.0,-0.1,-1.0,-0.1
3,NONE,-1.0,-0.1,-1.0,-0.1
3,NONE,-1.0,-0.1,-1.0,-0.1
3,NONE,-1.0,-0.1,-1.0,-0.1
3,NONE,-1.0,-0.1,-1.0,-0.1
3,NONE,-1.0,-0.1,-1.0,-0.1
3,NONE,-1.0,-0.1,-1.0,-0.1
3,NONE,-1.0,-0.1,-1.0,-0.1
3,NONE,-1.0,-0.1,-1.0,-0.1
3,NONE,-1.0,-0.1,-1.0,-0.1
3,NONE,-1.0,-0.1,-1.0,-0.1
3,NONE,-1.0,-0.1,-1.0,-0.1
3,NONE,-1.0,-0.1,-1.0,-0.1
3,NONE,-1.0,-0.1,-1.0,-0.1
3,NONE,-1.0,-0.1,-1.0,-0.1
3,NONE,-1.0,-0.1,-1.0,-0.1
3,NONE,-1.0,-0.1,-1.0,-0.1
3,NONE,-1.0,-0.1,-1.0,-0.1
3,NONE,-1.0,-0.1,-1.0,-0.1
3,NONE,-1.0,-0.1,-1.0,-0.1
3,NONE,-1.0,-0.1,-1.0,-0.1
3,NONE,-1.0,-0.1,-1.0,-0.1
3,NONE,-1.0,-0.1,-1.0,-0.1
3,NONE,-1.0,-0.1,-1.0,-0.1
3,NONE,-1.0,-0.1,-1.0,-0.1
3,NONE,-1.0,-0.1,-1.0,-0.1
3,NONE,-1.0,-0.1,-1.0,-0.1
3,NONE,-1.0,-0.1,-1.0,-0.1
3,NONE,-1.0,-0.1,-1.0,-0.1
3,NONE,-1.0,-0.1,-1.0,-0.1
3,NONE,-1.0,-0.1,-1.0,-0.1
3,NONE,-1.0,-0.1,-1.0,-0.1
3,NONE,-1.0,-0.1,-1.0,-0.1
3,NONE,-1.0,-0.1,-1.0,-0.1
3,NONE,-1.0,-0.1,-1.0,-0.1
3,NONE,-1.0,-0.1,-1.0,-0.1
3,NONE,-1.0,-0.1,-1.0,-0.1
3,NONE,-1.0,-0.1,-1.0,-0.1
3,NONE,-1.0,-0.1,-1.0,-0.1
3,NONE,-1.0,-0.1,-1.0,-0.1
3,NONE,-1.0,-0.1,-1.0,-0.1
3,NONE,-1.0,-0.1,-1.0,-0.1
3,NONE,-1.0,-0.1,-1.0,-0.1
3,NONE,-1.0,-0.1,-1.0,-0.1
3,NONE,-1.0,-0.1,-1.0,-0.1
3,NONE,-1.0,-0.1,-1.0,-0.1
3,NONE,-1.0,-0.1,-1.0,-0.1
3,NONE,-1.0,-0.1,-1.0,-0.1
3,NONE,-1.0,-0.1,-1.0,-0.1
3,NONE,-1.0,-0.1,-1.0,-0.1
3,NONE,-1.0,-0.1,-1.0,-0.1
3,NONE,-1.0,-0.1,-1.0,-0.1
3,NONE,-1.0,-0.1,-1.0,-0.1
3,NONE,-1.0,-0.1,-1.0,-0.1
3,NONE,-1.0,-0.1,-1.0,-0.1
3,NONE,-1.0,-0.1,-1.0,-0.1
3,NONE,-1.0,-0.1,-1.0,-0.1
3,NONE,-1.0,-0.1,-1.0,-0.1
3,NONE,-1.0,-0.1,-1.0,-0.1
3,NONE,-1.0,-0.1,-1.0,-0.1
3,NONE,-1.0,-0.1,-1.0,-0.1
3,NONE,-1.0,-0.1,-1.0,-0.1
3,NONE,-1.0,-0.1,-1.0,-0.1
2,EV_B13_C008_Mototaxi_Electrica_P03,-1.0,-0.1,9.0,20.98332301878969
1,EV_B13_C008_Mototaxi_Electrica_P03,5.0,79.70807758623904,-1.0,20.98332301878969
1,EV_B13_C008_Mototaxi_Electrica_P03,4.0,79.70807758623904,-1.0,20.98332301878969
1,EV_B13_C008_Mototaxi_Electrica_P03,3.0,79.70807758623904,-1.0,20.98332301878969
1,EV_B13_C008_Mototaxi_Electrica_P03,2.0,79.70807758623904,-1.0,20.98332301878969
1,EV_B13_C008_Mototaxi_Electrica_P03,1.0,79.70807758623904,-1.0,20.98332301878969
1,EV_B13_C008_Mototaxi_Electrica_P03,0.0,79.70807758623904,-1.0,20.98332301878969
3,NONE,-1.0,-0.1,-1.0,-0.1
3,NONE,-1.0,-0.1,-1.0,-0.1
3,NONE,-1.0,-0.1,-1.0,-0.1
3,NONE,-1.0,-0.1,-1.0,-0.1
3,NONE,-1.0,-0.1,-1.0,-0.1
3,NONE,-1.0,-0.1,-1.0,-0.1
3,NONE,-1.0,-0.1,-1.0,-0.1
3,NONE,-1.0,-0.1,-1.0,-0.1
3,NONE,-1.0,-0.1,-1.0,-0.1
3,NONE,-1.0,-0.1,-1.0,-0.1
3,NONE,-1.0,-0.1,-1.0,-0.1
3,NONE,-1.0,-0.1,-1.0,-0.1
3,NONE,-1.0,-0.1,-1.0,-0.1
3,NONE,-1.0,-0.1,-1.0,-0.1
3,NONE,-1.0,-0.1,-1.0,-0.1
3,NONE,-1.0,-0.1,-1.0,-0.1
3,NONE,-1.0,-0.1,-1.0,-0.1
3,NONE,-1.0,-0.1,-1.0,-0.1
3,NONE,-1.0,-0.1,-1.0,-0.1
3,NONE,-1.0,-0.1,-1.0,-0.1
3,NONE,-1.0,-0.1,-1.0,-0.1
3,NONE,-1.0,-0.1,-1.0,-0.1
3,NONE,-1.0,-0.1,-1.0,-0.1
3,NONE,-1.0,-0.1,-1.0,-0.1
3,NONE,-1.0,-0.1,-1.0,-0.1
3,NONE,-1.0,-0.1,-1.0,-0.1
3,NONE,-1.0,-0.1,-1.0,-0.1
3,NONE,-1.0,-0.1,-1.0,-0.1
3,NONE,-1.0,-0.1,-1.0,-0.1
3,NONE,-1.0,-0.1,-1.0,-0.1
3,NONE,-1.0,-0.1,-1.0,-0.1
3,NONE,-1.0,-0.1,-1.0,-0.1
3,NONE,-1.0,-0.1,-1.0,-0.1
3,NONE,-1.0,-0.1,-1.0,-0.1
3,NONE,-1.0,-0.1,-1.0,-0.1
3,NONE,-1.0,-0.1,-1.0,-0.1
3,NONE,-1.0,-0.1,-1.0,-0.1
3,NONE,-1.0,-0.1,-1.0,-0.1
3,NONE,-1.0,-0.1,-1.0,-0.1
3,NONE,-1.0,-0.1,-1.0,-0.1
3,NONE,-1.0,-0.1,-1.0,-0.1
3,NONE,-1.0,-0.1,-1.0,-0.1
2,EV_B13_C008_Mototaxi_Electrica_P04,-1.0,-0.1,10.0,21.858110711079878
1,EV_B13_C008_Mototaxi_Electrica_P04,4.0,64.60569383540461,-1.0,21.858110711079878
1,EV_B13_C008_Mototaxi_Electrica_P04,3.0,64.60569383540461,-1.0,21.858110711079878
1,EV_B13_C008_Mototaxi_Electrica_P04,2.0,64.60569383540461,-1.0,21.858110711079878
1,EV_B13_C008_Mototaxi_Electrica_P04,1.0,64.60569383540461,-1.0,21.858110711079878
1,EV_B13_C008_Mototaxi_Electrica_P04,0.0,64.60569383540461,-1.0,21.858110711079878
3,NONE,-1.0,-0.1,-1.0,-0.1
3,NONE,-1.0,-0.1,-1.0,-0.1
3,NONE,-1.0,-0.1,-1.0,-0.1
3,NONE,-1.0,-0.1,-1.0,-0.1
3,NONE,-1.0,-0.1,-1.0,-0.1
3,NONE,-1.0,-0.1,-1.0,-0.1
3,NONE,-1.0,-0.1,-1.0,-0.1
3,NONE,-1.0,-0.1,-1.0,-0.1
3,NONE,-1.0,-0.1,-1.0,-0.1
3,NONE,-1.0,-0.1,-1.0,-0.1
3,NONE,-1.0,-0.1,-1.0,-0.1
3,NONE,-1.0,-0.1,-1.0,-0.1
3,NONE,-1.0,-0.1,-1.0,-0.1
3,NONE,-1.0,-0.1,-1.0,-0.1
3,NONE,-1.0,-0.1,-1.0,-0.1
3,NONE,-1.0,-0.1,-1.0,-0.1
2,EV_B13_C008_Mototaxi_Electrica_P05,-1.0,-0.1,8.0,36.68731844001935
1,EV_B13_C008_Mototaxi_Electrica_P05,6.0,89.0668574388893,-1.0,36.68731844001935
1,EV_B13_C008_Mototaxi_Electrica_P05,5.0,89.0668574388893,-1.0,36.68731844001935
1,EV_B13_C008_Mototaxi_Electrica_P05,4.0,89.0668574388893,-1.0,36.68731844001935
1,EV_B13_C008_Mototaxi_Electrica_P05,3.0,89.0668574388893,-1.0,36.68731844001935
1,EV_B13_C008_Mototaxi_Electrica_P05,2.0,89.0668574388893,-1.0,36.68731844001935
1,EV_B13_C008_Mototaxi_Electrica_P05,1.0,89.0668574388893,-1.0,36.68731844001935
1,EV_B13_C008_Mototaxi_Electrica_P05,0.0,89.0668574388893,-1.0,36.68731844001935
3,NONE,-1.0,-0.1,-1.0,-0.1
3,NONE,-1.0,-0.1,-1.0,-0.1
3,NONE,-1.0,-0.1,-1.0,-0.1
3,NONE,-1.0,-0.1,-1.0,-0.1
3,NONE,-1.0,-0.1,-1.0,-0.1
3,NONE,-1.0,-0.1,-1.0,-0.1
3,NONE,-1.0,-0.1,-1.0,-0.1
3,NONE,-1.0,-0.1,-1.0,-0.1
3,NONE,-1.0,-0.1,-1.0,-0.1
3,NONE,-1.0,-0.1,-1.0,-0.1
3,NONE,-1.0,-0.1,-1.0,-0.1
3,NONE,-1.0,-0.1,-1.0,-0.1
3,NONE,-1.0,-0.1,-1.0,-0.1
3,NONE,-1.0,-0.1,-1.0,-0.1
3,NONE,-1.0,-0.1,-1.0,-0.1
3,NONE,-1.0,-0.1,-1.0,-0.1
3,NONE,-1.0,-0.1,-1.0,-0.1
3,NONE,-1.0,-0.1,-1.0,-0.1
2,EV_B13_C008_Mototaxi_Electrica_P06,-1.0,-0.1,10.0,34.64758137880417
1,EV_B13_C008_Mototaxi_Electrica_P06,4.0,82.1666832084389,-1.0,34.64758137880417
1,EV_B13_C008_Mototaxi_Electrica_P06,3.0,82.1666832084389,-1.0,34.64758137880417
1,EV_B13_C008_Mototaxi_Electrica_P06,2.0,82.1666832084389,-1.0,34.64758137880417
1,EV_B13_C008_Mototaxi_Electrica_P06,1.0,82.1666832084389,-1.0,34.64758137880417
1,EV_B13_C008_Mototaxi_Electrica_P06,0.0,82.1666832084389,-1.0,34.64758137880417
3,NONE,-1.0,-0.1,-1.0,-0.1
3,NONE,-1.0,-0.1,-1.0,-0.1
3,NONE,-1.0,-0.1,-1.0,-0.1
3,NONE,-1.0,-0.1,-1.0,-0.1
3,NONE,-1.0,-0.1,-1.0,-0.1
3,NONE,-1.0,-0.1,-1.0,-0.1
3,NONE,-1.0,-0.1,-1.0,-0.1
3,NONE,-1.0,-0.1,-1.0,-0.1
3,NONE,-1.0,-0.1,-1.0,-0.1
3,NONE,-1.0,-0.1,-1.0,-0.1
3,NONE,-1.0,-0.1,-1.0,-0.1
3,NONE,-1.0,-0.1,-1.0,-0.1
3,NONE,-1.0,-0.1,-1.0,-0.1
3,NONE,-1.0,-0.1,-1.0,-0.1
3,NONE,-1.0,-0.1,-1.0,-0.1
3,NONE,-1.0,-0.1,-1.0,-0.1
3,NONE,-1.0,-0.1,-1.0,-0.1
3,NONE,-1.0,-0.1,-1.0,-0.1
3,NONE,-1.0,-0.1,-1.0,-0.1
3,NONE,-1.0,-0.1,-1.0,-0.1
3,NONE,-1.0,-0.1,-1.0,-0.1
3,NONE,-1.0,-0.1,-1.0,-0.1
3,NONE,-1.0,-0.1,-1.0,-0.1
3,NONE,-1.0,-0.1,-1.0,-0.1
3,NONE,-1.0,-0.1,-1.0,-0.1
3,NONE,-1.0,-0.1,-1.0,-0.1
3,NONE,-1.0,-0.1,-1.0,-0.1
3,NONE,-1.0,-0.1,-1.0,-0.1
3,NONE,-1.0,-0.1,-1.0,-0.1
3,NONE,-1.0,-0.1,-1.0,-0.1
3,NONE,-1.0,-0.1,-1.0,-0.1
3,NONE,-1.0,-0.1,-1.0,-0.1
3,NONE,-1.0,-0.1,-1.0,-0.1
3,NONE,-1.0,-0.1,-1.0,-0.1
3,NONE,-1.0,-0.1,-1.0,-0.1
3,NONE,-1.0,-0.1,-1.0,-0.1
3,NONE,-1.0,-0.1,-1.0,-0.1
3,NONE,-1.0,-0.1,-1.0,-0.1
3,NONE,-1.0,-0.1,-1.0,-0.1
3,NONE,-1.0,-0.1,-1.0,-0.1
3,NONE,-1.0,-0.1,-1.0,-0.1
3,NONE,-1.0,-0.1,-1.0,-0.1
3,NONE,-1.0,-0.1,-1.0,-0.1
3,NONE,-1.0,-0.1,-1.0,-0.1
3,NONE,-1.0,-0.1,-1.0,-0.1
3,NONE,-1.0,-0.1,-1.0,-0.1
3,NONE,-1.0,-0.1,-1.0,-0.1
3,NONE,-1.0,-0.1,-1.0,-0.1
3,NONE,-1.0,-0.1,-1.0,-0.1
3,NONE,-1.0,-0.1,-1.0,-0.1
3,NONE,-1.0,-0.1,-1.0,-0.1
3,NONE,-1.0,-0.1,-1.0,-0.1
3,NONE,-1.0,-0.1,-1.0,-0.1
3,NONE,-1.0,-0.1,-1.0,-0.1
3,NONE,-1.0,-0.1,-1.0,-0.1
3,NONE,-1.0,-0.1,-1.0,-0.1
3,NONE,-1.0,-0.1,-1.0,-0.1
3,NONE,-1.0,-0.1,-1.0,-0.1
3,NONE,-1.0,-0.1,-1.0,-0.1
3,NONE,-1.0,-0.1,-1.0,-0.1
3,NONE,-1.0,-0.1,-1.0,-0.1
3,NONE,-1.0,-0.1,-1.0,-0.1
3,NONE,-1.0,-0.1,-1.0,-0.1
2,EV_B13_C008_Mototaxi_Electrica_P07,-1.0,-0.1,7.0,47.39423971528707
1,EV_B13_C008_Mototaxi_Electrica_P07,7.0,83.16165011459927,-1.0,47.39423971528707
1,EV_B13_C008_Mototaxi_Electrica_P07,6.0,83.16165011459927,-1.0,47.39423971528707
1,EV_B13_C008_Mototaxi_Electrica_P07,5.0,83.16165011459927,-1.0,47.39423971528707
1,EV_B13_C008_Mototaxi_Electrica_P07,4.0,83.16165011459927,-1.0,47.39423971528707
1,EV_B13_C008_Mototaxi_Electrica_P07,3.0,83.16165011459927,-1.0,47.39423971528707
1,EV_B13_C008_Mototaxi_Electrica_P07,2.0,83.16165011459927,-1.0,47.39423971528707
1,EV_B13_C008_Mototaxi_Electrica_P07,1.0,83.16165011459927,-1.0,47.39423971528707
1,EV_B13_C008_Mototaxi_Electrica_P07,0.0,83.16165011459927,-1.0,47.39423971528707
3,NONE,-1.0,-0.1,-1.0,-0.1
3,NONE,-1.0,-0.1,-1.0,-0.1
3,NONE,-1.0,-0.1,-1.0,-0.1
3,NONE,-1.0,-0.1,-1.0,-0.1
3,NONE,-1.0,-0.1,-1.0,-0.1
3,NONE,-1.0,-0.1,-1.0,-0.1
3,NONE,-1.0,-0.1,-1.0,-0.1
3,NONE,-1.0,-0.1,-1.0,-0.1
3,NONE,-1.0,-0.1,-1.0,-0.1
3,NONE,-1.0,-0.1,-1.0,-0.1
3,NONE,-1.0,-0.1,-1.0,-0.1
3,NONE,-1.0,-0.1,-1.0,-0.1
3,NONE,-1.0,-0.1,-1.0,-0.1
3,NONE,-1.0,-0.1,-1.0,-0.1
3,NONE,-1.0,-0.1,-1.0,-0.1
3,NONE,-1.0,-0.1,-1.0,-0.1
3,NONE,-1.0,-0.1,-1.0,-0.1
3,NONE,-1.0,-0.1,-1.0,-0.1
3,NONE,-1.0,-0.1,-1.0,-0.1
3,NONE,-1.0,-0.1,-1.0,-0.1
3,NONE,-1.0,-0.1,-1.0,-0.1
3,NONE,-1.0,-0.1,-1.0,-0.1
3,NONE,-1.0,-0.1,-1.0,-0.1
3,NONE,-1.0,-0.1,-1.0,-0.1
3,NONE,-1.0,-0.1,-1.0,-0.1
3,NONE,-1.0,-0.1,-1.0,-0.1
3,NONE,-1.0,-0.1,-1.0,-0.1
3,NONE,-1.0,-0.1,-1.0,-0.1
3,NONE,-1.0,-0.1,-1.0,-0.1
3,NONE,-1.0,-0.1,-1.0,-0.1
3,NONE,-1.0,-0.1,-1.0,-0.1
3,NONE,-1.0,-0.1,-1.0,-0.1
3,NONE,-1.0,-0.1,-1.0,-0.1
3,NONE,-1.0,-0.1,-1.0,-0.1
3,NONE,-1.0,-0.1,-1.0,-0.1
3,NONE,-1.0,-0.1,-1.0,-0.1
3,NONE,-1.0,-0.1,-1.0,-0.1
3,NONE,-1.0,-0.1,-1.0,-0.1
3,NONE,-1.0,-0.1,-1.0,-0.1
3,NONE,-1.0,-0.1,-1.0,-0.1
3,NONE,-1.0,-0.1,-1.0,-0.1
3,NONE,-1.0,-0.1,-1.0,-0.1
3,NONE,-1.0,-0.1,-1.0,-0.1
3,NONE,-1.0,-0.1,-1.0,-0.1
3,NONE,-1.0,-0.1,-1.0,-0.1
3,NONE,-1.0,-0.1,-1.0,-0.1
3,NONE,-1.0,-0.1,-1.0,-0.1
3,NONE,-1.0,-0.1,-1.0,-0.1
3,NONE,-1.0,-0.1,-1.0,-0.1
3,NONE,-1.0,-0.1,-1.0,-0.1
3,NONE,-1.0,-0.1,-1.0,-0.1
3,NONE,-1.0,-0.1,-1.0,-0.1
3,NONE,-1.0,-0.1,-1.0,-0.1
3,NONE,-1.0,-0.1,-1.0,-0.1
3,NONE,-1.0,-0.1,-1.0,-0.1
3,NONE,-1.0,-0.1,-1.0,-0.1
3,NONE,-1.0,-0.1,-1.0,-0.1
3,NONE,-1.0,-0.1,-1.0,-0.1
3,NONE,-1.0,-0.1,-1.0,-0.1
3,NONE,-1.0,-0.1,-1.0,-0.1
3,NONE,-1.0,-0.1,-1.0,-0.1
3,NONE,-1.0,-0.1,-1.0,-0.1
3,NONE,-1.0,-0.1,-1.0,-0.1
3,NONE,-1.0,-0.1,-1.0,-0.1
2,EV_B13_C008_Mototaxi_Electrica_P08,-1.0,-0.1,8.0,39.351270069269766
1,EV_B13_C008_Mototaxi_Electrica_P08,6.0,86.04213090839558,-1.0,39.351270069269766
1,EV_B13_C008_Mototaxi_Electrica_P08,5.0,86.04213090839558,-1.0,39.351270069269766
1,EV_B13_C008_Mototaxi_Electrica_P08,4.0,86.04213090839558,-1.0,39.351270069269766
1,EV_B13_C008_Mototaxi_Electrica_P08,3.0,86.04213090839558,-1.0,39.351270069269766
1,EV_B13_C008_Mototaxi_Electrica_P08,2.0,86.04213090839558,-1.0,39.351270069269766
1,EV_B13_C008_Mototaxi_Electrica_P08,1.0,86.04213090839558,-1.0,39.351270069269766
1,EV_B13_C008_Mototaxi_Electrica_P08,0.0,86.04213090839558,-1.0,39.351270069269766
3,NONE,-1.0,-0.1,-1.0,-0.1
3,NONE,-1.0,-0.1,-1.0,-0.1
3,NONE,-1.0,-0.1,-1.0,-0.1
3,NONE,-1.0,-0.1,-1.0,-0.1
3,NONE,-1.0,-0.1,-1.0,-0.1
3,NONE,-1.0,-0.1,-1.0,-0.1
3,NONE,-1.0,-0.1,-1.0,-0.1
3,NONE,-1.0,-0.1,-1.0,-0.1
3,NONE,-1.0,-0.1,-1.0,-0.1
3,NONE,-1.0,-0.1,-1.0,-0.1
3,NONE,-1.0,-0.1,-1.0,-0.1
3,NONE,-1.0,-0.1,-1.0,-0.1
3,NONE,-1.0,-0.1,-1.0,-0.1
3,NONE,-1.0,-0.1,-1.0,-0.1
3,NONE,-1.0,-0.1,-1.0,-0.1
2,EV_B13_C008_Mototaxi_Electrica_P09,-1.0,-0.1,7.0,41.78372203307152
1,EV_B13_C008_Mototaxi_Electrica_P09,7.0,86.27313386093638,-1.0,41.78372203307152
1,EV_B13_C008_Mototaxi_Electrica_P09,6.0,86.27313386093638,-1.0,41.78372203307152
1,EV_B13_C008_Mototaxi_Electrica_P09,5.0,86.27313386093638,-1.0,41.78372203307152
1,EV_B13_C008_Mototaxi_Electrica_P09,4.0,86.27313386093638,-1.0,41.78372203307152
1,EV_B13_C008_Mototaxi_Electrica_P09,3.0,86.27313386093638,-1.0,41.78372203307152
1,EV_B13_C008_Mototaxi_Electrica_P09,2.0,86.27313386093638,-1.0,41.78372203307152
1,EV_B13_C008_Mototaxi_Electrica_P09,1.0,86.27313386093638,-1.0,41.78372203307152
1,EV_B13_C008_Mototaxi_Electrica_P09,0.0,86.27313386093638,-1.0,41.78372203307152
3,NONE,-1.0,-0.1,-1.0,-0.1
3,NONE,-1.0,-0.1,-1.0,-0.1
3,NONE,-1.0,-0.1,-1.0,-0.1
3,NONE,-1.0,-0.1,-1.0,-0.1
3,NONE,-1.0,-0.1,-1.0,-0.1
3,NONE,-1.0,-0.1,-1.0,-0.1
3,NONE,-1.0,-0.1,-1.0,-0.1
3,NONE,-1.0,-0.1,-1.0,-0.1
3,NONE,-1.0,-0.1,-1.0,-0.1
3,NONE,-1.0,-0.1,-1.0,-0.1
3,NONE,-1.0,-0.1,-1.0,-0.1
3,NONE,-1.0,-0.1,-1.0,-0.1
3,NONE,-1.0,-0.1,-1.0,-0.1
3,NONE,-1.0,-0.1,-1.0,-0.1
3,NONE,-1.0,-0.1,-1.0,-0.1
3,NONE,-1.0,-0.1,-1.0,-0.1
3,NONE,-1.0,-0.1,-1.0,-0.1
3,NONE,-1.0,-0.1,-1.0,-0.1
3,NONE,-1.0,-0.1,-1.0,-0.1
3,NONE,-1.0,-0.1,-1.0,-0.1
3,NONE,-1.0,-0.1,-1.0,-0.1
3,NONE,-1.0,-0.1,-1.0,-0.1
3,NONE,-1.0,-0.1,-1.0,-0.1
3,NONE,-1.0,-0.1,-1.0,-0.1
3,NONE,-1.0,-0.1,-1.0,-0.1
3,NONE,-1.0,-0.1,-1.0,-0.1
3,NONE,-1.0,-0.1,-1.0,-0.1
3,NONE,-1.0,-0.1,-1.0,-0.1
3,NONE,-1.0,-0.1,-1.0,-0.1
3,NONE,-1.0,-0.1,-1.0,-0.1
3,NONE,-1.0,-0.1,-1.0,-0.1
3,NONE,-1.0,-0.1,-1.0,-0.1
3,NONE,-1.0,-0.1,-1.0,-0.1
3,NONE,-1.0,-0.1,-1.0,-0.1
3,NONE,-1.0,-0.1,-1.0,-0.1
3,NONE,-1.0,-0.1,-1.0,-0.1
3,NONE,-1.0,-0.1,-1.0,-0.1
3,NONE,-1.0,-0.1,-1.0,-0.1
3,NONE,-1.0,-0.1,-1.0,-0.1
3,NONE,-1.0,-0.1,-1.0,-0.1
3,NONE,-1.0,-0.1,-1.0,-0.1
3,NONE,-1.0,-0.1,-1.0,-0.1
3,NONE,-1.0,-0.1,-1.0,-0.1
3,NONE,-1.0,-0.1,-1.0,-0.1
3,NONE,-1.0,-0.1,-1.0,-0.1
3,NONE,-1.0,-0.1,-1.0,-0.1
3,NONE,-1.0,-0.1,-1.0,-0.1
3,NONE,-1.0,-0.1,-1.0,-0.1
3,NONE,-1.0,-0.1,-1.0,-0.1
3,NONE,-1.0,-0.1,-1.0,-0.1
3,NONE,-1.0,-0.1,-1.0,-0.1
3,NONE,-1.0,-0.1,-1.0,-0.1
3,NONE,-1.0,-0.1,-1.0,-0.1
3,NONE,-1.0,-0.1,-1.0,-0.1
3,NONE,-1.0,-0.1,-1.0,-0.1
3,NONE,-1.0,-0.1,-1.0,-0.1
3,NONE,-1.0,-0.1,-1.0,-0.1
3,NONE,-1.0,-0.1,-1.0,-0.1
3,NONE,-1.0,-0.1,-1.0,-0.1
3,NONE,-1.0,-0.1,-1.0,-0.1
3,NONE,-1.0,-0.1,-1.0,-0.1
3,NONE,-1.0,-0.1,-1.0,-0.1
3,NONE,-1.0,-0.1,-1.0,-0.1
3,NONE,-1.0,-0.1,-1.0,-0.1
3,NONE,-1.0,-0.1,-1.0,-0.1
3,NONE,-1.0,-0.1,-1.0,-0.1
3,NONE,-1.0,-0.1,-1.0,-0.1
3,NONE,-1.0,-0.1,-1.0,-0.1
3,NONE,-1.0,-0.1,-1.0,-0.1
3,NONE,-1.0,-0.1,-1.0,-0.1
3,NONE,-1.0,-0.1,-1.0,-0.1
3,NONE,-1.0,-0.1,-1.0,-0.1
3,NONE,-1.0,-0.1,-1.0,-0.1
3,NONE,-1.0,-0.1,-1.0,-0.1
3,NONE,-1.0,-0.1,-1.0,-0.1
3,NONE,-1.0,-0.1,-1.0,-0.1
3,NONE,-1.0,-0.1,-1.0,-0.1
3,NONE,-1.0,-0.1,-1.0,-0.1
3,NONE,-1.0,-0.1,-1.0,-0.1
3,NONE,-1.0,-0.1,-1.0,-0.1
3,NONE,-1.0,-0.1,-1.0,-0.1
3,NONE,-1.0,-0.1,-1.0,-0.1
3,NONE,-1.0,-0.1,-1.0,-0.1
3,NONE,-1.0,-0.1,-1.0,-0.1
3,NONE,-1.0,-0.1,-1.0,-0.1
3,NONE,-1.0,-0.1,-1.0,-0.1
3,NONE,-1.0,-0.1,-1.0,-0.1
3,NONE,-1.0,-0.1,-1.0,-0.1
3,NONE,-1.0,-0.1,-1.0,-0.1
2,EV_B13_C008_Mototaxi_Electrica_P10,-1.0,-0.1,9.0,35.0588512179002
1,EV_B13_C008_Mototaxi_Electrica_P10,5.0,76.83051348911196,-1.0,35.0588512179002
1,EV_B13_C008_Mototaxi_Electrica_P10,4.0,76.83051348911196,-1.0,35.0588512179002
1,EV_B13_C008_Mototaxi_Electrica_P10,3.0,76.83051348911196,-1.0,35.0588512179002
1,EV_B13_C008_Mototaxi_Electrica_P10,2.0,76.83051348911196,-1.0,35.0588512179002
1,EV_B13_C008_Mototaxi_Electrica_P10,1.0,76.83051348911196,-1.0,35.0588512179002
1,EV_B13_C008_Mototaxi_Electrica_P10,0.0,76.83051348911196,-1.0,35.0588512179002
3,NONE,-1.0,-0.1,-1.0,-0.1
3,NONE,-1.0,-0.1,-1.0,-0.1
3,NONE,-1.0,-0.1,-1.0,-0.1
3,NONE,-1.0,-0.1,-1.0,-0.1
3,NONE,-1.0,-0.1,-1.0,-0.1
3,NONE,-1.0,-0.1,-1.0,-0.1
3,NONE,-1.0,-0.1,-1.0,-0.1
3,NONE,-1.0,-0.1,-1.0,-0.1
3,NONE,-1.0,-0.1,-1.0,-0.1
3,NONE,-1.0,-0.1,-1.0,-0.1
3,NONE,-1.0,-0.1,-1.0,-0.1
3,NONE,-1.0,-0.1,-1.0,-0.1
3,NONE,-1.0,-0.1,-1.0,-0.1
3,NONE,-1.0,-0.1,-1.0,-0.1
3,NONE,-1.0,-0.1,-1.0,-0.1
3,NONE,-1.0,-0.1,-1.0,-0.1
2,EV_B13_C008_Mototaxi_Electrica_P01,-1.0,-0.1,8.0,42.726948071704285
1,EV_B13_C008_Mototaxi_Electrica_P01,6.0,89.02884677127767,-1.0,42.726948071704285
1,EV_B13_C008_Mototaxi_Electrica_P01,5.0,89.02884677127767,-1.0,42.726948071704285
1,EV_B13_C008_Mototaxi_Electrica_P01,4.0,89.02884677127767,-1.0,42.726948071704285
1,EV_B13_C008_Mototaxi_Electrica_P01,3.0,89.02884677127767,-1.0,42.726948071704285
1,EV_B13_C008_Mototaxi_Electrica_P01,2.0,89.02884677127767,-1.0,42.726948071704285
1,EV_B13_C008_Mototaxi_Electrica_P01,1.0,89.02884677127767,-1.0,42.726948071704285
1,EV_B13_C008_Mototaxi_Electrica_P01,0.0,89.02884677127767,-1.0,42.726948071704285
3,NONE,-1.0,-0.1,-1.0,-0.1
3,NONE,-1.0,-0.1,-1.0,-0.1
3,NONE,-1.0,-0.1,-1.0,-0.1
3,NONE,-1.0,-0.1,-1.0,-0.1
3,NONE,-1.0,-0.1,-1.0,-0.1
3,NONE,-1.0,-0.1,-1.0,-0.1
3,NONE,-1.0,-0.1,-1.0,-0.1
3,NONE,-1.0,-0.1,-1.0,-0.1
3,NONE,-1.0,-0.1,-1.0,-0.1
3,NONE,-1.0,-0.1,-1.0,-0.1
3,NONE,-1.0,-0.1,-1.0,-0.1
3,NONE,-1.0,-0.1,-1.0,-0.1
3,NONE,-1.0,-0.1,-1.0,-0.1
3,NONE,-1.0,-0.1,-1.0,-0.1
3,NONE,-1.0,-0.1,-1.0,-0.1
3,NONE,-1.0,-0.1,-1.0,-0.1
3,NONE,-1.0,-0.1,-1.0,-0.1
3,NONE,-1.0,-0.1,-1.0,-0.1
3,NONE,-1.0,-0.1,-1.0,-0.1
3,NONE,-1.0,-0.1,-1.0,-0.1
3,NONE,-1.0,-0.1,-1.0,-0.1
3,NONE,-1.0,-0.1,-1.0,-0.1
3,NONE,-1.0,-0.1,-1.0,-0.1
3,NONE,-1.0,-0.1,-1.0,-0.1
3,NONE,-1.0,-0.1,-1.0,-0.1
3,NONE,-1.0,-0.1,-1.0,-0.1
3,NONE,-1.0,-0.1,-1.0,-0.1
3,NONE,-1.0,-0.1,-1.0,-0.1
3,NONE,-1.0,-0.1,-1.0,-0.1
3,NONE,-1.0,-0.1,-1.0,-0.1
3,NONE,-1.0,-0.1,-1.0,-0.1
3,NONE,-1.0,-0.1,-1.0,-0.1
3,NONE,-1.0,-0.1,-1.0,-0.1
3,NONE,-1.0,-0.1,-1.0,-0.1
3,NONE,-1.0,-0.1,-1.0,-0.1
3,NONE,-1.0,-0.1,-1.0,-0.1
3,NONE,-1.0,-0.1,-1.0,-0.1
3,NONE,-1.0,-0.1,-1.0,-0.1
3,NONE,-1.0,-0.1,-1.0,-0.1
3,NONE,-1.0,-0.1,-1.0,-0.1
3,NONE,-1.0,-0.1,-1.0,-0.1
3,NONE,-1.0,-0.1,-1.0,-0.1
3,NONE,-1.0,-0.1,-1.0,-0.1
3,NONE,-1.0,-0.1,-1.0,-0.1
3,NONE,-1.0,-0.1,-1.0,-0.1
3,NONE,-1.0,-0.1,-1.0,-0.1
3,NONE,-1.0,-0.1,-1.0,-0.1
3,NONE,-1.0,-0.1,-1.0,-0.1
3,NONE,-1.0,-0.1,-1.0,-0.1
3,NONE,-1.0,-0.1,-1.0,-0.1
3,NONE,-1.0,-0.1,-1.0,-0.1
3,NONE,-1.0,-0.1,-1.0,-0.1
3,NONE,-1.0,-0.1,-1.0,-0.1
3,NONE,-1.0,-0.1,-1.0,-0.1
3,NONE,-1.0,-0.1,-1.0,-0.1
3,NONE,-1.0,-0.1,-1.0,-0.1
3,NONE,-1.0,-0.1,-1.0,-0.1
3,NONE,-1.0,-0.1,-1.0,-0.1
3,NONE,-1.0,-0.1,-1.0,-0.1
3,NONE,-1.0,-0.1,-1.0,-0.1
3,NONE,-1.0,-0.1,-1.0,-0.1
3,NONE,-1.0,-0.1,-1.0,-0.1
3,NONE,-1.0,-0.1,-1.0,-0.1
3,NONE,-1.0,-0.1,-1.0,-0.1
3,NONE,-1.0,-0.1,-1.0,-0.1
3,NONE,-1.0,-0.1,-1.0,-0.1
3,NONE,-1.0,-0.1,-1.0,-0.1
3,NONE,-1.0,-0.1,-1.0,-0.1
3,NONE,-1.0,-0.1,-1.0,-0.1
3,NONE,-1.0,-0.1,-1.0,-0.1
3,NONE,-1.0,-0.1,-1.0,-0.1
3,NONE,-1.0,-0.1,-1.0,-0.1
3,NONE,-1.0,-0.1,-1.0,-0.1
3,NONE,-1.0,-0.1,-1.0,-0.1
3,NONE,-1.0,-0.1,-1.0,-0.1
3,NONE,-1.0,-0.1,-1.0,-0.1
3,NONE,-1.0,-0.1,-1.0,-0.1
3,NONE,-1.0,-0.1,-1.0,-0.1
3,NONE,-1.0,-0.1,-1.0,-0.1
3,NONE,-1.0,-0.1,-1.0,-0.1
3,NONE,-1.0,-0.1,-1.0,-0.1
3,NONE,-1.0,-0.1,-1.0,-0.1
3,NONE,-1.0,-0.1,-1.0,-0.1
3,NONE,-1.0,-0.1,-1.0,-0.1
3,NONE,-1.0,-0.1,-1.0,-0.1
3,NONE,-1.0,-0.1,-1.0,-0.1
3,NONE,-1.0,-0.1,-1.0,-0.1
3,NONE,-1.0,-0.1,-1.0,-0.1
3,NONE,-1.0,-0.1,-1.0,-0.1
3,NONE,-1.0,-0.1,-1.0,-0.1
3,NONE,-1.0,-0.1,-1.0,-0.1
3,NONE,-1.0,-0.1,-1.0,-0.1
3,NONE,-1.0,-0.1,-1.0,-0.1
3,NONE,-1.0,-0.1,-1.0,-0.1
3,NONE,-1.0,-0.1,-1.0,-0.1
3,NONE,-1.0,-0.1,-1.0,-0.1
3,NONE,-1.0,-0.1,-1.0,-0.1
3,NONE,-1.0,-0.1,-1.0,-0.1
3,NONE,-1.0,-0.1,-1.0,-0.1
3,NONE,-1.0,-0.1,-1.0,-0.1
3,NONE,-1.0,-0.1,-1.0,-0.1
3,NONE,-1.0,-0.1,-1.0,-0.1
3,NONE,-1.0,-0.1,-1.0,-0.1
3,NONE,-1.0,-0.1,-1.0,-0.1
3,NONE,-1.0,-0.1,-1.0,-0.1
3,NONE,-1.0,-0.1,-1.0,-0.1
3,NONE,-1.0,-0.1,-1.0,-0.1
3,NONE,-1.0,-0.1,-1.0,-0.1
3,NONE,-1.0,-0.1,-1.0,-0.1
3,NONE,-1.0,-0.1,-1.0,-0.1
3,NONE,-1.0,-0.1,-1.0,-0.1
3,NONE,-1.0,-0.1,-1.0,-0.1
3,NONE,-1.0,-0.1,-1.0,-0.1
2,EV_B13_C008_Mototaxi_Electrica_P02,-1.0,-0.1,9.0,24.682441217453572
1,EV_B13_C008_Mototaxi_Electrica_P02,5.0,85.55809041587955,-1.0,24.682441217453572
1,EV_B13_C008_Mototaxi_Electrica_P02,4.0,85.55809041587955,-1.0,24.682441217453572
1,EV_B13_C008_Mototaxi_Electrica_P02,3.0,85.55809041587955,-1.0,24.682441217453572
1,EV_B13_C008_Mototaxi_Electrica_P02,2.0,85.55809041587955,-1.0,24.682441217453572
1,EV_B13_C008_Mototaxi_Electrica_P02,1.0,85.55809041587955,-1.0,24.682441217453572
1,EV_B13_C008_Mototaxi_Electrica_P02,0.0,85.55809041587955,-1.0,24.682441217453572
3,NONE,-1.0,-0.1,-1.0,-0.1
3,NONE,-1.0,-0.1,-1.0,-0.1
3,NONE,-1.0,-0.1,-1.0,-0.1
3,NONE,-1.0,-0.1,-1.0,-0.1
3,NONE,-1.0,-0.1,-1.0,-0.1
3,NONE,-1.0,-0.1,-1.0,-0.1
3,NONE,-1.0,-0.1,-1.0,-0.1
3,NONE,-1.0,-0.1,-1.0,-0.1
3,NONE,-1.0,-0.1,-1.0,-0.1
3,NONE,-1.0,-0.1,-1.0,-0.1
3,NONE,-1.0,-0.1,-1.0,-0.1
3,NONE,-1.0,-0.1,-1.0,-0.1
3,NONE,-1.0,-0.1,-1.0,-0.1
3,NONE,-1.0,-0.1,-1.0,-0.1
3,NONE,-1.0,-0.1,-1.0,-0.1
3,NONE,-1.0,-0.1,-1.0,-0.1
3,NONE,-1.0,-0.1,-1.0,-0.1
2,EV_B13_C008_Mototaxi_Electrica_P03,-1.0,-0.1,9.0,38.78052161626754
1,EV_B13_C008_Mototaxi_Electrica_P03,5.0,95.05720118694745,-1.0,38.78052161626754
1,EV_B13_C008_Mototaxi_Electrica_P03,4.0,95.05720118694745,-1.0,38.78052161626754
1,EV_B13_C008_Mototaxi_Electrica_P03,3.0,95.05720118694745,-1.0,38.78052161626754
1,EV_B13_C008_Mototaxi_Electrica_P03,2.0,95.05720118694745,-1.0,38.78052161626754
1,EV_B13_C008_Mototaxi_Electrica_P03,1.0,95.05720118694745,-1.0,38.78052161626754
1,EV_B13_C008_Mototaxi_Electrica_P03,0.0,95.05720118694745,-1.0,38.78052161626754
3,NONE,-1.0,-0.1,-1.0,-0.1
3,NONE,-1.0,-0.1,-1.0,-0.1
3,NONE,-1.0,-0.1,-1.0,-0.1
3,NONE,-1.0,-0.1,-1.0,-0.1
3,NONE,-1.0,-0.1,-1.0,-0.1
3,NONE,-1.0,-0.1,-1.0,-0.1
3,NONE,-1.0,-0.1,-1.0,-0.1
3,NONE,-1.0,-0.1,-1.0,-0.1
3,NONE,-1.0,-0.1,-1.0,-0.1
3,NONE,-1.0,-0.1,-1.0,-0.1
3,NONE,-1.0,-0.1,-1.0,-0.1
3,NONE,-1.0,-0.1,-1.0,-0.1
3,NONE,-1.0,-0.1,-1.0,-0.1
3,NONE,-1.0,-0.1,-1.0,-0.1
3,NONE,-1.0,-0.1,-1.0,-0.1
2,EV_B13_C008_Mototaxi_Electrica_P04,-1.0,-0.1,7.0,43.90882509099678
1,EV_B13_C008_Mototaxi_Electrica_P04,7.0,78.82838773777033,-1.0,43.90882509099678
1,EV_B13_C008_Mototaxi_Electrica_P04,6.0,78.82838773777033,-1.0,43.90882509099678
1,EV_B13_C008_Mototaxi_Electrica_P04,5.0,78.82838773777033,-1.0,43.90882509099678
1,EV_B13_C008_Mototaxi_Electrica_P04,4.0,78.82838773777033,-1.0,43.90882509099678
1,EV_B13_C008_Mototaxi_Electrica_P04,3.0,78.82838773777033,-1.0,43.90882509099678
1,EV_B13_C008_Mototaxi_Electrica_P04,2.0,78.82838773777033,-1.0,43.90882509099678
1,EV_B13_C008_Mototaxi_Electrica_P04,1.0,78.82838773777033,-1.0,43.90882509099678
1,EV_B13_C008_Mototaxi_Electrica_P04,0.0,78.82838773777033,-1.0,43.90882509099678
3,NONE,-1.0,-0.1,-1.0,-0.1
3,NONE,-1.0,-0.1,-1.0,-0.1
3,NONE,-1.0,-0.1,-1.0,-0.1
3,NONE,-1.0,-0.1,-1.0,-0.1
3,NONE,-1.0,-0.1,-1.0,-0.1
3,NONE,-1.0,-0.1,-1.0,-0.1
3,NONE,-1.0,-0.1,-1.0,-0.1
3,NONE,-1.0,-0.1,-1.0,-0.1
3,NONE,-1.0,-0.1,-1.0,-0.1
3,NONE,-1.0,-0.1,-1.0,-0.1
3,NONE,-1.0,-0.1,-1.0,-0.1
3,NONE,-1.0,-0.1,-1.0,-0.1
3,NONE,-1.0,-0.1,-1.0,-0.1
3,NONE,-1.0,-0.1,-1.0,-0.1
3,NONE,-1.0,-0.1,-1.0,-0.1
3,NONE,-1.0,-0.1,-1.0,-0.1
3,NONE,-1.0,-0.1,-1.0,-0.1
3,NONE,-1.0,-0.1,-1.0,-0.1
3,NONE,-1.0,-0.1,-1.0,-0.1
3,NONE,-1.0,-0.1,-1.0,-0.1
3,NONE,-1.0,-0.1,-1.0,-0.1
3,NONE,-1.0,-0.1,-1.0,-0.1
3,NONE,-1.0,-0.1,-1.0,-0.1
3,NONE,-1.0,-0.1,-1.0,-0.1
3,NONE,-1.0,-0.1,-1.0,-0.1
3,NONE,-1.0,-0.1,-1.0,-0.1
3,NONE,-1.0,-0.1,-1.0,-0.1
3,NONE,-1.0,-0.1,-1.0,-0.1
3,NONE,-1.0,-0.1,-1.0,-0.1
3,NONE,-1.0,-0.1,-1.0,-0.1
3,NONE,-1.0,-0.1,-1.0,-0.1
3,NONE,-1.0,-0.1,-1.0,-0.1
3,NONE,-1.0,-0.1,-1.0,-0.1
3,NONE,-1.0,-0.1,-1.0,-0.1
3,NONE,-1.0,-0.1,-1.0,-0.1
3,NONE,-1.0,-0.1,-1.0,-0.1
3,NONE,-1.0,-0.1,-1.0,-0.1
3,NONE,-1.0,-0.1,-1.0,-0.1
3,NONE,-1.0,-0.1,-1.0,-0.1
3,NONE,-1.0,-0.1,-1.0,-0.1
3,NONE,-1.0,-0.1,-1.0,-0.1
3,NONE,-1.0,-0.1,-1.0,-0.1
3,NONE,-1.0,-0.1,-1.0,-0.1
3,NONE,-1.0,-0.1,-1.0,-0.1
3,NONE,-1.0,-0.1,-1.0,-0.1
3,NONE,-1.0,-0.1,-1.0,-0.1
3,NONE,-1.0,-0.1,-1.0,-0.1
3,NONE,-1.0,-0.1,-1.0,-0.1
3,NONE,-1.0,-0.1,-1.0,-0.1
3,NONE,-1.0,-0.1,-1.0,-0.1
3,NONE,-1.0,-0.1,-1.0,-0.1
3,NONE,-1.0,-0.1,-1.0,-0.1
3,NONE,-1.0,-0.1,-1.0,-0.1
3,NONE,-1.0,-0.1,-1.0,-0.1
3,NONE,-1.0,-0.1,-1.0,-0.1
3,NONE,-1.0,-0.1,-1.0,-0.1
3,NONE,-1.0,-0.1,-1.0,-0.1
3,NONE,-1.0,-0.1,-1.0,-0.1
3,NONE,-1.0,-0.1,-1.0,-0.1
3,NONE,-1.0,-0.1,-1.0,-0.1
3,NONE,-1.0,-0.1,-1.0,-0.1
3,NONE,-1.0,-0.1,-1.0,-0.1
3,NONE,-1.0,-0.1,-1.0,-0.1
3,NONE,-1.0,-0.1,-1.0,-0.1
3,NONE,-1.0,-0.1,-1.0,-0.1
3,NONE,-1.0,-0.1,-1.0,-0.1
3,NONE,-1.0,-0.1,-1.0,-0.1
3,NONE,-1.0,-0.1,-1.0,-0.1
3,NONE,-1.0,-0.1,-1.0,-0.1
3,NONE,-1.0,-0.1,-1.0,-0.1
3,NONE,-1.0,-0.1,-1.0,-0.1
3,NONE,-1.0,-0.1,-1.0,-0.1
3,NONE,-1.0,-0.1,-1.0,-0.1
3,NONE,-1.0,-0.1,-1.0,-0.1
3,NONE,-1.0,-0.1,-1.0,-0.1
3,NONE,-1.0,-0.1,-1.0,-0.1
3,NONE,-1.0,-0.1,-1.0,-0.1
3,NONE,-1.0,-0.1,-1.0,-0.1
3,NONE,-1.0,-0.1,-1.0,-0.1
3,NONE,-1.0,-0.1,-1.0,-0.1
3,NONE,-1.0,-0.1,-1.0,-0.1
3,NONE,-1.0,-0.1,-1.0,-0.1
3,NONE,-1.0,-0.1,-1.0,-0.1
3,NONE,-1.0,-0.1,-1.0,-0.1
3,NONE,-1.0,-0.1,-1.0,-0.1
3,NONE,-1.0,-0.1,-1.0,-0.1
3,NONE,-1.0,-0.1,-1.0,-0.1
3,NONE,-1.0,-0.1,-1.0,-0.1
3,NONE,-1.0,-0.1,-1.0,-0.1
3,NONE,-1.0,-0.1,-1.0,-0.1
3,NONE,-1.0,-0.1,-1.0,-0.1
3,NONE,-1.0,-0.1,-1.0,-0.1
3,NONE,-1.0,-0.1,-1.0,-0.1
3,NONE,-1.0,-0.1,-1.0,-0.1
3,NONE,-1.0,-0.1,-1.0,-0.1
3,NONE,-1.0,-0.1,-1.0,-0.1
3,NONE,-1.0,-0.1,-1.0,-0.1
3,NONE,-1.0,-0.1,-1.0,-0.1
3,NONE,-1.0,-0.1,-1.0,-0.1
3,NONE,-1.0,-0.1,-1.0,-0.1
3,NONE,-1.0,-0.1,-1.0,-0.1
3,NONE,-1.0,-0.1,-1.0,-0.1
3,NONE,-1.0,-0.1,-1.0,-0.1
3,NONE,-1.0,-0.1,-1.0,-0.1
3,NONE,-1.0,-0.1,-1.0,-0.1
3,NONE,-1.0,-0.1,-1.0,-0.1
3,NONE,-1.0,-0.1,-1.0,-0.1
3,NONE,-1.0,-0.1,-1.0,-0.1
3,NONE,-1.0,-0.1,-1.0,-0.1
3,NONE,-1.0,-0.1,-1.0,-0.1
3,NONE,-1.0,-0.1,-1.0,-0.1
2,EV_B13_C008_Mototaxi_Electrica_P05,-1.0,-0.1,7.0,22.53564964356284
1,EV_B13_C008_Mototaxi_Electrica_P05,7.0,80.47260120373942,-1.0,22.53564964356284
1,EV_B13_C008_Mototaxi_Electrica_P05,6.0,80.47260120373942,-1.0,22.53564964356284
1,EV_B13_C008_Mototaxi_Electrica_P05,5.0,80.47260120373942,-1.0,22.53564964356284
1,EV_B13_C008_Mototaxi_Electrica_P05,4.0,80.47260120373942,-1.0,22.53564964356284
1,EV_B13_C008_Mototaxi_Electrica_P05,3.0,80.47260120373942,-1.0,22.53564964356284
1,EV_B13_C008_Mototaxi_Electrica_P05,2.0,80.47260120373942,-1.0,22.53564964356284
1,EV_B13_C008_Mototaxi_Electrica_P05,1.0,80.47260120373942,-1.0,22.53564964356284
1,EV_B13_C008_Mototaxi_Electrica_P05,0.0,80.47260120373942,-1.0,22.53564964356284
3,NONE,-1.0,-0.1,-1.0,-0.1
3,NONE,-1.0,-0.1,-1.0,-0.1
3,NONE,-1.0,-0.1,-1.0,-0.1
3,NONE,-1.0,-0.1,-1.0,-0.1
3,NONE,-1.0,-0.1,-1.0,-0.1
3,NONE,-1.0,-0.1,-1.0,-0.1
3,NONE,-1.0,-0.1,-1.0,-0.1
3,NONE,-1.0,-0.1,-1.0,-0.1
3,NONE,-1.0,-0.1,-1.0,-0.1
3,NONE,-1.0,-0.1,-1.0,-0.1
3,NONE,-1.0,-0.1,-1.0,-0.1
3,NONE,-1.0,-0.1,-1.0,-0.1
3,NONE,-1.0,-0.1,-1.0,-0.1
3,NONE,-1.0,-0.1,-1.0,-0.1
3,NONE,-1.0,-0.1,-1.0,-0.1
3,NONE,-1.0,-0.1,-1.0,-0.1
3,NONE,-1.0,-0.1,-1.0,-0.1
2,EV_B13_C008_Mototaxi_Electrica_P06,-1.0,-0.1,9.0,40.12754491539325
1,EV_B13_C008_Mototaxi_Electrica_P06,5.0,84.45134905488435,-1.0,40.12754491539325
1,EV_B13_C008_Mototaxi_Electrica_P06,4.0,84.45134905488435,-1.0,40.12754491539325
1,EV_B13_C008_Mototaxi_Electrica_P06,3.0,84.45134905488435,-1.0,40.12754491539325
1,EV_B13_C008_Mototaxi_Electrica_P06,2.0,84.45134905488435,-1.0,40.12754491539325
1,EV_B13_C008_Mototaxi_Electrica_P06,1.0,84.45134905488435,-1.0,40.12754491539325
1,EV_B13_C008_Mototaxi_Electrica_P06,0.0,84.45134905488435,-1.0,40.12754491539325
3,NONE,-1.0,-0.1,-1.0,-0.1
3,NONE,-1.0,-0.1,-1.0,-0.1
3,NONE,-1.0,-0.1,-1.0,-0.1
3,NONE,-1.0,-0.1,-1.0,-0.1
3,NONE,-1.0,-0.1,-1.0,-0.1
3,NONE,-1.0,-0.1,-1.0,-0.1
3,NONE,-1.0,-0.1,-1.0,-0.1
3,NONE,-1.0,-0.1,-1.0,-0.1
3,NONE,-1.0,-0.1,-1.0,-0.1
3,NONE,-1.0,-0.1,-1.0,-0.1
3,NONE,-1.0,-0.1,-1.0,-0.1
3,NONE,-1.0,-0.1,-1.0,-0.1
3,NONE,-1.0,-0.1,-1.0,-0.1
3,NONE,-1.0,-0.1,-1.0,-0.1
3,NONE,-1.0,-0.1,-1.0,-0.1
3,NONE,-1.0,-0.1,-1.0,-0.1
3,NONE,-1.0,-0.1,-1.0,-0.1
3,NONE,-1.0,-0.1,-1.0,-0.1
3,NONE,-1.0,-0.1,-1.0,-0.1
3,NONE,-1.0,-0.1,-1.0,-0.1
3,NONE,-1.0,-0.1,-1.0,-0.1
3,NONE,-1.0,-0.1,-1.0,-0.1
3,NONE,-1.0,-0.1,-1.0,-0.1
3,NONE,-1.0,-0.1,-1.0,-0.1
3,NONE,-1.0,-0.1,-1.0,-0.1
3,NONE,-1.0,-0.1,-1.0,-0.1
3,NONE,-1.0,-0.1,-1.0,-0.1
3,NONE,-1.0,-0.1,-1.0,-0.1
3,NONE,-1.0,-0.1,-1.0,-0.1
3,NONE,-1.0,-0.1,-1.0,-0.1
3,NONE,-1.0,-0.1,-1.0,-0.1
3,NONE,-1.0,-0.1,-1.0,-0.1
3,NONE,-1.0,-0.1,-1.0,-0.1
3,NONE,-1.0,-0.1,-1.0,-0.1
3,NONE,-1.0,-0.1,-1.0,-0.1
3,NONE,-1.0,-0.1,-1.0,-0.1
3,NONE,-1.0,-0.1,-1.0,-0.1
3,NONE,-1.0,-0.1,-1.0,-0.1
3,NONE,-1.0,-0.1,-1.0,-0.1
3,NONE,-1.0,-0.1,-1.0,-0.1
3,NONE,-1.0,-0.1,-1.0,-0.1
2,EV_B13_C008_Mototaxi_Electrica_P07,-1.0,-0.1,9.0,17.681941829100847
1,EV_B13_C008_Mototaxi_Electrica_P07,5.0,80.47340558513443,-1.0,17.681941829100847
1,EV_B13_C008_Mototaxi_Electrica_P07,4.0,80.47340558513443,-1.0,17.681941829100847
1,EV_B13_C008_Mototaxi_Electrica_P07,3.0,80.47340558513443,-1.0,17.681941829100847
1,EV_B13_C008_Mototaxi_Electrica_P07,2.0,80.47340558513443,-1.0,17.681941829100847
1,EV_B13_C008_Mototaxi_Electrica_P07,1.0,80.47340558513443,-1.0,17.681941829100847
1,EV_B13_C008_Mototaxi_Electrica_P07,0.0,80.47340558513443,-1.0,17.681941829100847
3,NONE,-1.0,-0.1,-1.0,-0.1
3,NONE,-1.0,-0.1,-1.0,-0.1
3,NONE,-1.0,-0.1,-1.0,-0.1
3,NONE,-1.0,-0.1,-1.0,-0.1
3,NONE,-1.0,-0.1,-1.0,-0.1
3,NONE,-1.0,-0.1,-1.0,-0.1
3,NONE,-1.0,-0.1,-1.0,-0.1
3,NONE,-1.0,-0.1,-1.0,-0.1
3,NONE,-1.0,-0.1,-1.0,-0.1
3,NONE,-1.0,-0.1,-1.0,-0.1
3,NONE,-1.0,-0.1,-1.0,-0.1
3,NONE,-1.0,-0.1,-1.0,-0.1
3,NONE,-1.0,-0.1,-1.0,-0.1
3,NONE,-1.0,-0.1,-1.0,-0.1
3,NONE,-1.0,-0.1,-1.0,-0.1
3,NONE,-1.0,-0.1,-1.0,-0.1
2,EV_B13_C008_Mototaxi_Electrica_P08,-1.0,-0.1,8.0,43.8578418932596
1,EV_B13_C008_Mototaxi_Electrica_P08,6.0,77.26102709458446,-1.0,43.8578418932596
1,EV_B13_C008_Mototaxi_Electrica_P08,5.0,77.26102709458446,-1.0,43.8578418932596
1,EV_B13_C008_Mototaxi_Electrica_P08,4.0,77.26102709458446,-1.0,43.8578418932596
1,EV_B13_C008_Mototaxi_Electrica_P08,3.0,77.26102709458446,-1.0,43.8578418932596
1,EV_B13_C008_Mototaxi_Electrica_P08,2.0,77.26102709458446,-1.0,43.8578418932596
1,EV_B13_C008_Mototaxi_Electrica_P08,1.0,77.26102709458446,-1.0,43.8578418932596
1,EV_B13_C008_Mototaxi_Electrica_P08,0.0,77.26102709458446,-1.0,43.8578418932596
3,NONE,-1.0,-0.1,-1.0,-0.1
3,NONE,-1.0,-0.1,-1.0,-0.1
3,NONE,-1.0,-0.1,-1.0,-0.1
3,NONE,-1.0,-0.1,-1.0,-0.1
3,NONE,-1.0,-0.1,-1.0,-0.1
3,NONE,-1.0,-0.1,-1.0,-0.1
3,NONE,-1.0,-0.1,-1.0,-0.1
3,NONE,-1.0,-0.1,-1.0,-0.1
3,NONE,-1.0,-0.1,-1.0,-0.1
3,NONE,-1.0,-0.1,-1.0,-0.1
3,NONE,-1.0,-0.1,-1.0,-0.1
3,NONE,-1.0,-0.1,-1.0,-0.1
3,NONE,-1.0,-0.1,-1.0,-0.1
3,NONE,-1.0,-0.1,-1.0,-0.1
3,NONE,-1.0,-0.1,-1.0,-0.1
3,NONE,-1.0,-0.1,-1.0,-0.1
3,NONE,-1.0,-0.1,-1.0,-0.1
3,NONE,-1.0,-0.1,-1.0,-0.1
3,NONE,-1.0,-0.1,-1.0,-0.1
3,NONE,-1.0,-0.1,-1.0,-0.1
3,NONE,-1.0,-0.1,-1.0,-0.1
3,NONE,-1.0,-0.1,-1.0,-0.1
3,NONE,-1.0,-0.1,-1.0,-0.1
3,NONE,-1.0,-0.1,-1.0,-0.1
3,NONE,-1.0,-0.1,-1.0,-0.1
3,NONE,-1.0,-0.1,-1.0,-0.1
3,NONE,-1.0,-0.1,-1.0,-0.1
3,NONE,-1.0,-0.1,-1.0,-0.1
3,NONE,-1.0,-0.1,-1.0,-0.1
3,NONE,-1.0,-0.1,-1.0,-0.1
3,NONE,-1.0,-0.1,-1.0,-0.1
3,NONE,-1.0,-0.1,-1.0,-0.1
3,NONE,-1.0,-0.1,-1.0,-0.1
3,NONE,-1.0,-0.1,-1.0,-0.1
3,NONE,-1.0,-0.1,-1.0,-0.1
3,NONE,-1.0,-0.1,-1.0,-0.1
3,NONE,-1.0,-0.1,-1.0,-0.1
3,NONE,-1.0,-0.1,-1.0,-0.1
3,NONE,-1.0,-0.1,-1.0,-0.1
3,NONE,-1.0,-0.1,-1.0,-0.1
3,NONE,-1.0,-0.1,-1.0,-0.1
3,NONE,-1.0,-0.1,-1.0,-0.1
3,NONE,-1.0,-0.1,-1.0,-0.1
3,NONE,-1.0,-0.1,-1.0,-0.1
3,NONE,-1.0,-0.1,-1.0,-0.1
3,NONE,-1.0,-0.1,-1.0,-0.1
3,NONE,-1.0,-0.1,-1.0,-0.1
3,NONE,-1.0,-0.1,-1.0,-0.1
3,NONE,-1.0,-0.1,-1.0,-0.1
3,NONE,-1.0,-0.1,-1.0,-0.1
3,NONE,-1.0,-0.1,-1.0,-0.1
3,NONE,-1.0,-0.1,-1.0,-0.1
3,NONE,-1.0,-0.1,-1.0,-0.1
3,NONE,-1.0,-0.1,-1.0,-0.1
3,NONE,-1.0,-0.1,-1.0,-0.1
3,NONE,-1.0,-0.1,-1.0,-0.1
3,NONE,-1.0,-0.1,-1.0,-0.1
3,NONE,-1.0,-0.1,-1.0,-0.1
3,NONE,-1.0,-0.1,-1.0,-0.1
3,NONE,-1.0,-0.1,-1.0,-0.1
3,NONE,-1.0,-0.1,-1.0,-0.1
3,NONE,-1.0,-0.1,-1.0,-0.1
3,NONE,-1.0,-0.1,-1.0,-0.1
3,NONE,-1.0,-0.1,-1.0,-0.1
3,NONE,-1.0,-0.1,-1.0,-0.1
2,EV_B13_C008_Mototaxi_Electrica_P09,-1.0,-0.1,9.0,33.33371860245575
1,EV_B13_C008_Mototaxi_Electrica_P09,5.0,80.91908013056049,-1.0,33.33371860245575
1,EV_B13_C008_Mototaxi_Electrica_P09,4.0,80.91908013056049,-1.0,33.33371860245575
1,EV_B13_C008_Mototaxi_Electrica_P09,3.0,80.91908013056049,-1.0,33.33371860245575
1,EV_B13_C008_Mototaxi_Electrica_P09,2.0,80.91908013056049,-1.0,33.33371860245575
1,EV_B13_C008_Mototaxi_Electrica_P09,1.0,80.91908013056049,-1.0,33.33371860245575
1,EV_B13_C008_Mototaxi_Electrica_P09,0.0,80.91908013056049,-1.0,33.33371860245575
3,NONE,-1.0,-0.1,-1.0,-0.1
3,NONE,-1.0,-0.1,-1.0,-0.1
3,NONE,-1.0,-0.1,-1.0,-0.1
3,NONE,-1.0,-0.1,-1.0,-0.1
3,NONE,-1.0,-0.1,-1.0,-0.1
3,NONE,-1.0,-0.1,-1.0,-0.1
3,NONE,-1.0,-0.1,-1.0,-0.1
3,NONE,-1.0,-0.1,-1.0,-0.1
3,NONE,-1.0,-0.1,-1.0,-0.1
3,NONE,-1.0,-0.1,-1.0,-0.1
3,NONE,-1.0,-0.1,-1.0,-0.1
3,NONE,-1.0,-0.1,-1.0,-0.1
3,NONE,-1.0,-0.1,-1.0,-0.1
3,NONE,-1.0,-0.1,-1.0,-0.1
3,NONE,-1.0,-0.1,-1.0,-0.1
3,NONE,-1.0,-0.1,-1.0,-0.1
3,NONE,-1.0,-0.1,-1.0,-0.1
3,NONE,-1.0,-0.1,-1.0,-0.1
2,EV_B13_C008_Mototaxi_Electrica_P10,-1.0,-0.1,10.0,26.301299793575797
1,EV_B13_C008_Mototaxi_Electrica_P10,4.0,79.91113274606361,-1.0,26.301299793575797
1,EV_B13_C008_Mototaxi_Electrica_P10,3.0,79.91113274606361,-1.0,26.301299793575797
1,EV_B13_C008_Mototaxi_Electrica_P10,2.0,79.91113274606361,-1.0,26.301299793575797
1,EV_B13_C008_Mototaxi_Electrica_P10,1.0,79.91113274606361,-1.0,26.301299793575797
1,EV_B13_C008_Mototaxi_Electrica_P10,0.0,79.91113274606361,-1.0,26.301299793575797
3,NONE,-1.0,-0.1,-1.0,-0.1
3,NONE,-1.0,-0.1,-1.0,-0.1
3,NONE,-1.0,-0.1,-1.0,-0.1
3,NONE,-1.0,-0.1,-1.0,-0.1
3,NONE,-1.0,-0.1,-1.0,-0.1
3,NONE,-1.0,-0.1,-1.0,-0.1
3,NONE,-1.0,-0.1,-1.0,-0.1
3,NONE,-1.0,-0.1,-1.0,-0.1
3,NONE,-1.0,-0.1,-1.0,-0.1
3,NONE,-1.0,-0.1,-1.0,-0.1
3,NONE,-1.0,-0.1,-1.0,-0.1
3,NONE,-1.0,-0.1,-1.0,-0.1
3,NONE,-1.0,-0.1,-1.0,-0.1
3,NONE,-1.0,-0.1,-1.0,-0.1
3,NONE,-1.0,-0.1,-1.0,-0.1
3,NONE,-1.0,-0.1,-1.0,-0.1
3,NONE,-1.0,-0.1,-1.0,-0.1
3,NONE,-1.0,-0.1,-1.0,-0.1
3,NONE,-1.0,-0.1,-1.0,-0.1
3,NONE,-1.0,-0.1,-1.0,-0.1
3,NONE,-1.0,-0.1,-1.0,-0.1
3,NONE,-1.0,-0.1,-1.0,-0.1
3,NONE,-1.0,-0.1,-1.0,-0.1
3,NONE,-1.0,-0.1,-1.0,-0.1
3,NONE,-1.0,-0.1,-1.0,-0.1
3,NONE,-1.0,-0.1,-1.0,-0.1
3,NONE,-1.0,-0.1,-1.0,-0.1
3,NONE,-1.0,-0.1,-1.0,-0.1
3,NONE,-1.0,-0.1,-1.0,-0.1
3,NONE,-1.0,-0.1,-1.0,-0.1
3,NONE,-1.0,-0.1,-1.0,-0.1
3,NONE,-1.0,-0.1,-1.0,-0.1
3,NONE,-1.0,-0.1,-1.0,-0.1
3,NONE,-1.0,-0.1,-1.0,-0.1
3,NONE,-1.0,-0.1,-1.0,-0.1
3,NONE,-1.0,-0.1,-1.0,-0.1
3,NONE,-1.0,-0.1,-1.0,-0.1
3,NONE,-1.0,-0.1,-1.0,-0.1
3,NONE,-1.0,-0.1,-1.0,-0.1
3,NONE,-1.0,-0.1,-1.0,-0.1
2,EV_B13_C008_Mototaxi_Electrica_P01,-1.0,-0.1,8.0,18.40716629656216
1,EV_B13_C008_Mototaxi_Electrica_P01,6.0,77.58413217135217,-1.0,18.40716629656216
1,EV_B13_C008_Mototaxi_Electrica_P01,5.0,77.58413217135217,-1.0,18.40716629656216
1,EV_B13_C008_Mototaxi_Electrica_P01,4.0,77.58413217135217,-1.0,18.40716629656216
1,EV_B13_C008_Mototaxi_Electrica_P01,3.0,77.58413217135217,-1.0,18.40716629656216
1,EV_B13_C008_Mototaxi_Electrica_P01,2.0,77.58413217135217,-1.0,18.40716629656216
1,EV_B13_C008_Mototaxi_Electrica_P01,1.0,77.58413217135217,-1.0,18.40716629656216
1,EV_B13_C008_Mototaxi_Electrica_P01,0.0,77.58413217135217,-1.0,18.40716629656216
3,NONE,-1.0,-0.1,-1.0,-0.1
3,NONE,-1.0,-0.1,-1.0,-0.1
3,NONE,-1.0,-0.1,-1.0,-0.1
3,NONE,-1.0,-0.1,-1.0,-0.1
3,NONE,-1.0,-0.1,-1.0,-0.1
3,NONE,-1.0,-0.1,-1.0,-0.1
3,NONE,-1.0,-0.1,-1.0,-0.1
3,NONE,-1.0,-0.1,-1.0,-0.1
3,NONE,-1.0,-0.1,-1.0,-0.1
3,NONE,-1.0,-0.1,-1.0,-0.1
3,NONE,-1.0,-0.1,-1.0,-0.1
3,NONE,-1.0,-0.1,-1.0,-0.1
3,NONE,-1.0,-0.1,-1.0,-0.1
3,NONE,-1.0,-0.1,-1.0,-0.1
3,NONE,-1.0,-0.1,-1.0,-0.1
3,NONE,-1.0,-0.1,-1.0,-0.1
3,NONE,-1.0,-0.1,-1.0,-0.1
2,EV_B13_C008_Mototaxi_Electrica_P02,-1.0,-0.1,9.0,41.83403728294692
1,EV_B13_C008_Mototaxi_Electrica_P02,5.0,87.9945791363107,-1.0,41.83403728294692
1,EV_B13_C008_Mototaxi_Electrica_P02,4.0,87.9945791363107,-1.0,41.83403728294692
1,EV_B13_C008_Mototaxi_Electrica_P02,3.0,87.9945791363107,-1.0,41.83403728294692
1,EV_B13_C008_Mototaxi_Electrica_P02,2.0,87.9945791363107,-1.0,41.83403728294692
1,EV_B13_C008_Mototaxi_Electrica_P02,1.0,87.9945791363107,-1.0,41.83403728294692
1,EV_B13_C008_Mototaxi_Electrica_P02,0.0,87.9945791363107,-1.0,41.83403728294692
3,NONE,-1.0,-0.1,-1.0,-0.1
3,NONE,-1.0,-0.1,-1.0,-0.1
3,NONE,-1.0,-0.1,-1.0,-0.1
3,NONE,-1.0,-0.1,-1.0,-0.1
3,NONE,-1.0,-0.1,-1.0,-0.1
3,NONE,-1.0,-0.1,-1.0,-0.1
3,NONE,-1.0,-0.1,-1.0,-0.1
3,NONE,-1.0,-0.1,-1.0,-0.1
3,NONE,-1.0,-0.1,-1.0,-0.1
3,NONE,-1.0,-0.1,-1.0,-0.1
3,NONE,-1.0,-0.1,-1.0,-0.1
3,NONE,-1.0,-0.1,-1.0,-0.1
3,NONE,-1.0,-0.1,-1.0,-0.1
3,NONE,-1.0,-0.1,-1.0,-0.1
3,NONE,-1.0,-0.1,-1.0,-0.1
3,NONE,-1.0,-0.1,-1.0,-0.1
3,NONE,-1.0,-0.1,-1.0,-0.1
3,NONE,-1.0,-0.1,-1.0,-0.1
3,NONE,-1.0,-0.1,-1.0,-0.1
3,NONE,-1.0,-0.1,-1.0,-0.1
3,NONE,-1.0,-0.1,-1.0,-0.1
3,NONE,-1.0,-0.1,-1.0,-0.1
3,NONE,-1.0,-0.1,-1.0,-0.1
3,NONE,-1.0,-0.1,-1.0,-0.1
3,NONE,-1.0,-0.1,-1.0,-0.1
3,NONE,-1.0,-0.1,-1.0,-0.1
3,NONE,-1.0,-0.1,-1.0,-0.1
3,NONE,-1.0,-0.1,-1.0,-0.1
3,NONE,-1.0,-0.1,-1.0,-0.1
3,NONE,-1.0,-0.1,-1.0,-0.1
3,NONE,-1.0,-0.1,-1.0,-0.1
3,NONE,-1.0,-0.1,-1.0,-0.1
3,NONE,-1.0,-0.1,-1.0,-0.1
3,NONE,-1.0,-0.1,-1.0,-0.1
3,NONE,-1.0,-0.1,-1.0,-0.1
3,NONE,-1.0,-0.1,-1.0,-0.1
3,NONE,-1.0,-0.1,-1.0,-0.1
3,NONE,-1.0,-0.1,-1.0,-0.1
3,NONE,-1.0,-0.1,-1.0,-0.1
3,NONE,-1.0,-0.1,-1.0,-0.1
3,NONE,-1.0,-0.1,-1.0,-0.1
3,NONE,-1.0,-0.1,-1.0,-0.1
3,NONE,-1.0,-0.1,-1.0,-0.1
3,NONE,-1.0,-0.1,-1.0,-0.1
3,NONE,-1.0,-0.1,-1.0,-0.1
3,NONE,-1.0,-0.1,-1.0,-0.1
3,NONE,-1.0,-0.1,-1.0,-0.1
3,NONE,-1.0,-0.1,-1.0,-0.1
3,NONE,-1.0,-0.1,-1.0,-0.1
3,NONE,-1.0,-0.1,-1.0,-0.1
3,NONE,-1.0,-0.1,-1.0,-0.1
3,NONE,-1.0,-0.1,-1.0,-0.1
3,NONE,-1.0,-0.1,-1.0,-0.1
3,NONE,-1.0,-0.1,-1.0,-0.1
3,NONE,-1.0,-0.1,-1.0,-0.1
3,NONE,-1.0,-0.1,-1.0,-0.1
3,NONE,-1.0,-0.1,-1.0,-0.1
3,NONE,-1.0,-0.1,-1.0,-0.1
3,NONE,-1.0,-0.1,-1.0,-0.1
3,NONE,-1.0,-0.1,-1.0,-0.1
3,NONE,-1.0,-0.1,-1.0,-0.1
3,NONE,-1.0,-0.1,-1.0,-0.1
3,NONE,-1.0,-0.1,-1.0,-0.1
3,NONE,-1.0,-0.1,-1.0,-0.1
2,EV_B13_C008_Mototaxi_Electrica_P03,-1.0,-0.1,8.0,44.34129268267226
1,EV_B13_C008_Mototaxi_Electrica_P03,5.0,77.87181264822058,-1.0,44.34129268267226
1,EV_B13_C008_Mototaxi_Electrica_P03,4.0,77.87181264822058,-1.0,44.34129268267226
1,EV_B13_C008_Mototaxi_Electrica_P03,3.0,77.87181264822058,-1.0,44.34129268267226
1,EV_B13_C008_Mototaxi_Electrica_P03,2.0,77.87181264822058,-1.0,44.34129268267226
1,EV_B13_C008_Mototaxi_Electrica_P03,1.0,77.87181264822058,-1.0,44.34129268267226
1,EV_B13_C008_Mototaxi_Electrica_P03,0.0,77.87181264822058,-1.0,44.34129268267226
3,NONE,-1.0,-0.1,-1.0,-0.1
3,NONE,-1.0,-0.1,-1.0,-0.1
3,NONE,-1.0,-0.1,-1.0,-0.1
3,NONE,-1.0,-0.1,-1.0,-0.1
3,NONE,-1.0,-0.1,-1.0,-0.1
3,NONE,-1.0,-0.1,-1.0,-0.1
3,NONE,-1.0,-0.1,-1.0,-0.1
3,NONE,-1.0,-0.1,-1.0,-0.1
3,NONE,-1.0,-0.1,-1.0,-0.1
3,NONE,-1.0,-0.1,-1.0,-0.1
3,NONE,-1.0,-0.1,-1.0,-0.1
3,NONE,-1.0,-0.1,-1.0,-0.1
3,NONE,-1.0,-0.1,-1.0,-0.1
3,NONE,-1.0,-0.1,-1.0,-0.1
3,NONE,-1.0,-0.1,-1.0,-0.1
3,NONE,-1.0,-0.1,-1.0,-0.1
3,NONE,-1.0,-0.1,-1.0,-0.1
3,NONE,-1.0,-0.1,-1.0,-0.1
3,NONE,-1.0,-0.1,-1.0,-0.1
3,NONE,-1.0,-0.1,-1.0,-0.1
3,NONE,-1.0,-0.1,-1.0,-0.1
3,NONE,-1.0,-0.1,-1.0,-0.1
3,NONE,-1.0,-0.1,-1.0,-0.1
3,NONE,-1.0,-0.1,-1.0,-0.1
3,NONE,-1.0,-0.1,-1.0,-0.1
3,NONE,-1.0,-0.1,-1.0,-0.1
3,NONE,-1.0,-0.1,-1.0,-0.1
3,NONE,-1.0,-0.1,-1.0,-0.1
3,NONE,-1.0,-0.1,-1.0,-0.1
3,NONE,-1.0,-0.1,-1.0,-0.1
3,NONE,-1.0,-0.1,-1.0,-0.1
3,NONE,-1.0,-0.1,-1.0,-0.1
3,NONE,-1.0,-0.1,-1.0,-0.1
3,NONE,-1.0,-0.1,-1.0,-0.1
3,NONE,-1.0,-0.1,-1.0,-0.1
3,NONE,-1.0,-0.1,-1.0,-0.1
3,NONE,-1.0,-0.1,-1.0,-0.1
3,NONE,-1.0,-0.1,-1.0,-0.1
3,NONE,-1.0,-0.1,-1.0,-0.1
3,NONE,-1.0,-0.1,-1.0,-0.1
3,NONE,-1.0,-0.1,-1.0,-0.1
3,NONE,-1.0,-0.1,-1.0,-0.1
3,NONE,-1.0,-0.1,-1.0,-0.1
3,NONE,-1.0,-0.1,-1.0,-0.1
3,NONE,-1.0,-0.1,-1.0,-0.1
3,NONE,-1.0,-0.1,-1.0,-0.1
3,NONE,-1.0,-0.1,-1.0,-0.1
3,NONE,-1.0,-0.1,-1.0,-0.1
3,NONE,-1.0,-0.1,-1.0,-0.1
3,NONE,-1.0,-0.1,-1.0,-0.1
3,NONE,-1.0,-0.1,-1.0,-0.1
3,NONE,-1.0,-0.1,-1.0,-0.1
3,NONE,-1.0,-0.1,-1.0,-0.1
3,NONE,-1.0,-0.1,-1.0,-0.1
3,NONE,-1.0,-0.1,-1.0,-0.1
3,NONE,-1.0,-0.1,-1.0,-0.1
3,NONE,-1.0,-0.1,-1.0,-0.1
3,NONE,-1.0,-0.1,-1.0,-0.1
3,NONE,-1.0,-0.1,-1.0,-0.1
3,NONE,-1.0,-0.1,-1.0,-0.1
3,NONE,-1.0,-0.1,-1.0,-0.1
3,NONE,-1.0,-0.1,-1.0,-0.1
3,NONE,-1.0,-0.1,-1.0,-0.1
3,NONE,-1.0,-0.1,-1.0,-0.1
3,NONE,-1.0,-0.1,-1.0,-0.1
3,NONE,-1.0,-0.1,-1.0,-0.1
3,NONE,-1.0,-0.1,-1.0,-0.1
3,NONE,-1.0,-0.1,-1.0,-0.1
3,NONE,-1.0,-0.1,-1.0,-0.1
3,NONE,-1.0,-0.1,-1.0,-0.1
3,NONE,-1.0,-0.1,-1.0,-0.1
3,NONE,-1.0,-0.1,-1.0,-0.1
3,NONE,-1.0,-0.1,-1.0,-0.1
3,NONE,-1.0,-0.1,-1.0,-0.1
3,NONE,-1.0,-0.1,-1.0,-0.1
3,NONE,-1.0,-0.1,-1.0,-0.1
3,NONE,-1.0,-0.1,-1.0,-0.1
3,NONE,-1.0,-0.1,-1.0,-0.1
3,NONE,-1.0,-0.1,-1.0,-0.1
3,NONE,-1.0,-0.1,-1.0,-0.1
3,NONE,-1.0,-0.1,-1.0,-0.1
3,NONE,-1.0,-0.1,-1.0,-0.1
3,NONE,-1.0,-0.1,-1.0,-0.1
3,NONE,-1.0,-0.1,-1.0,-0.1
3,NONE,-1.0,-0.1,-1.0,-0.1
3,NONE,-1.0,-0.1,-1.0,-0.1
3,NONE,-1.0,-0.1,-1.0,-0.1
3,NONE,-1.0,-0.1,-1.0,-0.1
3,NONE,-1.0,-0.1,-1.0,-0.1
2,EV_B13_C008_Mototaxi_Electrica_P04,-1.0,-0.1,8.0,52.24937941305514
1,EV_B13_C008_Mototaxi_Electrica_P04,6.0,82.80849222611347,-1.0,52.24937941305514
1,EV_B13_C008_Mototaxi_Electrica_P04,5.0,82.80849222611347,-1.0,52.24937941305514
1,EV_B13_C008_Mototaxi_Electrica_P04,4.0,82.80849222611347,-1.0,52.24937941305514
1,EV_B13_C008_Mototaxi_Electrica_P04,3.0,82.80849222611347,-1.0,52.24937941305514
1,EV_B13_C008_Mototaxi_Electrica_P04,2.0,82.80849222611347,-1.0,52.24937941305514
1,EV_B13_C008_Mototaxi_Electrica_P04,1.0,82.80849222611347,-1.0,52.24937941305514
1,EV_B13_C008_Mototaxi_Electrica_P04,0.0,82.80849222611347,-1.0,52.24937941305514
3,NONE,-1.0,-0.1,-1.0,-0.1
3,NONE,-1.0,-0.1,-1.0,-0.1
3,NONE,-1.0,-0.1,-1.0,-0.1
3,NONE,-1.0,-0.1,-1.0,-0.1
3,NONE,-1.0,-0.1,-1.0,-0.1
3,NONE,-1.0,-0.1,-1.0,-0.1
3,NONE,-1.0,-0.1,-1.0,-0.1
3,NONE,-1.0,-0.1,-1.0,-0.1
3,NONE,-1.0,-0.1,-1.0,-0.1
3,NONE,-1.0,-0.1,-1.0,-0.1
3,NONE,-1.0,-0.1,-1.0,-0.1
3,NONE,-1.0,-0.1,-1.0,-0.1
3,NONE,-1.0,-0.1,-1.0,-0.1
3,NONE,-1.0,-0.1,-1.0,-0.1
3,NONE,-1.0,-0.1,-1.0,-0.1
3,NONE,-1.0,-0.1,-1.0,-0.1
3,NONE,-1.0,-0.1,-1.0,-0.1
3,NONE,-1.0,-0.1,-1.0,-0.1
3,NONE,-1.0,-0.1,-1.0,-0.1
3,NONE,-1.0,-0.1,-1.0,-0.1
3,NONE,-1.0,-0.1,-1.0,-0.1
3,NONE,-1.0,-0.1,-1.0,-0.1
3,NONE,-1.0,-0.1,-1.0,-0.1
3,NONE,-1.0,-0.1,-1.0,-0.1
3,NONE,-1.0,-0.1,-1.0,-0.1
3,NONE,-1.0,-0.1,-1.0,-0.1
3,NONE,-1.0,-0.1,-1.0,-0.1
3,NONE,-1.0,-0.1,-1.0,-0.1
3,NONE,-1.0,-0.1,-1.0,-0.1
3,NONE,-1.0,-0.1,-1.0,-0.1
3,NONE,-1.0,-0.1,-1.0,-0.1
3,NONE,-1.0,-0.1,-1.0,-0.1
3,NONE,-1.0,-0.1,-1.0,-0.1
3,NONE,-1.0,-0.1,-1.0,-0.1
3,NONE,-1.0,-0.1,-1.0,-0.1
3,NONE,-1.0,-0.1,-1.0,-0.1
3,NONE,-1.0,-0.1,-1.0,-0.1
3,NONE,-1.0,-0.1,-1.0,-0.1
3,NONE,-1.0,-0.1,-1.0,-0.1
3,NONE,-1.0,-0.1,-1.0,-0.1
3,NONE,-1.0,-0.1,-1.0,-0.1
3,NONE,-1.0,-0.1,-1.0,-0.1
3,NONE,-1.0,-0.1,-1.0,-0.1
3,NONE,-1.0,-0.1,-1.0,-0.1
3,NONE,-1.0,-0.1,-1.0,-0.1
3,NONE,-1.0,-0.1,-1.0,-0.1
3,NONE,-1.0,-0.1,-1.0,-0.1
3,NONE,-1.0,-0.1,-1.0,-0.1
3,NONE,-1.0,-0.1,-1.0,-0.1
3,NONE,-1.0,-0.1,-1.0,-0.1
3,NONE,-1.0,-0.1,-1.0,-0.1
3,NONE,-1.0,-0.1,-1.0,-0.1
3,NONE,-1.0,-0.1,-1.0,-0.1
3,NONE,-1.0,-0.1,-1.0,-0.1
3,NONE,-1.0,-0.1,-1.0,-0.1
3,NONE,-1.0,-0.1,-1.0,-0.1
3,NONE,-1.0,-0.1,-1.0,-0.1
3,NONE,-1.0,-0.1,-1.0,-0.1
3,NONE,-1.0,-0.1,-1.0,-0.1
3,NONE,-1.0,-0.1,-1.0,-0.1
3,NONE,-1.0,-0.1,-1.0,-0.1
3,NONE,-1.0,-0.1,-1.0,-0.1
3,NONE,-1.0,-0.1,-1.0,-0.1
2,EV_B13_C008_Mototaxi_Electrica_P05,-1.0,-0.1,7.0,22.183344117882726
1,EV_B13_C008_Mototaxi_Electrica_P05,7.0,77.6958528561638,-1.0,22.183344117882726
1,EV_B13_C008_Mototaxi_Electrica_P05,6.0,77.6958528561638,-1.0,22.183344117882726
1,EV_B13_C008_Mototaxi_Electrica_P05,5.0,77.6958528561638,-1.0,22.183344117882726
1,EV_B13_C008_Mototaxi_Electrica_P05,4.0,77.6958528561638,-1.0,22.183344117882726
1,EV_B13_C008_Mototaxi_Electrica_P05,3.0,77.6958528561638,-1.0,22.183344117882726
1,EV_B13_C008_Mototaxi_Electrica_P05,2.0,77.6958528561638,-1.0,22.183344117882726
1,EV_B13_C008_Mototaxi_Electrica_P05,1.0,77.6958528561638,-1.0,22.183344117882726
1,EV_B13_C008_Mototaxi_Electrica_P05,0.0,77.6958528561638,-1.0,22.183344117882726
3,NONE,-1.0,-0.1,-1.0,-0.1
3,NONE,-1.0,-0.1,-1.0,-0.1
3,NONE,-1.0,-0.1,-1.0,-0.1
3,NONE,-1.0,-0.1,-1.0,-0.1
3,NONE,-1.0,-0.1,-1.0,-0.1
3,NONE,-1.0,-0.1,-1.0,-0.1
3,NONE,-1.0,-0.1,-1.0,-0.1
3,NONE,-1.0,-0.1,-1.0,-0.1
3,NONE,-1.0,-0.1,-1.0,-0.1
3,NONE,-1.0,-0.1,-1.0,-0.1
3,NONE,-1.0,-0.1,-1.0,-0.1
3,NONE,-1.0,-0.1,-1.0,-0.1
3,NONE,-1.0,-0.1,-1.0,-0.1
3,NONE,-1.0,-0.1,-1.0,-0.1
3,NONE,-1.0,-0.1,-1.0,-0.1
3,NONE,-1.0,-0.1,-1.0,-0.1
2,EV_B13_C008_Mototaxi_Electrica_P06,-1.0,-0.1,8.0,50.230725550982214
1,EV_B13_C008_Mototaxi_Electrica_P06,6.0,88.15231916913744,-1.0,50.230725550982214
1,EV_B13_C008_Mototaxi_Electrica_P06,5.0,88.15231916913744,-1.0,50.230725550982214
1,EV_B13_C008_Mototaxi_Electrica_P06,4.0,88.15231916913744,-1.0,50.230725550982214
1,EV_B13_C008_Mototaxi_Electrica_P06,3.0,88.15231916913744,-1.0,50.230725550982214
1,EV_B13_C008_Mototaxi_Electrica_P06,2.0,88.15231916913744,-1.0,50.230725550982214
1,EV_B13_C008_Mototaxi_Electrica_P06,1.0,88.15231916913744,-1.0,50.230725550982214
1,EV_B13_C008_Mototaxi_Electrica_P06,0.0,88.15231916913744,-1.0,50.230725550982214
3,NONE,-1.0,-0.1,-1.0,-0.1
3,NONE,-1.0,-0.1,-1.0,-0.1
3,NONE,-1.0,-0.1,-1.0,-0.1
3,NONE,-1.0,-0.1,-1.0,-0.1
3,NONE,-1.0,-0.1,-1.0,-0.1
3,NONE,-1.0,-0.1,-1.0,-0.1
3,NONE,-1.0,-0.1,-1.0,-0.1
3,NONE,-1.0,-0.1,-1.0,-0.1
3,NONE,-1.0,-0.1,-1.0,-0.1
3,NONE,-1.0,-0.1,-1.0,-0.1
3,NONE,-1.0,-0.1,-1.0,-0.1
3,NONE,-1.0,-0.1,-1.0,-0.1
3,NONE,-1.0,-0.1,-1.0,-0.1
3,NONE,-1.0,-0.1,-1.0,-0.1
3,NONE,-1.0,-0.1,-1.0,-0.1
3,NONE,-1.0,-0.1,-1.0,-0.1
2,EV_B13_C008_Mototaxi_Electrica_P07,-1.0,-0.1,8.0,55.22404891064801
1,EV_B13_C008_Mototaxi_Electrica_P07,6.0,79.2172225327861,-1.0,55.22404891064801
1,EV_B13_C008_Mototaxi_Electrica_P07,5.0,79.2172225327861,-1.0,55.22404891064801
1,EV_B13_C008_Mototaxi_Electrica_P07,4.0,79.2172225327861,-1.0,55.22404891064801
1,EV_B13_C008_Mototaxi_Electrica_P07,3.0,79.2172225327861,-1.0,55.22404891064801
1,EV_B13_C008_Mototaxi_Electrica_P07,2.0,79.2172225327861,-1.0,55.22404891064801
1,EV_B13_C008_Mototaxi_Electrica_P07,1.0,79.2172225327861,-1.0,55.22404891064801
1,EV_B13_C008_Mototaxi_Electrica_P07,0.0,79.2172225327861,-1.0,55.22404891064801
3,NONE,-1.0,-0.1,-1.0,-0.1
3,NONE,-1.0,-0.1,-1.0,-0.1
3,NONE,-1.0,-0.1,-1.0,-0.1
3,NONE,-1.0,-0.1,-1.0,-0.1
3,NONE,-1.0,-0.1,-1.0,-0.1
3,NONE,-1.0,-0.1,-1.0,-0.1
3,NONE,-1.0,-0.1,-1.0,-0.1
3,NONE,-1.0,-0.1,-1.0,-0.1
3,NONE,-1.0,-0.1,-1.0,-0.1
3,NONE,-1.0,-0.1,-1.0,-0.1
3,NONE,-1.0,-0.1,-1.0,-0.1
3,NONE,-1.0,-0.1,-1.0,-0.1
3,NONE,-1.0,-0.1,-1.0,-0.1
3,NONE,-1.0,-0.1,-1.0,-0.1
3,NONE,-1.0,-0.1,-1.0,-0.1
2,EV_B13_C008_Mototaxi_Electrica_P08,-1.0,-0.1,7.0,66.59728031408078
1,EV_B13_C008_Mototaxi_Electrica_P08,6.0,75.51604149359879,-1.0,66.59728031408078
1,EV_B13_C008_Mototaxi_Electrica_P08,5.0,75.51604149359879,-1.0,66.59728031408078
1,EV_B13_C008_Mototaxi_Electrica_P08,4.0,75.51604149359879,-1.0,66.59728031408078
1,EV_B13_C008_Mototaxi_Electrica_P08,3.0,75.51604149359879,-1.0,66.59728031408078
1,EV_B13_C008_Mototaxi_Electrica_P08,2.0,75.51604149359879,-1.0,66.59728031408078
1,EV_B13_C008_Mototaxi_Electrica_P08,1.0,75.51604149359879,-1.0,66.59728031408078
1,EV_B13_C008_Mototaxi_Electrica_P08,0.0,75.51604149359879,-1.0,66.59728031408078
3,NONE,-1.0,-0.1,-1.0,-0.1
3,NONE,-1.0,-0.1,-1.0,-0.1
3,NONE,-1.0,-0.1,-1.0,-0.1
3,NONE,-1.0,-0.1,-1.0,-0.1
3,NONE,-1.0,-0.1,-1.0,-0.1
3,NONE,-1.0,-0.1,-1.0,-0.1
3,NONE,-1.0,-0.1,-1.0,-0.1
3,NONE,-1.0,-0.1,-1.0,-0.1
3,NONE,-1.0,-0.1,-1.0,-0.1
3,NONE,-1.0,-0.1,-1.0,-0.1
3,NONE,-1.0,-0.1,-1.0,-0.1
3,NONE,-1.0,-0.1,-1.0,-0.1
3,NONE,-1.0,-0.1,-1.0,-0.1
3,NONE,-1.0,-0.1,-1.0,-0.1
3,NONE,-1.0,-0.1,-1.0,-0.1
3,NONE,-1.0,-0.1,-1.0,-0.1
3,NONE,-1.0,-0.1,-1.0,-0.1
3,NONE,-1.0,-0.1,-1.0,-0.1
3,NONE,-1.0,-0.1,-1.0,-0.1
3,NONE,-1.0,-0.1,-1.0,-0.1
3,NONE,-1.0,-0.1,-1.0,-0.1
3,NONE,-1.0,-0.1,-1.0,-0.1
3,NONE,-1.0,-0.1,-1.0,-0.1
3,NONE,-1.0,-0.1,-1.0,-0.1
3,NONE,-1.0,-0.1,-1.0,-0.1
3,NONE,-1.0,-0.1,-1.0,-0.1
3,NONE,-1.0,-0.1,-1.0,-0.1
3,NONE,-1.0,-0.1,-1.0,-0.1
3,NONE,-1.0,-0.1,-1.0,-0.1
3,NONE,-1.0,-0.1,-1.0,-0.1
3,NONE,-1.0,-0.1,-1.0,-0.1
3,NONE,-1.0,-0.1,-1.0,-0.1
3,NONE,-1.0,-0.1,-1.0,-0.1
3,NONE,-1.0,-0.1,-1.0,-0.1
3,NONE,-1.0,-0.1,-1.0,-0.1
3,NONE,-1.0,-0.1,-1.0,-0.1
3,NONE,-1.0,-0.1,-1.0,-0.1
3,NONE,-1.0,-0.1,-1.0,-0.1
3,NONE,-1.0,-0.1,-1.0,-0.1
3,NONE,-1.0,-0.1,-1.0,-0.1
3,NONE,-1.0,-0.1,-1.0,-0.1
3,NONE,-1.0,-0.1,-1.0,-0.1
3,NONE,-1.0,-0.1,-1.0,-0.1
3,NONE,-1.0,-0.1,-1.0,-0.1
3,NONE,-1.0,-0.1,-1.0,-0.1
3,NONE,-1.0,-0.1,-1.0,-0.1
3,NONE,-1.0,-0.1,-1.0,-0.1
3,NONE,-1.0,-0.1,-1.0,-0.1
3,NONE,-1.0,-0.1,-1.0,-0.1
3,NONE,-1.0,-0.1,-1.0,-0.1
3,NONE,-1.0,-0.1,-1.0,-0.1
3,NONE,-1.0,-0.1,-1.0,-0.1
3,NONE,-1.0,-0.1,-1.0,-0.1
3,NONE,-1.0,-0.1,-1.0,-0.1
3,NONE,-1.0,-0.1,-1.0,-0.1
3,NONE,-1.0,-0.1,-1.0,-0.1
3,NONE,-1.0,-0.1,-1.0,-0.1
3,NONE,-1.0,-0.1,-1.0,-0.1
3,NONE,-1.0,-0.1,-1.0,-0.1
3,NONE,-1.0,-0.1,-1.0,-0.1
3,NONE,-1.0,-0.1,-1.0,-0.1
3,NONE,-1.0,-0.1,-1.0,-0.1
3,NONE,-1.0,-0.1,-1.0,-0.1
3,NONE,-1.0,-0.1,-1.0,-0.1
3,NONE,-1.0,-0.1,-1.0,-0.1
3,NONE,-1.0,-0.1,-1.0,-0.1
3,NONE,-1.0,-0.1,-1.0,-0.1
3,NONE,-1.0,-0.1,-1.0,-0.1
3,NONE,-1.0,-0.1,-1.0,-0.1
3,NONE,-1.0,-0.1,-1.0,-0.1
3,NONE,-1.0,-0.1,-1.0,-0.1
3,NONE,-1.0,-0.1,-1.0,-0.1
3,NONE,-1.0,-0.1,-1.0,-0.1
3,NONE,-1.0,-0.1,-1.0,-0.1
3,NONE,-1.0,-0.1,-1.0,-0.1
3,NONE,-1.0,-0.1,-1.0,-0.1
3,NONE,-1.0,-0.1,-1.0,-0.1
3,NONE,-1.0,-0.1,-1.0,-0.1
3,NONE,-1.0,-0.1,-1.0,-0.1
3,NONE,-1.0,-0.1,-1.0,-0.1
3,NONE,-1.0,-0.1,-1.0,-0.1
3,NONE,-1.0,-0.1,-1.0,-0.1
3,NONE,-1.0,-0.1,-1.0,-0.1
3,NONE,-1.0,-0.1,-1.0,-0.1
3,NONE,-1.0,-0.1,-1.0,-0.1
3,NONE,-1.0,-0.1,-1.0,-0.1
3,NONE,-1.0,-0.1,-1.0,-0.1
3,NONE,-1.0,-0.1,-1.0,-0.1
3,NONE,-1.0,-0.1,-1.0,-0.1
2,EV_B13_C008_Mototaxi_Electrica_P09,-1.0,-0.1,8.0,27.532867085172487
1,EV_B13_C008_Mototaxi_Electrica_P09,6.0,71.57949996225778,-1.0,27.532867085172487
1,EV_B13_C008_Mototaxi_Electrica_P09,5.0,71.57949996225778,-1.0,27.532867085172487
1,EV_B13_C008_Mototaxi_Electrica_P09,4.0,71.57949996225778,-1.0,27.532867085172487
1,EV_B13_C008_Mototaxi_Electrica_P09,3.0,71.57949996225778,-1.0,27.532867085172487
1,EV_B13_C008_Mototaxi_Electrica_P09,2.0,71.57949996225778,-1.0,27.532867085172487
1,EV_B13_C008_Mototaxi_Electrica_P09,1.0,71.57949996225778,-1.0,27.532867085172487
1,EV_B13_C008_Mototaxi_Electrica_P09,0.0,71.57949996225778,-1.0,27.532867085172487
3,NONE,-1.0,-0.1,-1.0,-0.1
3,NONE,-1.0,-0.1,-1.0,-0.1
3,NONE,-1.0,-0.1,-1.0,-0.1
3,NONE,-1.0,-0.1,-1.0,-0.1
3,NONE,-1.0,-0.1,-1.0,-0.1
3,NONE,-1.0,-0.1,-1.0,-0.1
3,NONE,-1.0,-0.1,-1.0,-0.1
3,NONE,-1.0,-0.1,-1.0,-0.1
3,NONE,-1.0,-0.1,-1.0,-0.1
3,NONE,-1.0,-0.1,-1.0,-0.1
3,NONE,-1.0,-0.1,-1.0,-0.1
3,NONE,-1.0,-0.1,-1.0,-0.1
3,NONE,-1.0,-0.1,-1.0,-0.1
3,NONE,-1.0,-0.1,-1.0,-0.1
3,NONE,-1.0,-0.1,-1.0,-0.1
3,NONE,-1.0,-0.1,-1.0,-0.1
2,EV_B13_C008_Mototaxi_Electrica_P10,-1.0,-0.1,8.0,56.62785633697078
1,EV_B13_C008_Mototaxi_Electrica_P10,6.0,84.69462193616835,-1.0,56.62785633697078
1,EV_B13_C008_Mototaxi_Electrica_P10,5.0,84.69462193616835,-1.0,56.62785633697078
1,EV_B13_C008_Mototaxi_Electrica_P10,4.0,84.69462193616835,-1.0,56.62785633697078
1,EV_B13_C008_Mototaxi_Electrica_P10,3.0,84.69462193616835,-1.0,56.62785633697078
1,EV_B13_C008_Mototaxi_Electrica_P10,2.0,84.69462193616835,-1.0,56.62785633697078
1,EV_B13_C008_Mototaxi_Electrica_P10,1.0,84.69462193616835,-1.0,56.62785633697078
1,EV_B13_C008_Mototaxi_Electrica_P10,0.0,84.69462193616835,-1.0,56.62785633697078
3,NONE,-1.0,-0.1,-1.0,-0.1
3,NONE,-1.0,-0.1,-1.0,-0.1
3,NONE,-1.0,-0.1,-1.0,-0.1
3,NONE,-1.0,-0.1,-1.0,-0.1
3,NONE,-1.0,-0.1,-1.0,-0.1
3,NONE,-1.0,-0.1,-1.0,-0.1
3,NONE,-1.0,-0.1,-1.0,-0.1
3,NONE,-1.0,-0.1,-1.0,-0.1
3,NONE,-1.0,-0.1,-1.0,-0.1
3,NONE,-1.0,-0.1,-1.0,-0.1
3,NONE,-1.0,-0.1,-1.0,-0.1
3,NONE,-1.0,-0.1,-1.0,-0.1
3,NONE,-1.0,-0.1,-1.0,-0.1
3,NONE,-1.0,-0.1,-1.0,-0.1
3,NONE,-1.0,-0.1,-1.0,-0.1
3,NONE,-1.0,-0.1,-1.0,-0.1
2,EV_B13_C008_Mototaxi_Electrica_P01,-1.0,-0.1,8.0,39.38042404032474
1,EV_B13_C008_Mototaxi_Electrica_P01,6.0,77.57061512698316,-1.0,39.38042404032474
1,EV_B13_C008_Mototaxi_Electrica_P01,5.0,77.57061512698316,-1.0,39.38042404032474
1,EV_B13_C008_Mototaxi_Electrica_P01,4.0,77.57061512698316,-1.0,39.38042404032474
1,EV_B13_C008_Mototaxi_Electrica_P01,3.0,77.57061512698316,-1.0,39.38042404032474
1,EV_B13_C008_Mototaxi_Electrica_P01,2.0,77.57061512698316,-1.0,39.38042404032474
1,EV_B13_C008_Mototaxi_Electrica_P01,1.0,77.57061512698316,-1.0,39.38042404032474
1,EV_B13_C008_Mototaxi_Electrica_P01,0.0,77.57061512698316,-1.0,39.38042404032474
3,NONE,-1.0,-0.1,-1.0,-0.1
3,NONE,-1.0,-0.1,-1.0,-0.1
3,NONE,-1.0,-0.1,-1.0,-0.1
3,NONE,-1.0,-0.1,-1.0,-0.1
3,NONE,-1.0,-0.1,-1.0,-0.1
3,NONE,-1.0,-0.1,-1.0,-0.1
3,NONE,-1.0,-0.1,-1.0,-0.1
3,NONE,-1.0,-0.1,-1.0,-0.1
3,NONE,-1.0,-0.1,-1.0,-0.1
3,NONE,-1.0,-0.1,-1.0,-0.1
3,NONE,-1.0,-0.1,-1.0,-0.1
3,NONE,-1.0,-0.1,-1.0,-0.1
3,NONE,-1.0,-0.1,-1.0,-0.1
3,NONE,-1.0,-0.1,-1.0,-0.1
3,NONE,-1.0,-0.1,-1.0,-0.1
3,NONE,-1.0,-0.1,-1.0,-0.1
3,NONE,-1.0,-0.1,-1.0,-0.1
3,NONE,-1.0,-0.1,-1.0,-0.1
3,NONE,-1.0,-0.1,-1.0,-0.1
3,NONE,-1.0,-0.1,-1.0,-0.1
3,NONE,-1.0,-0.1,-1.0,-0.1
3,NONE,-1.0,-0.1,-1.0,-0.1
3,NONE,-1.0,-0.1,-1.0,-0.1
3,NONE,-1.0,-0.1,-1.0,-0.1
3,NONE,-1.0,-0.1,-1.0,-0.1
3,NONE,-1.0,-0.1,-1.0,-0.1
3,NONE,-1.0,-0.1,-1.0,-0.1
3,NONE,-1.0,-0.1,-1.0,-0.1
3,NONE,-1.0,-0.1,-1.0,-0.1
3,NONE,-1.0,-0.1,-1.0,-0.1
3,NONE,-1.0,-0.1,-1.0,-0.1
3,NONE,-1.0,-0.1,-1.0,-0.1
3,NONE,-1.0,-0.1,-1.0,-0.1
3,NONE,-1.0,-0.1,-1.0,-0.1
3,NONE,-1.0,-0.1,-1.0,-0.1
3,NONE,-1.0,-0.1,-1.0,-0.1
3,NONE,-1.0,-0.1,-1.0,-0.1
3,NONE,-1.0,-0.1,-1.0,-0.1
3,NONE,-1.0,-0.1,-1.0,-0.1
2,EV_B13_C008_Mototaxi_Electrica_P02,-1.0,-0.1,7.0,5.0
1,EV_B13_C008_Mototaxi_Electrica_P02,6.0,85.29945731995213,-1.0,5.0
1,EV_B13_C008_Mototaxi_Electrica_P02,5.0,85.29945731995213,-1.0,5.0
1,EV_B13_C008_Mototaxi_Electrica_P02,4.0,85.29945731995213,-1.0,5.0
1,EV_B13_C008_Mototaxi_Electrica_P02,3.0,85.29945731995213,-1.0,5.0
1,EV_B13_C008_Mototaxi_Electrica_P02,2.0,85.29945731995213,-1.0,5.0
1,EV_B13_C008_Mototaxi_Electrica_P02,1.0,85.29945731995213,-1.0,5.0
1,EV_B13_C008_Mototaxi_Electrica_P02,0.0,85.29945731995213,-1.0,5.0
3,NONE,-1.0,-0.1,-1.0,-0.1
3,NONE,-1.0,-0.1,-1.0,-0.1
3,NONE,-1.0,-0.1,-1.0,-0.1
3,NONE,-1.0,-0.1,-1.0,-0.1
3,NONE,-1.0,-0.1,-1.0,-0.1
3,NONE,-1.0,-0.1,-1.0,-0.1
3,NONE,-1.0,-0.1,-1.0,-0.1
3,NONE,-1.0,-0.1,-1.0,-0.1
3,NONE,-1.0,-0.1,-1.0,-0.1
3,NONE,-1.0,-0.1,-1.0,-0.1
3,NONE,-1.0,-0.1,-1.0,-0.1
3,NONE,-1.0,-0.1,-1.0,-0.1
3,NONE,-1.0,-0.1,-1.0,-0.1
3,NONE,-1.0,-0.1,-1.0,-0.1
3,NONE,-1.0,-0.1,-1.0,-0.1
3,NONE,-1.0,-0.1,-1.0,-0.1
3,NONE,-1.0,-0.1,-1.0,-0.1
3,NONE,-1.0,-0.1,-1.0,-0.1
3,NONE,-1.0,-0.1,-1.0,-0.1
3,NONE,-1.0,-0.1,-1.0,-0.1
3,NONE,-1.0,-0.1,-1.0,-0.1
3,NONE,-1.0,-0.1,-1.0,-0.1
3,NONE,-1.0,-0.1,-1.0,-0.1
3,NONE,-1.0,-0.1,-1.0,-0.1
3,NONE,-1.0,-0.1,-1.0,-0.1
3,NONE,-1.0,-0.1,-1.0,-0.1
3,NONE,-1.0,-0.1,-1.0,-0.1
3,NONE,-1.0,-0.1,-1.0,-0.1
3,NONE,-1.0,-0.1,-1.0,-0.1
3,NONE,-1.0,-0.1,-1.0,-0.1
3,NONE,-1.0,-0.1,-1.0,-0.1
3,NONE,-1.0,-0.1,-1.0,-0.1
3,NONE,-1.0,-0.1,-1.0,-0.1
3,NONE,-1.0,-0.1,-1.0,-0.1
3,NONE,-1.0,-0.1,-1.0,-0.1
3,NONE,-1.0,-0.1,-1.0,-0.1
3,NONE,-1.0,-0.1,-1.0,-0.1
3,NONE,-1.0,-0.1,-1.0,-0.1
3,NONE,-1.0,-0.1,-1.0,-0.1
3,NONE,-1.0,-0.1,-1.0,-0.1
3,NONE,-1.0,-0.1,-1.0,-0.1
3,NONE,-1.0,-0.1,-1.0,-0.1
3,NONE,-1.0,-0.1,-1.0,-0.1
3,NONE,-1.0,-0.1,-1.0,-0.1
3,NONE,-1.0,-0.1,-1.0,-0.1
3,NONE,-1.0,-0.1,-1.0,-0.1
3,NONE,-1.0,-0.1,-1.0,-0.1
3,NONE,-1.0,-0.1,-1.0,-0.1
3,NONE,-1.0,-0.1,-1.0,-0.1
3,NONE,-1.0,-0.1,-1.0,-0.1
3,NONE,-1.0,-0.1,-1.0,-0.1
3,NONE,-1.0,-0.1,-1.0,-0.1
3,NONE,-1.0,-0.1,-1.0,-0.1
3,NONE,-1.0,-0.1,-1.0,-0.1
3,NONE,-1.0,-0.1,-1.0,-0.1
3,NONE,-1.0,-0.1,-1.0,-0.1
3,NONE,-1.0,-0.1,-1.0,-0.1
3,NONE,-1.0,-0.1,-1.0,-0.1
3,NONE,-1.0,-0.1,-1.0,-0.1
3,NONE,-1.0,-0.1,-1.0,-0.1
3,NONE,-1.0,-0.1,-1.0,-0.1
3,NONE,-1.0,-0.1,-1.0,-0.1
3,NONE,-1.0,-0.1,-1.0,-0.1
3,NONE,-1.0,-0.1,-1.0,-0.1
3,NONE,-1.0,-0.1,-1.0,-0.1
3,NONE,-1.0,-0.1,-1.0,-0.1
2,EV_B13_C008_Mototaxi_Electrica_P03,-1.0,-0.1,9.0,20.182312292840383
1,EV_B13_C008_Mototaxi_Electrica_P03,5.0,91.26393091185896,-1.0,20.182312292840383
1,EV_B13_C008_Mototaxi_Electrica_P03,4.0,91.26393091185896,-1.0,20.182312292840383
1,EV_B13_C008_Mototaxi_Electrica_P03,3.0,91.26393091185896,-1.0,20.182312292840383
1,EV_B13_C008_Mototaxi_Electrica_P03,2.0,91.26393091185896,-1.0,20.182312292840383
1,EV_B13_C008_Mototaxi_Electrica_P03,1.0,91.26393091185896,-1.0,20.182312292840383
1,EV_B13_C008_Mototaxi_Electrica_P03,0.0,91.26393091185896,-1.0,20.182312292840383
3,NONE,-1.0,-0.1,-1.0,-0.1
3,NONE,-1.0,-0.1,-1.0,-0.1
3,NONE,-1.0,-0.1,-1.0,-0.1
3,NONE,-1.0,-0.1,-1.0,-0.1
3,NONE,-1.0,-0.1,-1.0,-0.1
3,NONE,-1.0,-0.1,-1.0,-0.1
3,NONE,-1.0,-0.1,-1.0,-0.1
3,NONE,-1.0,-0.1,-1.0,-0.1
3,NONE,-1.0,-0.1,-1.0,-0.1
3,NONE,-1.0,-0.1,-1.0,-0.1
3,NONE,-1.0,-0.1,-1.0,-0.1
3,NONE,-1.0,-0.1,-1.0,-0.1
3,NONE,-1.0,-0.1,-1.0,-0.1
3,NONE,-1.0,-0.1,-1.0,-0.1
3,NONE,-1.0,-0.1,-1.0,-0.1
3,NONE,-1.0,-0.1,-1.0,-0.1
3,NONE,-1.0,-0.1,-1.0,-0.1
3,NONE,-1.0,-0.1,-1.0,-0.1
3,NONE,-1.0,-0.1,-1.0,-0.1
3,NONE,-1.0,-0.1,-1.0,-0.1
3,NONE,-1.0,-0.1,-1.0,-0.1
3,NONE,-1.0,-0.1,-1.0,-0.1
3,NONE,-1.0,-0.1,-1.0,-0.1
3,NONE,-1.0,-0.1,-1.0,-0.1
3,NONE,-1.0,-0.1,-1.0,-0.1
3,NONE,-1.0,-0.1,-1.0,-0.1
3,NONE,-1.0,-0.1,-1.0,-0.1
3,NONE,-1.0,-0.1,-1.0,-0.1
3,NONE,-1.0,-0.1,-1.0,-0.1
3,NONE,-1.0,-0.1,-1.0,-0.1
3,NONE,-1.0,-0.1,-1.0,-0.1
3,NONE,-1.0,-0.1,-1.0,-0.1
3,NONE,-1.0,-0.1,-1.0,-0.1
3,NONE,-1.0,-0.1,-1.0,-0.1
3,NONE,-1.0,-0.1,-1.0,-0.1
3,NONE,-1.0,-0.1,-1.0,-0.1
3,NONE,-1.0,-0.1,-1.0,-0.1
3,NONE,-1.0,-0.1,-1.0,-0.1
3,NONE,-1.0,-0.1,-1.0,-0.1
3,NONE,-1.0,-0.1,-1.0,-0.1
3,NONE,-1.0,-0.1,-1.0,-0.1
3,NONE,-1.0,-0.1,-1.0,-0.1
3,NONE,-1.0,-0.1,-1.0,-0.1
3,NONE,-1.0,-0.1,-1.0,-0.1
3,NONE,-1.0,-0.1,-1.0,-0.1
3,NONE,-1.0,-0.1,-1.0,-0.1
3,NONE,-1.0,-0.1,-1.0,-0.1
3,NONE,-1.0,-0.1,-1.0,-0.1
3,NONE,-1.0,-0.1,-1.0,-0.1
3,NONE,-1.0,-0.1,-1.0,-0.1
3,NONE,-1.0,-0.1,-1.0,-0.1
3,NONE,-1.0,-0.1,-1.0,-0.1
3,NONE,-1.0,-0.1,-1.0,-0.1
3,NONE,-1.0,-0.1,-1.0,-0.1
3,NONE,-1.0,-0.1,-1.0,-0.1
3,NONE,-1.0,-0.1,-1.0,-0.1
3,NONE,-1.0,-0.1,-1.0,-0.1
3,NONE,-1.0,-0.1,-1.0,-0.1
3,NONE,-1.0,-0.1,-1.0,-0.1
3,NONE,-1.0,-0.1,-1.0,-0.1
3,NONE,-1.0,-0.1,-1.0,-0.1
3,NONE,-1.0,-0.1,-1.0,-0.1
3,NONE,-1.0,-0.1,-1.0,-0.1
3,NONE,-1.0,-0.1,-1.0,-0.1
2,EV_B13_C008_Mototaxi_Electrica_P04,-1.0,-0.1,8.0,42.974900576177134
1,EV_B13_C008_Mototaxi_Electrica_P04,6.0,82.875751073413,-1.0,42.974900576177134
1,EV_B13_C008_Mototaxi_Electrica_P04,5.0,82.875751073413,-1.0,42.974900576177134
1,EV_B13_C008_Mototaxi_Electrica_P04,4.0,82.875751073413,-1.0,42.974900576177134
1,EV_B13_C008_Mototaxi_Electrica_P04,3.0,82.875751073413,-1.0,42.974900576177134
1,EV_B13_C008_Mototaxi_Electrica_P04,2.0,82.875751073413,-1.0,42.974900576177134
1,EV_B13_C008_Mototaxi_Electrica_P04,1.0,82.875751073413,-1.0,42.974900576177134
1,EV_B13_C008_Mototaxi_Electrica_P04,0.0,82.875751073413,-1.0,42.974900576177134
3,NONE,-1.0,-0.1,-1.0,-0.1
3,NONE,-1.0,-0.1,-1.0,-0.1
3,NONE,-1.0,-0.1,-1.0,-0.1
3,NONE,-1.0,-0.1,-1.0,-0.1
3,NONE,-1.0,-0.1,-1.0,-0.1
3,NONE,-1.0,-0.1,-1.0,-0.1
3,NONE,-1.0,-0.1,-1.0,-0.1
3,NONE,-1.0,-0.1,-1.0,-0.1
3,NONE,-1.0,-0.1,-1.0,-0.1
3,NONE,-1.0,-0.1,-1.0,-0.1
3,NONE,-1.0,-0.1,-1.0,-0.1
3,NONE,-1.0,-0.1,-1.0,-0.1
3,NONE,-1.0,-0.1,-1.0,-0.1
3,NONE,-1.0,-0.1,-1.0,-0.1
3,NONE,-1.0,-0.1,-1.0,-0.1
2,EV_B13_C008_Mototaxi_Electrica_P05,-1.0,-0.1,7.0,45.80334890938702
1,EV_B13_C008_Mototaxi_Electrica_P05,7.0,86.82731395155257,-1.0,45.80334890938702
1,EV_B13_C008_Mototaxi_Electrica_P05,6.0,86.82731395155257,-1.0,45.80334890938702
1,EV_B13_C008_Mototaxi_Electrica_P05,5.0,86.82731395155257,-1.0,45.80334890938702
1,EV_B13_C008_Mototaxi_Electrica_P05,4.0,86.82731395155257,-1.0,45.80334890938702
1,EV_B13_C008_Mototaxi_Electrica_P05,3.0,86.82731395155257,-1.0,45.80334890938702
1,EV_B13_C008_Mototaxi_Electrica_P05,2.0,86.82731395155257,-1.0,45.80334890938702
1,EV_B13_C008_Mototaxi_Electrica_P05,1.0,86.82731395155257,-1.0,45.80334890938702
1,EV_B13_C008_Mototaxi_Electrica_P05,0.0,86.82731395155257,-1.0,45.80334890938702
3,NONE,-1.0,-0.1,-1.0,-0.1
3,NONE,-1.0,-0.1,-1.0,-0.1
3,NONE,-1.0,-0.1,-1.0,-0.1
3,NONE,-1.0,-0.1,-1.0,-0.1
3,NONE,-1.0,-0.1,-1.0,-0.1
3,NONE,-1.0,-0.1,-1.0,-0.1
3,NONE,-1.0,-0.1,-1.0,-0.1
3,NONE,-1.0,-0.1,-1.0,-0.1
3,NONE,-1.0,-0.1,-1.0,-0.1
3,NONE,-1.0,-0.1,-1.0,-0.1
3,NONE,-1.0,-0.1,-1.0,-0.1
3,NONE,-1.0,-0.1,-1.0,-0.1
3,NONE,-1.0,-0.1,-1.0,-0.1
3,NONE,-1.0,-0.1,-1.0,-0.1
3,NONE,-1.0,-0.1,-1.0,-0.1
3,NONE,-1.0,-0.1,-1.0,-0.1
3,NONE,-1.0,-0.1,-1.0,-0.1
3,NONE,-1.0,-0.1,-1.0,-0.1
3,NONE,-1.0,-0.1,-1.0,-0.1
3,NONE,-1.0,-0.1,-1.0,-0.1
3,NONE,-1.0,-0.1,-1.0,-0.1
3,NONE,-1.0,-0.1,-1.0,-0.1
3,NONE,-1.0,-0.1,-1.0,-0.1
3,NONE,-1.0,-0.1,-1.0,-0.1
3,NONE,-1.0,-0.1,-1.0,-0.1
3,NONE,-1.0,-0.1,-1.0,-0.1
3,NONE,-1.0,-0.1,-1.0,-0.1
3,NONE,-1.0,-0.1,-1.0,-0.1
3,NONE,-1.0,-0.1,-1.0,-0.1
3,NONE,-1.0,-0.1,-1.0,-0.1
3,NONE,-1.0,-0.1,-1.0,-0.1
3,NONE,-1.0,-0.1,-1.0,-0.1
3,NONE,-1.0,-0.1,-1.0,-0.1
3,NONE,-1.0,-0.1,-1.0,-0.1
3,NONE,-1.0,-0.1,-1.0,-0.1
3,NONE,-1.0,-0.1,-1.0,-0.1
3,NONE,-1.0,-0.1,-1.0,-0.1
3,NONE,-1.0,-0.1,-1.0,-0.1
3,NONE,-1.0,-0.1,-1.0,-0.1
3,NONE,-1.0,-0.1,-1.0,-0.1
3,NONE,-1.0,-0.1,-1.0,-0.1
3,NONE,-1.0,-0.1,-1.0,-0.1
3,NONE,-1.0,-0.1,-1.0,-0.1
3,NONE,-1.0,-0.1,-1.0,-0.1
3,NONE,-1.0,-0.1,-1.0,-0.1
3,NONE,-1.0,-0.1,-1.0,-0.1
3,NONE,-1.0,-0.1,-1.0,-0.1
3,NONE,-1.0,-0.1,-1.0,-0.1
3,NONE,-1.0,-0.1,-1.0,-0.1
3,NONE,-1.0,-0.1,-1.0,-0.1
3,NONE,-1.0,-0.1,-1.0,-0.1
3,NONE,-1.0,-0.1,-1.0,-0.1
3,NONE,-1.0,-0.1,-1.0,-0.1
3,NONE,-1.0,-0.1,-1.0,-0.1
3,NONE,-1.0,-0.1,-1.0,-0.1
3,NONE,-1.0,-0.1,-1.0,-0.1
3,NONE,-1.0,-0.1,-1.0,-0.1
3,NONE,-1.0,-0.1,-1.0,-0.1
3,NONE,-1.0,-0.1,-1.0,-0.1
3,NONE,-1.0,-0.1,-1.0,-0.1
3,NONE,-1.0,-0.1,-1.0,-0.1
3,NONE,-1.0,-0.1,-1.0,-0.1
3,NONE,-1.0,-0.1,-1.0,-0.1
3,NONE,-1.0,-0.1,-1.0,-0.1
2,EV_B13_C008_Mototaxi_Electrica_P06,-1.0,-0.1,8.0,45.18119373093859
1,EV_B13_C008_Mototaxi_Electrica_P06,6.0,91.1286707905947,-1.0,45.18119373093859
1,EV_B13_C008_Mototaxi_Electrica_P06,5.0,91.1286707905947,-1.0,45.18119373093859
1,EV_B13_C008_Mototaxi_Electrica_P06,4.0,91.1286707905947,-1.0,45.18119373093859
1,EV_B13_C008_Mototaxi_Electrica_P06,3.0,91.1286707905947,-1.0,45.18119373093859
1,EV_B13_C008_Mototaxi_Electrica_P06,2.0,91.1286707905947,-1.0,45.18119373093859
1,EV_B13_C008_Mototaxi_Electrica_P06,1.0,91.1286707905947,-1.0,45.18119373093859
1,EV_B13_C008_Mototaxi_Electrica_P06,0.0,91.1286707905947,-1.0,45.18119373093859
3,NONE,-1.0,-0.1,-1.0,-0.1
3,NONE,-1.0,-0.1,-1.0,-0.1
3,NONE,-1.0,-0.1,-1.0,-0.1
3,NONE,-1.0,-0.1,-1.0,-0.1
3,NONE,-1.0,-0.1,-1.0,-0.1
3,NONE,-1.0,-0.1,-1.0,-0.1
3,NONE,-1.0,-0.1,-1.0,-0.1
3,NONE,-1.0,-0.1,-1.0,-0.1
3,NONE,-1.0,-0.1,-1.0,-0.1
3,NONE,-1.0,-0.1,-1.0,-0.1
3,NONE,-1.0,-0.1,-1.0,-0.1
3,NONE,-1.0,-0.1,-1.0,-0.1
3,NONE,-1.0,-0.1,-1.0,-0.1
3,NONE,-1.0,-0.1,-1.0,-0.1
3,NONE,-1.0,-0.1,-1.0,-0.1
3,NONE,-1.0,-0.1,-1.0,-0.1
3,NONE,-1.0,-0.1,-1.0,-0.1
2,EV_B13_C008_Mototaxi_Electrica_P07,-1.0,-0.1,9.0,47.63265607384725
1,EV_B13_C008_Mototaxi_Electrica_P07,5.0,91.23611810753525,-1.0,47.63265607384725
1,EV_B13_C008_Mototaxi_Electrica_P07,4.0,91.23611810753525,-1.0,47.63265607384725
1,EV_B13_C008_Mototaxi_Electrica_P07,3.0,91.23611810753525,-1.0,47.63265607384725
1,EV_B13_C008_Mototaxi_Electrica_P07,2.0,91.23611810753525,-1.0,47.63265607384725
1,EV_B13_C008_Mototaxi_Electrica_P07,1.0,91.23611810753525,-1.0,47.63265607384725
1,EV_B13_C008_Mototaxi_Electrica_P07,0.0,91.23611810753525,-1.0,47.63265607384725
3,NONE,-1.0,-0.1,-1.0,-0.1
3,NONE,-1.0,-0.1,-1.0,-0.1
3,NONE,-1.0,-0.1,-1.0,-0.1
3,NONE,-1.0,-0.1,-1.0,-0.1
3,NONE,-1.0,-0.1,-1.0,-0.1
3,NONE,-1.0,-0.1,-1.0,-0.1
3,NONE,-1.0,-0.1,-1.0,-0.1
3,NONE,-1.0,-0.1,-1.0,-0.1
3,NONE,-1.0,-0.1,-1.0,-0.1
3,NONE,-1.0,-0.1,-1.0,-0.1
3,NONE,-1.0,-0.1,-1.0,-0.1
3,NONE,-1.0,-0.1,-1.0,-0.1
3,NONE,-1.0,-0.1,-1.0,-0.1
3,NONE,-1.0,-0.1,-1.0,-0.1
3,NONE,-1.0,-0.1,-1.0,-0.1
3,NONE,-1.0,-0.1,-1.0,-0.1
3,NONE,-1.0,-0.1,-1.0,-0.1
3,NONE,-1.0,-0.1,-1.0,-0.1
2,EV_B13_C008_Mototaxi_Electrica_P08,-1.0,-0.1,10.0,30.093678589859433
1,EV_B13_C008_Mototaxi_Electrica_P08,4.0,70.2489128816251,-1.0,30.093678589859433
1,EV_B13_C008_Mototaxi_Electrica_P08,3.0,70.2489128816251,-1.0,30.093678589859433
1,EV_B13_C008_Mototaxi_Electrica_P08,2.0,70.2489128816251,-1.0,30.093678589859433
1,EV_B13_C008_Mototaxi_Electrica_P08,1.0,70.2489128816251,-1.0,30.093678589859433
1,EV_B13_C008_Mototaxi_Electrica_P08,0.0,70.2489128816251,-1.0,30.093678589859433
3,NONE,-1.0,-0.1,-1.0,-0.1
3,NONE,-1.0,-0.1,-1.0,-0.1
3,NONE,-1.0,-0.1,-1.0,-0.1
3,NONE,-1.0,-0.1,-1.0,-0.1
3,NONE,-1.0,-0.1,-1.0,-0.1
3,NONE,-1.0,-0.1,-1.0,-0.1
3,NONE,-1.0,-0.1,-1.0,-0.1
3,NONE,-1.0,-0.1,-1.0,-0.1
3,NONE,-1.0,-0.1,-1.0,-0.1
3,NONE,-1.0,-0.1,-1.0,-0.1
3,NONE,-1.0,-0.1,-1.0,-0.1
3,NONE,-1.0,-0.1,-1.0,-0.1
3,NONE,-1.0,-0.1,-1.0,-0.1
3,NONE,-1.0,-0.1,-1.0,-0.1
3,NONE,-1.0,-0.1,-1.0,-0.1
3,NONE,-1.0,-0.1,-1.0,-0.1
2,EV_B13_C008_Mototaxi_Electrica_P09,-1.0,-0.1,8.0,50.41375056466995
1,EV_B13_C008_Mototaxi_Electrica_P09,6.0,81.86601350940838,-1.0,50.41375056466995
1,EV_B13_C008_Mototaxi_Electrica_P09,5.0,81.86601350940838,-1.0,50.41375056466995
1,EV_B13_C008_Mototaxi_Electrica_P09,4.0,81.86601350940838,-1.0,50.41375056466995
1,EV_B13_C008_Mototaxi_Electrica_P09,3.0,81.86601350940838,-1.0,50.41375056466995
1,EV_B13_C008_Mototaxi_Electrica_P09,2.0,81.86601350940838,-1.0,50.41375056466995
1,EV_B13_C008_Mototaxi_Electrica_P09,1.0,81.86601350940838,-1.0,50.41375056466995
1,EV_B13_C008_Mototaxi_Electrica_P09,0.0,81.86601350940838,-1.0,50.41375056466995
3,NONE,-1.0,-0.1,-1.0,-0.1
3,NONE,-1.0,-0.1,-1.0,-0.1
3,NONE,-1.0,-0.1,-1.0,-0.1
3,NONE,-1.0,-0.1,-1.0,-0.1
3,NONE,-1.0,-0.1,-1.0,-0.1
3,NONE,-1.0,-0.1,-1.0,-0.1
3,NONE,-1.0,-0.1,-1.0,-0.1
3,NONE,-1.0,-0.1,-1.0,-0.1
3,NONE,-1.0,-0.1,-1.0,-0.1
3,NONE,-1.0,-0.1,-1.0,-0.1
3,NONE,-1.0,-0.1,-1.0,-0.1
3,NONE,-1.0,-0.1,-1.0,-0.1
3,NONE,-1.0,-0.1,-1.0,-0.1
3,NONE,-1.0,-0.1,-1.0,-0.1
3,NONE,-1.0,-0.1,-1.0,-0.1
3,NONE,-1.0,-0.1,-1.0,-0.1
2,EV_B13_C008_Mototaxi_Electrica_P10,-1.0,-0.1,8.0,36.515975921952055
1,EV_B13_C008_Mototaxi_Electrica_P10,6.0,80.57068801327908,-1.0,36.515975921952055
1,EV_B13_C008_Mototaxi_Electrica_P10,5.0,80.57068801327908,-1.0,36.515975921952055
1,EV_B13_C008_Mototaxi_Electrica_P10,4.0,80.57068801327908,-1.0,36.515975921952055
1,EV_B13_C008_Mototaxi_Electrica_P10,3.0,80.57068801327908,-1.0,36.515975921952055
1,EV_B13_C008_Mototaxi_Electrica_P10,2.0,80.57068801327908,-1.0,36.515975921952055
1,EV_B13_C008_Mototaxi_Electrica_P10,1.0,80.57068801327908,-1.0,36.515975921952055
1,EV_B13_C008_Mototaxi_Electrica_P10,0.0,80.57068801327908,-1.0,36.515975921952055
3,NONE,-1.0,-0.1,-1.0,-0.1
3,NONE,-1.0,-0.1,-1.0,-0.1
3,NONE,-1.0,-0.1,-1.0,-0.1
3,NONE,-1.0,-0.1,-1.0,-0.1
3,NONE,-1.0,-0.1,-1.0,-0.1
3,NONE,-1.0,-0.1,-1.0,-0.1
3,NONE,-1.0,-0.1,-1.0,-0.1
3,NONE,-1.0,-0.1,-1.0,-0.1
3,NONE,-1.0,-0.1,-1.0,-0.1
3,NONE,-1.0,-0.1,-1.0,-0.1
3,NONE,-1.0,-0.1,-1.0,-0.1
3,NONE,-1.0,-0.1,-1.0,-0.1
3,NONE,-1.0,-0.1,-1.0,-0.1
3,NONE,-1.0,-0.1,-1.0,-0.1
3,NONE,-1.0,-0.1,-1.0,-0.1
3,NONE,-1.0,-0.1,-1.0,-0.1
3,NONE,-1.0,-0.1,-1.0,-0.1
3,NONE,-1.0,-0.1,-1.0,-0.1
3,NONE,-1.0,-0.1,-1.0,-0.1
3,NONE,-1.0,-0.1,-1.0,-0.1
3,NONE,-1.0,-0.1,-1.0,-0.1
3,NONE,-1.0,-0.1,-1.0,-0.1
3,NONE,-1.0,-0.1,-1.0,-0.1
3,NONE,-1.0,-0.1,-1.0,-0.1
3,NONE,-1.0,-0.1,-1.0,-0.1
3,NONE,-1.0,-0.1,-1.0,-0.1
3,NONE,-1.0,-0.1,-1.0,-0.1
3,NONE,-1.0,-0.1,-1.0,-0.1
3,NONE,-1.0,-0.1,-1.0,-0.1
3,NONE,-1.0,-0.1,-1.0,-0.1
3,NONE,-1.0,-0.1,-1.0,-0.1
3,NONE,-1.0,-0.1,-1.0,-0.1
3,NONE,-1.0,-0.1,-1.0,-0.1
3,NONE,-1.0,-0.1,-1.0,-0.1
3,NONE,-1.0,-0.1,-1.0,-0.1
3,NONE,-1.0,-0.1,-1.0,-0.1
3,NONE,-1.0,-0.1,-1.0,-0.1
3,NONE,-1.0,-0.1,-1.0,-0.1
3,NONE,-1.0,-0.1,-1.0,-0.1
3,NONE,-1.0,-0.1,-1.0,-0.1
3,NONE,-1.0,-0.1,-1.0,-0.1
3,NONE,-1.0,-0.1,-1.0,-0.1
3,NONE,-1.0,-0.1,-1.0,-0.1
3,NONE,-1.0,-0.1,-1.0,-0.1
3,NONE,-1.0,-0.1,-1.0,-0.1
3,NONE,-1.0,-0.1,-1.0,-0.1
3,NONE,-1.0,-0.1,-1.0,-0.1
3,NONE,-1.0,-0.1,-1.0,-0.1
3,NONE,-1.0,-0.1,-1.0,-0.1
3,NONE,-1.0,-0.1,-1.0,-0.1
3,NONE,-1.0,-0.1,-1.0,-0.1
3,NONE,-1.0,-0.1,-1.0,-0.1
3,NONE,-1.0,-0.1,-1.0,-0.1
3,NONE,-1.0,-0.1,-1.0,-0.1
3,NONE,-1.0,-0.1,-1.0,-0.1
3,NONE,-1.0,-0.1,-1.0,-0.1
3,NONE,-1.0,-0.1,-1.0,-0.1
3,NONE,-1.0,-0.1,-1.0,-0.1
3,NONE,-1.0,-0.1,-1.0,-0.1
3,NONE,-1.0,-0.1,-1.0,-0.1
3,NONE,-1.0,-0.1,-1.0,-0.1
3,NONE,-1.0,-0.1,-1.0,-0.1
3,NONE,-1.0,-0.1,-1.0,-0.1
3,NONE,-1.0,-0.1,-1.0,-0.1
3,NONE,-1.0,-0.1,-1.0,-0.1
3,NONE,-1.0,-0.1,-1.0,-0.1
3,NONE,-1.0,-0.1,-1.0,-0.1
3,NONE,-1.0,-0.1,-1.0,-0.1
3,NONE,-1.0,-0.1,-1.0,-0.1
3,NONE,-1.0,-0.1,-1.0,-0.1
3,NONE,-1.0,-0.1,-1.0,-0.1
3,NONE,-1.0,-0.1,-1.0,-0.1
3,NONE,-1.0,-0.1,-1.0,-0.1
3,NONE,-1.0,-0.1,-1.0,-0.1
3,NONE,-1.0,-0.1,-1.0,-0.1
3,NONE,-1.0,-0.1,-1.0,-0.1
3,NONE,-1.0,-0.1,-1.0,-0.1
3,NONE,-1.0,-0.1,-1.0,-0.1
3,NONE,-1.0,-0.1,-1.0,-0.1
3,NONE,-1.0,-0.1,-1.0,-0.1
3,NONE,-1.0,-0.1,-1.0,-0.1
3,NONE,-1.0,-0.1,-1.0,-0.1
3,NONE,-1.0,-0.1,-1.0,-0.1
3,NONE,-1.0,-0.1,-1.0,-0.1
3,NONE,-1.0,-0.1,-1.0,-0.1
3,NONE,-1.0,-0.1,-1.0,-0.1
3,NONE,-1.0,-0.1,-1.0,-0.1
3,NONE,-1.0,-0.1,-1.0,-0.1
3,NONE,-1.0,-0.1,-1.0,-0.1
2,EV_B13_C008_Mototaxi_Electrica_P01,-1.0,-0.1,9.0,51.16209205089905
1,EV_B13_C008_Mototaxi_Electrica_P01,5.0,87.06344923516241,-1.0,51.16209205089905
1,EV_B13_C008_Mototaxi_Electrica_P01,4.0,87.06344923516241,-1.0,51.16209205089905
1,EV_B13_C008_Mototaxi_Electrica_P01,3.0,87.06344923516241,-1.0,51.16209205089905
1,EV_B13_C008_Mototaxi_Electrica_P01,2.0,87.06344923516241,-1.0,51.16209205089905
1,EV_B13_C008_Mototaxi_Electrica_P01,1.0,87.06344923516241,-1.0,51.16209205089905
1,EV_B13_C008_Mototaxi_Electrica_P01,0.0,87.06344923516241,-1.0,51.16209205089905
3,NONE,-1.0,-0.1,-1.0,-0.1
3,NONE,-1.0,-0.1,-1.0,-0.1
3,NONE,-1.0,-0.1,-1.0,-0.1
3,NONE,-1.0,-0.1,-1.0,-0.1
3,NONE,-1.0,-0.1,-1.0,-0.1
3,NONE,-1.0,-0.1,-1.0,-0.1
3,NONE,-1.0,-0.1,-1.0,-0.1
3,NONE,-1.0,-0.1,-1.0,-0.1
3,NONE,-1.0,-0.1,-1.0,-0.1
3,NONE,-1.0,-0.1,-1.0,-0.1
3,NONE,-1.0,-0.1,-1.0,-0.1
3,NONE,-1.0,-0.1,-1.0,-0.1
3,NONE,-1.0,-0.1,-1.0,-0.1
3,NONE,-1.0,-0.1,-1.0,-0.1
3,NONE,-1.0,-0.1,-1.0,-0.1
3,NONE,-1.0,-0.1,-1.0,-0.1
3,NONE,-1.0,-0.1,-1.0,-0.1
2,EV_B13_C008_Mototaxi_Electrica_P02,-1.0,-0.1,9.0,19.178775923291806
1,EV_B13_C008_Mototaxi_Electrica_P02,5.0,86.11761727255777,-1.0,19.178775923291806
1,EV_B13_C008_Mototaxi_Electrica_P02,4.0,86.11761727255777,-1.0,19.178775923291806
1,EV_B13_C008_Mototaxi_Electrica_P02,3.0,86.11761727255777,-1.0,19.178775923291806
1,EV_B13_C008_Mototaxi_Electrica_P02,2.0,86.11761727255777,-1.0,19.178775923291806
1,EV_B13_C008_Mototaxi_Electrica_P02,1.0,86.11761727255777,-1.0,19.178775923291806
1,EV_B13_C008_Mototaxi_Electrica_P02,0.0,86.11761727255777,-1.0,19.178775923291806
3,NONE,-1.0,-0.1,-1.0,-0.1
3,NONE,-1.0,-0.1,-1.0,-0.1
3,NONE,-1.0,-0.1,-1.0,-0.1
3,NONE,-1.0,-0.1,-1.0,-0.1
3,NONE,-1.0,-0.1,-1.0,-0.1
3,NONE,-1.0,-0.1,-1.0,-0.1
3,NONE,-1.0,-0.1,-1.0,-0.1
3,NONE,-1.0,-0.1,-1.0,-0.1
3,NONE,-1.0,-0.1,-1.0,-0.1
3,NONE,-1.0,-0.1,-1.0,-0.1
3,NONE,-1.0,-0.1,-1.0,-0.1
3,NONE,-1.0,-0.1,-1.0,-0.1
3,NONE,-1.0,-0.1,-1.0,-0.1
3,NONE,-1.0,-0.1,-1.0,-0.1
3,NONE,-1.0,-0.1,-1.0,-0.1
3,NONE,-1.0,-0.1,-1.0,-0.1
3,NONE,-1.0,-0.1,-1.0,-0.1
3,NONE,-1.0,-0.1,-1.0,-0.1
3,NONE,-1.0,-0.1,-1.0,-0.1
3,NONE,-1.0,-0.1,-1.0,-0.1
3,NONE,-1.0,-0.1,-1.0,-0.1
3,NONE,-1.0,-0.1,-1.0,-0.1
3,NONE,-1.0,-0.1,-1.0,-0.1
3,NONE,-1.0,-0.1,-1.0,-0.1
3,NONE,-1.0,-0.1,-1.0,-0.1
3,NONE,-1.0,-0.1,-1.0,-0.1
3,NONE,-1.0,-0.1,-1.0,-0.1
3,NONE,-1.0,-0.1,-1.0,-0.1
3,NONE,-1.0,-0.1,-1.0,-0.1
3,NONE,-1.0,-0.1,-1.0,-0.1
3,NONE,-1.0,-0.1,-1.0,-0.1
3,NONE,-1.0,-0.1,-1.0,-0.1
3,NONE,-1.0,-0.1,-1.0,-0.1
3,NONE,-1.0,-0.1,-1.0,-0.1
3,NONE,-1.0,-0.1,-1.0,-0.1
3,NONE,-1.0,-0.1,-1.0,-0.1
3,NONE,-1.0,-0.1,-1.0,-0.1
3,NONE,-1.0,-0.1,-1.0,-0.1
3,NONE,-1.0,-0.1,-1.0,-0.1
3,NONE,-1.0,-0.1,-1.0,-0.1
3,NONE,-1.0,-0.1,-1.0,-0.1
2,EV_B13_C008_Mototaxi_Electrica_P03,-1.0,-0.1,9.0,50.46115683606362
1,EV_B13_C008_Mototaxi_Electrica_P03,5.0,75.28747651776786,-1.0,50.46115683606362
1,EV_B13_C008_Mototaxi_Electrica_P03,4.0,75.28747651776786,-1.0,50.46115683606362
1,EV_B13_C008_Mototaxi_Electrica_P03,3.0,75.28747651776786,-1.0,50.46115683606362
1,EV_B13_C008_Mototaxi_Electrica_P03,2.0,75.28747651776786,-1.0,50.46115683606362
1,EV_B13_C008_Mototaxi_Electrica_P03,1.0,75.28747651776786,-1.0,50.46115683606362
1,EV_B13_C008_Mototaxi_Electrica_P03,0.0,75.28747651776786,-1.0,50.46115683606362
3,NONE,-1.0,-0.1,-1.0,-0.1
3,NONE,-1.0,-0.1,-1.0,-0.1
3,NONE,-1.0,-0.1,-1.0,-0.1
3,NONE,-1.0,-0.1,-1.0,-0.1
3,NONE,-1.0,-0.1,-1.0,-0.1
3,NONE,-1.0,-0.1,-1.0,-0.1
3,NONE,-1.0,-0.1,-1.0,-0.1
3,NONE,-1.0,-0.1,-1.0,-0.1
3,NONE,-1.0,-0.1,-1.0,-0.1
3,NONE,-1.0,-0.1,-1.0,-0.1
3,NONE,-1.0,-0.1,-1.0,-0.1
3,NONE,-1.0,-0.1,-1.0,-0.1
3,NONE,-1.0,-0.1,-1.0,-0.1
3,NONE,-1.0,-0.1,-1.0,-0.1
3,NONE,-1.0,-0.1,-1.0,-0.1
3,NONE,-1.0,-0.1,-1.0,-0.1
3,NONE,-1.0,-0.1,-1.0,-0.1
3,NONE,-1.0,-0.1,-1.0,-0.1
3,NONE,-1.0,-0.1,-1.0,-0.1
3,NONE,-1.0,-0.1,-1.0,-0.1
3,NONE,-1.0,-0.1,-1.0,-0.1
3,NONE,-1.0,-0.1,-1.0,-0.1
3,NONE,-1.0,-0.1,-1.0,-0.1
3,NONE,-1.0,-0.1,-1.0,-0.1
3,NONE,-1.0,-0.1,-1.0,-0.1
3,NONE,-1.0,-0.1,-1.0,-0.1
3,NONE,-1.0,-0.1,-1.0,-0.1
3,NONE,-1.0,-0.1,-1.0,-0.1
3,NONE,-1.0,-0.1,-1.0,-0.1
3,NONE,-1.0,-0.1,-1.0,-0.1
3,NONE,-1.0,-0.1,-1.0,-0.1
3,NONE,-1.0,-0.1,-1.0,-0.1
3,NONE,-1.0,-0.1,-1.0,-0.1
3,NONE,-1.0,-0.1,-1.0,-0.1
3,NONE,-1.0,-0.1,-1.0,-0.1
3,NONE,-1.0,-0.1,-1.0,-0.1
3,NONE,-1.0,-0.1,-1.0,-0.1
3,NONE,-1.0,-0.1,-1.0,-0.1
3,NONE,-1.0,-0.1,-1.0,-0.1
3,NONE,-1.0,-0.1,-1.0,-0.1
3,NONE,-1.0,-0.1,-1.0,-0.1
3,NONE,-1.0,-0.1,-1.0,-0.1
3,NONE,-1.0,-0.1,-1.0,-0.1
3,NONE,-1.0,-0.1,-1.0,-0.1
3,NONE,-1.0,-0.1,-1.0,-0.1
3,NONE,-1.0,-0.1,-1.0,-0.1
3,NONE,-1.0,-0.1,-1.0,-0.1
3,NONE,-1.0,-0.1,-1.0,-0.1
3,NONE,-1.0,-0.1,-1.0,-0.1
3,NONE,-1.0,-0.1,-1.0,-0.1
3,NONE,-1.0,-0.1,-1.0,-0.1
3,NONE,-1.0,-0.1,-1.0,-0.1
3,NONE,-1.0,-0.1,-1.0,-0.1
3,NONE,-1.0,-0.1,-1.0,-0.1
3,NONE,-1.0,-0.1,-1.0,-0.1
3,NONE,-1.0,-0.1,-1.0,-0.1
3,NONE,-1.0,-0.1,-1.0,-0.1
3,NONE,-1.0,-0.1,-1.0,-0.1
3,NONE,-1.0,-0.1,-1.0,-0.1
3,NONE,-1.0,-0.1,-1.0,-0.1
3,NONE,-1.0,-0.1,-1.0,-0.1
3,NONE,-1.0,-0.1,-1.0,-0.1
3,NONE,-1.0,-0.1,-1.0,-0.1
3,NONE,-1.0,-0.1,-1.0,-0.1
3,NONE,-1.0,-0.1,-1.0,-0.1
3,NONE,-1.0,-0.1,-1.0,-0.1
2,EV_B13_C008_Mototaxi_Electrica_P04,-1.0,-0.1,10.0,37.91384751176782
1,EV_B13_C008_Mototaxi_Electrica_P04,4.0,86.69674325456036,-1.0,37.91384751176782
1,EV_B13_C008_Mototaxi_Electrica_P04,3.0,86.69674325456036,-1.0,37.91384751176782
1,EV_B13_C008_Mototaxi_Electrica_P04,2.0,86.69674325456036,-1.0,37.91384751176782
1,EV_B13_C008_Mototaxi_Electrica_P04,1.0,86.69674325456036,-1.0,37.91384751176782
1,EV_B13_C008_Mototaxi_Electrica_P04,0.0,86.69674325456036,-1.0,37.91384751176782
3,NONE,-1.0,-0.1,-1.0,-0.1
3,NONE,-1.0,-0.1,-1.0,-0.1
3,NONE,-1.0,-0.1,-1.0,-0.1
3,NONE,-1.0,-0.1,-1.0,-0.1
3,NONE,-1.0,-0.1,-1.0,-0.1
3,NONE,-1.0,-0.1,-1.0,-0.1
3,NONE,-1.0,-0.1,-1.0,-0.1
3,NONE,-1.0,-0.1,-1.0,-0.1
3,NONE,-1.0,-0.1,-1.0,-0.1
3,NONE,-1.0,-0.1,-1.0,-0.1
3,NONE,-1.0,-0.1,-1.0,-0.1
3,NONE,-1.0,-0.1,-1.0,-0.1
3,NONE,-1.0,-0.1,-1.0,-0.1
3,NONE,-1.0,-0.1,-1.0,-0.1
3,NONE,-1.0,-0.1,-1.0,-0.1
3,NONE,-1.0,-0.1,-1.0,-0.1
2,EV_B13_C008_Mototaxi_Electrica_P05,-1.0,-0.1,8.0,28.15332890656105
1,EV_B13_C008_Mototaxi_Electrica_P05,6.0,83.16485382629921,-1.0,28.15332890656105
1,EV_B13_C008_Mototaxi_Electrica_P05,5.0,83.16485382629921,-1.0,28.15332890656105
1,EV_B13_C008_Mototaxi_Electrica_P05,4.0,83.16485382629921,-1.0,28.15332890656105
1,EV_B13_C008_Mototaxi_Electrica_P05,3.0,83.16485382629921,-1.0,28.15332890656105
1,EV_B13_C008_Mototaxi_Electrica_P05,2.0,83.16485382629921,-1.0,28.15332890656105
1,EV_B13_C008_Mototaxi_Electrica_P05,1.0,83.16485382629921,-1.0,28.15332890656105
1,EV_B13_C008_Mototaxi_Electrica_P05,0.0,83.16485382629921,-1.0,28.15332890656105
3,NONE,-1.0,-0.1,-1.0,-0.1
3,NONE,-1.0,-0.1,-1.0,-0.1
3,NONE,-1.0,-0.1,-1.0,-0.1
3,NONE,-1.0,-0.1,-1.0,-0.1
3,NONE,-1.0,-0.1,-1.0,-0.1
3,NONE,-1.0,-0.1,-1.0,-0.1
3,NONE,-1.0,-0.1,-1.0,-0.1
3,NONE,-1.0,-0.1,-1.0,-0.1
3,NONE,-1.0,-0.1,-1.0,-0.1
3,NONE,-1.0,-0.1,-1.0,-0.1
3,NONE,-1.0,-0.1,-1.0,-0.1
3,NONE,-1.0,-0.1,-1.0,-0.1
3,NONE,-1.0,-0.1,-1.0,-0.1
3,NONE,-1.0,-0.1,-1.0,-0.1
3,NONE,-1.0,-0.1,-1.0,-0.1
3,NONE,-1.0,-0.1,-1.0,-0.1
2,EV_B13_C008_Mototaxi_Electrica_P06,-1.0,-0.1,8.0,21.672013611111396
1,EV_B13_C008_Mototaxi_Electrica_P06,6.0,70.905178649032,-1.0,21.672013611111396
1,EV_B13_C008_Mototaxi_Electrica_P06,5.0,70.905178649032,-1.0,21.672013611111396
1,EV_B13_C008_Mototaxi_Electrica_P06,4.0,70.905178649032,-1.0,21.672013611111396
1,EV_B13_C008_Mototaxi_Electrica_P06,3.0,70.905178649032,-1.0,21.672013611111396
1,EV_B13_C008_Mototaxi_Electrica_P06,2.0,70.905178649032,-1.0,21.672013611111396
1,EV_B13_C008_Mototaxi_Electrica_P06,1.0,70.905178649032,-1.0,21.672013611111396
1,EV_B13_C008_Mototaxi_Electrica_P06,0.0,70.905178649032,-1.0,21.672013611111396
3,NONE,-1.0,-0.1,-1.0,-0.1
3,NONE,-1.0,-0.1,-1.0,-0.1
3,NONE,-1.0,-0.1,-1.0,-0.1
3,NONE,-1.0,-0.1,-1.0,-0.1
3,NONE,-1.0,-0.1,-1.0,-0.1
3,NONE,-1.0,-0.1,-1.0,-0.1
3,NONE,-1.0,-0.1,-1.0,-0.1
3,NONE,-1.0,-0.1,-1.0,-0.1
3,NONE,-1.0,-0.1,-1.0,-0.1
3,NONE,-1.0,-0.1,-1.0,-0.1
3,NONE,-1.0,-0.1,-1.0,-0.1
3,NONE,-1.0,-0.1,-1.0,-0.1
3,NONE,-1.0,-0.1,-1.0,-0.1
3,NONE,-1.0,-0.1,-1.0,-0.1
3,NONE,-1.0,-0.1,-1.0,-0.1
3,NONE,-1.0,-0.1,-1.0,-0.1
3,NONE,-1.0,-0.1,-1.0,-0.1
3,NONE,-1.0,-0.1,-1.0,-0.1
2,EV_B13_C008_Mototaxi_Electrica_P07,-1.0,-0.1,10.0,27.240520242214767
1,EV_B13_C008_Mototaxi_Electrica_P07,4.0,92.07228177859481,-1.0,27.240520242214767
1,EV_B13_C008_Mototaxi_Electrica_P07,3.0,92.07228177859481,-1.0,27.240520242214767
1,EV_B13_C008_Mototaxi_Electrica_P07,2.0,92.07228177859481,-1.0,27.240520242214767
1,EV_B13_C008_Mototaxi_Electrica_P07,1.0,92.07228177859481,-1.0,27.240520242214767
1,EV_B13_C008_Mototaxi_Electrica_P07,0.0,92.07228177859481,-1.0,27.240520242214767
3,NONE,-1.0,-0.1,-1.0,-0.1
3,NONE,-1.0,-0.1,-1.0,-0.1
3,NONE,-1.0,-0.1,-1.0,-0.1
3,NONE,-1.0,-0.1,-1.0,-0.1
3,NONE,-1.0,-0.1,-1.0,-0.1
3,NONE,-1.0,-0.1,-1.0,-0.1
3,NONE,-1.0,-0.1,-1.0,-0.1
3,NONE,-1.0,-0.1,-1.0,-0.1
3,NONE,-1.0,-0.1,-1.0,-0.1
3,NONE,-1.0,-0.1,-1.0,-0.1
3,NONE,-1.0,-0.1,-1.0,-0.1
3,NONE,-1.0,-0.1,-1.0,-0.1
3,NONE,-1.0,-0.1,-1.0,-0.1
3,NONE,-1.0,-0.1,-1.0,-0.1
3,NONE,-1.0,-0.1,-1.0,-0.1
3,NONE,-1.0,-0.1,-1.0,-0.1
3,NONE,-1.0,-0.1,-1.0,-0.1
3,NONE,-1.0,-0.1,-1.0,-0.1
2,EV_B13_C008_Mototaxi_Electrica_P08,-1.0,-0.1,10.0,27.769614296592103
1,EV_B13_C008_Mototaxi_Electrica_P08,4.0,79.76279144564236,-1.0,27.769614296592103
1,EV_B13_C008_Mototaxi_Electrica_P08,3.0,79.76279144564236,-1.0,27.769614296592103
1,EV_B13_C008_Mototaxi_Electrica_P08,2.0,79.76279144564236,-1.0,27.769614296592103
1,EV_B13_C008_Mototaxi_Electrica_P08,1.0,79.76279144564236,-1.0,27.769614296592103
1,EV_B13_C008_Mototaxi_Electrica_P08,0.0,79.76279144564236,-1.0,27.769614296592103
3,NONE,-1.0,-0.1,-1.0,-0.1
3,NONE,-1.0,-0.1,-1.0,-0.1
3,NONE,-1.0,-0.1,-1.0,-0.1
3,NONE,-1.0,-0.1,-1.0,-0.1
3,NONE,-1.0,-0.1,-1.0,-0.1
3,NONE,-1.0,-0.1,-1.0,-0.1
3,NONE,-1.0,-0.1,-1.0,-0.1
3,NONE,-1.0,-0.1,-1.0,-0.1
3,NONE,-1.0,-0.1,-1.0,-0.1
3,NONE,-1.0,-0.1,-1.0,-0.1
3,NONE,-1.0,-0.1,-1.0,-0.1
3,NONE,-1.0,-0.1,-1.0,-0.1
3,NONE,-1.0,-0.1,-1.0,-0.1
3,NONE,-1.0,-0.1,-1.0,-0.1
3,NONE,-1.0,-0.1,-1.0,-0.1
3,NONE,-1.0,-0.1,-1.0,-0.1
3,NONE,-1.0,-0.1,-1.0,-0.1
3,NONE,-1.0,-0.1,-1.0,-0.1
3,NONE,-1.0,-0.1,-1.0,-0.1
3,NONE,-1.0,-0.1,-1.0,-0.1
3,NONE,-1.0,-0.1,-1.0,-0.1
3,NONE,-1.0,-0.1,-1.0,-0.1
3,NONE,-1.0,-0.1,-1.0,-0.1
3,NONE,-1.0,-0.1,-1.0,-0.1
3,NONE,-1.0,-0.1,-1.0,-0.1
3,NONE,-1.0,-0.1,-1.0,-0.1
3,NONE,-1.0,-0.1,-1.0,-0.1
3,NONE,-1.0,-0.1,-1.0,-0.1
3,NONE,-1.0,-0.1,-1.0,-0.1
3,NONE,-1.0,-0.1,-1.0,-0.1
3,NONE,-1.0,-0.1,-1.0,-0.1
3,NONE,-1.0,-0.1,-1.0,-0.1
3,NONE,-1.0,-0.1,-1.0,-0.1
3,NONE,-1.0,-0.1,-1.0,-0.1
3,NONE,-1.0,-0.1,-1.0,-0.1
3,NONE,-1.0,-0.1,-1.0,-0.1
3,NONE,-1.0,-0.1,-1.0,-0.1
3,NONE,-1.0,-0.1,-1.0,-0.1
3,NONE,-1.0,-0.1,-1.0,-0.1
3,NONE,-1.0,-0.1,-1.0,-0.1
3,NONE,-1.0,-0.1,-1.0,-0.1
3,NONE,-1.0,-0.1,-1.0,-0.1
3,NONE,-1.0,-0.1,-1.0,-0.1
3,NONE,-1.0,-0.1,-1.0,-0.1
3,NONE,-1.0,-0.1,-1.0,-0.1
3,NONE,-1.0,-0.1,-1.0,-0.1
3,NONE,-1.0,-0.1,-1.0,-0.1
3,NONE,-1.0,-0.1,-1.0,-0.1
3,NONE,-1.0,-0.1,-1.0,-0.1
3,NONE,-1.0,-0.1,-1.0,-0.1
3,NONE,-1.0,-0.1,-1.0,-0.1
3,NONE,-1.0,-0.1,-1.0,-0.1
3,NONE,-1.0,-0.1,-1.0,-0.1
3,NONE,-1.0,-0.1,-1.0,-0.1
3,NONE,-1.0,-0.1,-1.0,-0.1
3,NONE,-1.0,-0.1,-1.0,-0.1
3,NONE,-1.0,-0.1,-1.0,-0.1
3,NONE,-1.0,-0.1,-1.0,-0.1
3,NONE,-1.0,-0.1,-1.0,-0.1
3,NONE,-1.0,-0.1,-1.0,-0.1
3,NONE,-1.0,-0.1,-1.0,-0.1
3,NONE,-1.0,-0.1,-1.0,-0.1
3,NONE,-1.0,-0.1,-1.0,-0.1
2,EV_B13_C008_Mototaxi_Electrica_P09,-1.0,-0.1,7.0,28.584591212876337
1,EV_B13_C008_Mototaxi_Electrica_P09,7.0,70.69918296471428,-1.0,28.584591212876337
1,EV_B13_C008_Mototaxi_Electrica_P09,6.0,70.69918296471428,-1.0,28.584591212876337
1,EV_B13_C008_Mototaxi_Electrica_P09,5.0,70.69918296471428,-1.0,28.584591212876337
1,EV_B13_C008_Mototaxi_Electrica_P09,4.0,70.69918296471428,-1.0,28.584591212876337
1,EV_B13_C008_Mototaxi_Electrica_P09,3.0,70.69918296471428,-1.0,28.584591212876337
1,EV_B13_C008_Mototaxi_Electrica_P09,2.0,70.69918296471428,-1.0,28.584591212876337
1,EV_B13_C008_Mototaxi_Electrica_P09,1.0,70.69918296471428,-1.0,28.584591212876337
1,EV_B13_C008_Mototaxi_Electrica_P09,0.0,70.69918296471428,-1.0,28.584591212876337
3,NONE,-1.0,-0.1,-1.0,-0.1
3,NONE,-1.0,-0.1,-1.0,-0.1
3,NONE,-1.0,-0.1,-1.0,-0.1
3,NONE,-1.0,-0.1,-1.0,-0.1
3,NONE,-1.0,-0.1,-1.0,-0.1
3,NONE,-1.0,-0.1,-1.0,-0.1
3,NONE,-1.0,-0.1,-1.0,-0.1
3,NONE,-1.0,-0.1,-1.0,-0.1
3,NONE,-1.0,-0.1,-1.0,-0.1
3,NONE,-1.0,-0.1,-1.0,-0.1
3,NONE,-1.0,-0.1,-1.0,-0.1
3,NONE,-1.0,-0.1,-1.0,-0.1
3,NONE,-1.0,-0.1,-1.0,-0.1
3,NONE,-1.0,-0.1,-1.0,-0.1
3,NONE,-1.0,-0.1,-1.0,-0.1
3,NONE,-1.0,-0.1,-1.0,-0.1
2,EV_B13_C008_Mototaxi_Electrica_P10,-1.0,-0.1,8.0,33.39596181418803
1,EV_B13_C008_Mototaxi_Electrica_P10,6.0,77.2199655927593,-1.0,33.39596181418803
1,EV_B13_C008_Mototaxi_Electrica_P10,5.0,77.2199655927593,-1.0,33.39596181418803
1,EV_B13_C008_Mototaxi_Electrica_P10,4.0,77.2199655927593,-1.0,33.39596181418803
1,EV_B13_C008_Mototaxi_Electrica_P10,3.0,77.2199655927593,-1.0,33.39596181418803
1,EV_B13_C008_Mototaxi_Electrica_P10,2.0,77.2199655927593,-1.0,33.39596181418803
1,EV_B13_C008_Mototaxi_Electrica_P10,1.0,77.2199655927593,-1.0,33.39596181418803
1,EV_B13_C008_Mototaxi_Electrica_P10,0.0,77.2199655927593,-1.0,33.39596181418803
3,NONE,-1.0,-0.1,-1.0,-0.1
3,NONE,-1.0,-0.1,-1.0,-0.1
3,NONE,-1.0,-0.1,-1.0,-0.1
3,NONE,-1.0,-0.1,-1.0,-0.1
3,NONE,-1.0,-0.1,-1.0,-0.1
3,NONE,-1.0,-0.1,-1.0,-0.1
3,NONE,-1.0,-0.1,-1.0,-0.1
3,NONE,-1.0,-0.1,-1.0,-0.1
3,NONE,-1.0,-0.1,-1.0,-0.1
3,NONE,-1.0,-0.1,-1.0,-0.1
3,NONE,-1.0,-0.1,-1.0,-0.1
3,NONE,-1.0,-0.1,-1.0,-0.1
3,NONE,-1.0,-0.1,-1.0,-0.1
3,NONE,-1.0,-0.1,-1.0,-0.1
3,NONE,-1.0,-0.1,-1.0,-0.1
3,NONE,-1.0,-0.1,-1.0,-0.1
3,NONE,-1.0,-0.1,-1.0,-0.1
3,NONE,-1.0,-0.1,-1.0,-0.1
3,NONE,-1.0,-0.1,-1.0,-0.1
3,NONE,-1.0,-0.1,-1.0,-0.1
3,NONE,-1.0,-0.1,-1.0,-0.1
3,NONE,-1.0,-0.1,-1.0,-0.1
3,NONE,-1.0,-0.1,-1.0,-0.1
3,NONE,-1.0,-0.1,-1.0,-0.1
3,NONE,-1.0,-0.1,-1.0,-0.1
3,NONE,-1.0,-0.1,-1.0,-0.1
3,NONE,-1.0,-0.1,-1.0,-0.1
3,NONE,-1.0,-0.1,-1.0,-0.1
3,NONE,-1.0,-0.1,-1.0,-0.1
3,NONE,-1.0,-0.1,-1.0,-0.1
3,NONE,-1.0,-0.1,-1.0,-0.1
3,NONE,-1.0,-0.1,-1.0,-0.1
3,NONE,-1.0,-0.1,-1.0,-0.1
3,NONE,-1.0,-0.1,-1.0,-0.1
3,NONE,-1.0,-0.1,-1.0,-0.1
3,NONE,-1.0,-0.1,-1.0,-0.1
3,NONE,-1.0,-0.1,-1.0,-0.1
3,NONE,-1.0,-0.1,-1.0,-0.1
3,NONE,-1.0,-0.1,-1.0,-0.1
3,NONE,-1.0,-0.1,-1.0,-0.1
3,NONE,-1.0,-0.1,-1.0,-0.1
3,NONE,-1.0,-0.1,-1.0,-0.1
2,EV_B13_C008_Mototaxi_Electrica_P01,-1.0,-0.1,10.0,56.51607840307936
1,EV_B13_C008_Mototaxi_Electrica_P01,4.0,72.14595711114237,-1.0,56.51607840307936
1,EV_B13_C008_Mototaxi_Electrica_P01,3.0,72.14595711114237,-1.0,56.51607840307936
1,EV_B13_C008_Mototaxi_Electrica_P01,2.0,72.14595711114237,-1.0,56.51607840307936
1,EV_B13_C008_Mototaxi_Electrica_P01,1.0,72.14595711114237,-1.0,56.51607840307936
1,EV_B13_C008_Mototaxi_Electrica_P01,0.0,72.14595711114237,-1.0,56.51607840307936
3,NONE,-1.0,-0.1,-1.0,-0.1
3,NONE,-1.0,-0.1,-1.0,-0.1
3,NONE,-1.0,-0.1,-1.0,-0.1
3,NONE,-1.0,-0.1,-1.0,-0.1
3,NONE,-1.0,-0.1,-1.0,-0.1
3,NONE,-1.0,-0.1,-1.0,-0.1
3,NONE,-1.0,-0.1,-1.0,-0.1
3,NONE,-1.0,-0.1,-1.0,-0.1
3,NONE,-1.0,-0.1,-1.0,-0.1
3,NONE,-1.0,-0.1,-1.0,-0.1
3,NONE,-1.0,-0.1,-1.0,-0.1
3,NONE,-1.0,-0.1,-1.0,-0.1
3,NONE,-1.0,-0.1,-1.0,-0.1
3,NONE,-1.0,-0.1,-1.0,-0.1
3,NONE,-1.0,-0.1,-1.0,-0.1
3,NONE,-1.0,-0.1,-1.0,-0.1
3,NONE,-1.0,-0.1,-1.0,-0.1
3,NONE,-1.0,-0.1,-1.0,-0.1
3,NONE,-1.0,-0.1,-1.0,-0.1
3,NONE,-1.0,-0.1,-1.0,-0.1
3,NONE,-1.0,-0.1,-1.0,-0.1
3,NONE,-1.0,-0.1,-1.0,-0.1
3,NONE,-1.0,-0.1,-1.0,-0.1
3,NONE,-1.0,-0.1,-1.0,-0.1
3,NONE,-1.0,-0.1,-1.0,-0.1
3,NONE,-1.0,-0.1,-1.0,-0.1
3,NONE,-1.0,-0.1,-1.0,-0.1
3,NONE,-1.0,-0.1,-1.0,-0.1
3,NONE,-1.0,-0.1,-1.0,-0.1
3,NONE,-1.0,-0.1,-1.0,-0.1
3,NONE,-1.0,-0.1,-1.0,-0.1
3,NONE,-1.0,-0.1,-1.0,-0.1
3,NONE,-1.0,-0.1,-1.0,-0.1
3,NONE,-1.0,-0.1,-1.0,-0.1
3,NONE,-1.0,-0.1,-1.0,-0.1
3,NONE,-1.0,-0.1,-1.0,-0.1
3,NONE,-1.0,-0.1,-1.0,-0.1
3,NONE,-1.0,-0.1,-1.0,-0.1
3,NONE,-1.0,-0.1,-1.0,-0.1
3,NONE,-1.0,-0.1,-1.0,-0.1
3,NONE,-1.0,-0.1,-1.0,-0.1
3,NONE,-1.0,-0.1,-1.0,-0.1
3,NONE,-1.0,-0.1,-1.0,-0.1
3,NONE,-1.0,-0.1,-1.0,-0.1
3,NONE,-1.0,-0.1,-1.0,-0.1
3,NONE,-1.0,-0.1,-1.0,-0.1
3,NONE,-1.0,-0.1,-1.0,-0.1
3,NONE,-1.0,-0.1,-1.0,-0.1
3,NONE,-1.0,-0.1,-1.0,-0.1
3,NONE,-1.0,-0.1,-1.0,-0.1
3,NONE,-1.0,-0.1,-1.0,-0.1
3,NONE,-1.0,-0.1,-1.0,-0.1
3,NONE,-1.0,-0.1,-1.0,-0.1
3,NONE,-1.0,-0.1,-1.0,-0.1
3,NONE,-1.0,-0.1,-1.0,-0.1
3,NONE,-1.0,-0.1,-1.0,-0.1
3,NONE,-1.0,-0.1,-1.0,-0.1
3,NONE,-1.0,-0.1,-1.0,-0.1
3,NONE,-1.0,-0.1,-1.0,-0.1
3,NONE,-1.0,-0.1,-1.0,-0.1
3,NONE,-1.0,-0.1,-1.0,-0.1
3,NONE,-1.0,-0.1,-1.0,-0.1
3,NONE,-1.0,-0.1,-1.0,-0.1
3,NONE,-1.0,-0.1,-1.0,-0.1
3,NONE,-1.0,-0.1,-1.0,-0.1
3,NONE,-1.0,-0.1,-1.0,-0.1
3,NONE,-1.0,-0.1,-1.0,-0.1
3,NONE,-1.0,-0.1,-1.0,-0.1
3,NONE,-1.0,-0.1,-1.0,-0.1
3,NONE,-1.0,-0.1,-1.0,-0.1
3,NONE,-1.0,-0.1,-1.0,-0.1
3,NONE,-1.0,-0.1,-1.0,-0.1
3,NONE,-1.0,-0.1,-1.0,-0.1
3,NONE,-1.0,-0.1,-1.0,-0.1
3,NONE,-1.0,-0.1,-1.0,-0.1
3,NONE,-1.0,-0.1,-1.0,-0.1
3,NONE,-1.0,-0.1,-1.0,-0.1
3,NONE,-1.0,-0.1,-1.0,-0.1
3,NONE,-1.0,-0.1,-1.0,-0.1
3,NONE,-1.0,-0.1,-1.0,-0.1
3,NONE,-1.0,-0.1,-1.0,-0.1
3,NONE,-1.0,-0.1,-1.0,-0.1
3,NONE,-1.0,-0.1,-1.0,-0.1
3,NONE,-1.0,-0.1,-1.0,-0.1
3,NONE,-1.0,-0.1,-1.0,-0.1
3,NONE,-1.0,-0.1,-1.0,-0.1
3,NONE,-1.0,-0.1,-1.0,-0.1
3,NONE,-1.0,-0.1,-1.0,-0.1
3,NONE,-1.0,-0.1,-1.0,-0.1
2,EV_B13_C008_Mototaxi_Electrica_P02,-1.0,-0.1,9.0,40.121371749718605
1,EV_B13_C008_Mototaxi_Electrica_P02,5.0,82.62125888089008,-1.0,40.121371749718605
1,EV_B13_C008_Mototaxi_Electrica_P02,4.0,82.62125888089008,-1.0,40.121371749718605
1,EV_B13_C008_Mototaxi_Electrica_P02,3.0,82.62125888089008,-1.0,40.121371749718605
1,EV_B13_C008_Mototaxi_Electrica_P02,2.0,82.62125888089008,-1.0,40.121371749718605
1,EV_B13_C008_Mototaxi_Electrica_P02,1.0,82.62125888089008,-1.0,40.121371749718605
1,EV_B13_C008_Mototaxi_Electrica_P02,0.0,82.62125888089008,-1.0,40.121371749718605
3,NONE,-1.0,-0.1,-1.0,-0.1
3,NONE,-1.0,-0.1,-1.0,-0.1
3,NONE,-1.0,-0.1,-1.0,-0.1
3,NONE,-1.0,-0.1,-1.0,-0.1
3,NONE,-1.0,-0.1,-1.0,-0.1
3,NONE,-1.0,-0.1,-1.0,-0.1
3,NONE,-1.0,-0.1,-1.0,-0.1
3,NONE,-1.0,-0.1,-1.0,-0.1
3,NONE,-1.0,-0.1,-1.0,-0.1
3,NONE,-1.0,-0.1,-1.0,-0.1
3,NONE,-1.0,-0.1,-1.0,-0.1
3,NONE,-1.0,-0.1,-1.0,-0.1
3,NONE,-1.0,-0.1,-1.0,-0.1
3,NONE,-1.0,-0.1,-1.0,-0.1
3,NONE,-1.0,-0.1,-1.0,-0.1
3,NONE,-1.0,-0.1,-1.0,-0.1
3,NONE,-1.0,-0.1,-1.0,-0.1
3,NONE,-1.0,-0.1,-1.0,-0.1
3,NONE,-1.0,-0.1,-1.0,-0.1
3,NONE,-1.0,-0.1,-1.0,-0.1
3,NONE,-1.0,-0.1,-1.0,-0.1
3,NONE,-1.0,-0.1,-1.0,-0.1
3,NONE,-1.0,-0.1,-1.0,-0.1
3,NONE,-1.0,-0.1,-1.0,-0.1
3,NONE,-1.0,-0.1,-1.0,-0.1
3,NONE,-1.0,-0.1,-1.0,-0.1
3,NONE,-1.0,-0.1,-1.0,-0.1
3,NONE,-1.0,-0.1,-1.0,-0.1
3,NONE,-1.0,-0.1,-1.0,-0.1
3,NONE,-1.0,-0.1,-1.0,-0.1
3,NONE,-1.0,-0.1,-1.0,-0.1
3,NONE,-1.0,-0.1,-1.0,-0.1
3,NONE,-1.0,-0.1,-1.0,-0.1
3,NONE,-1.0,-0.1,-1.0,-0.1
3,NONE,-1.0,-0.1,-1.0,-0.1
3,NONE,-1.0,-0.1,-1.0,-0.1
3,NONE,-1.0,-0.1,-1.0,-0.1
3,NONE,-1.0,-0.1,-1.0,-0.1
3,NONE,-1.0,-0.1,-1.0,-0.1
2,EV_B13_C008_Mototaxi_Electrica_P03,-1.0,-0.1,7.0,20.790581916406094
1,EV_B13_C008_Mototaxi_Electrica_P03,6.0,75.65616893723472,-1.0,20.790581916406094
1,EV_B13_C008_Mototaxi_Electrica_P03,5.0,75.65616893723472,-1.0,20.790581916406094
1,EV_B13_C008_Mototaxi_Electrica_P03,4.0,75.65616893723472,-1.0,20.790581916406094
1,EV_B13_C008_Mototaxi_Electrica_P03,3.0,75.65616893723472,-1.0,20.790581916406094
1,EV_B13_C008_Mototaxi_Electrica_P03,2.0,75.65616893723472,-1.0,20.790581916406094
1,EV_B13_C008_Mototaxi_Electrica_P03,1.0,75.65616893723472,-1.0,20.790581916406094
1,EV_B13_C008_Mototaxi_Electrica_P03,0.0,75.65616893723472,-1.0,20.790581916406094
3,NONE,-1.0,-0.1,-1.0,-0.1
3,NONE,-1.0,-0.1,-1.0,-0.1
3,NONE,-1.0,-0.1,-1.0,-0.1
3,NONE,-1.0,-0.1,-1.0,-0.1
3,NONE,-1.0,-0.1,-1.0,-0.1
3,NONE,-1.0,-0.1,-1.0,-0.1
3,NONE,-1.0,-0.1,-1.0,-0.1
3,NONE,-1.0,-0.1,-1.0,-0.1
3,NONE,-1.0,-0.1,-1.0,-0.1
3,NONE,-1.0,-0.1,-1.0,-0.1
3,NONE,-1.0,-0.1,-1.0,-0.1
3,NONE,-1.0,-0.1,-1.0,-0.1
3,NONE,-1.0,-0.1,-1.0,-0.1
3,NONE,-1.0,-0.1,-1.0,-0.1
3,NONE,-1.0,-0.1,-1.0,-0.1
3,NONE,-1.0,-0.1,-1.0,-0.1
3,NONE,-1.0,-0.1,-1.0,-0.1
3,NONE,-1.0,-0.1,-1.0,-0.1
3,NONE,-1.0,-0.1,-1.0,-0.1
3,NONE,-1.0,-0.1,-1.0,-0.1
3,NONE,-1.0,-0.1,-1.0,-0.1
3,NONE,-1.0,-0.1,-1.0,-0.1
3,NONE,-1.0,-0.1,-1.0,-0.1
3,NONE,-1.0,-0.1,-1.0,-0.1
3,NONE,-1.0,-0.1,-1.0,-0.1
3,NONE,-1.0,-0.1,-1.0,-0.1
3,NONE,-1.0,-0.1,-1.0,-0.1
3,NONE,-1.0,-0.1,-1.0,-0.1
3,NONE,-1.0,-0.1,-1.0,-0.1
3,NONE,-1.0,-0.1,-1.0,-0.1
3,NONE,-1.0,-0.1,-1.0,-0.1
3,NONE,-1.0,-0.1,-1.0,-0.1
3,NONE,-1.0,-0.1,-1.0,-0.1
3,NONE,-1.0,-0.1,-1.0,-0.1
3,NONE,-1.0,-0.1,-1.0,-0.1
3,NONE,-1.0,-0.1,-1.0,-0.1
3,NONE,-1.0,-0.1,-1.0,-0.1
3,NONE,-1.0,-0.1,-1.0,-0.1
3,NONE,-1.0,-0.1,-1.0,-0.1
3,NONE,-1.0,-0.1,-1.0,-0.1
3,NONE,-1.0,-0.1,-1.0,-0.1
3,NONE,-1.0,-0.1,-1.0,-0.1
3,NONE,-1.0,-0.1,-1.0,-0.1
3,NONE,-1.0,-0.1,-1.0,-0.1
3,NONE,-1.0,-0.1,-1.0,-0.1
3,NONE,-1.0,-0.1,-1.0,-0.1
3,NONE,-1.0,-0.1,-1.0,-0.1
3,NONE,-1.0,-0.1,-1.0,-0.1
3,NONE,-1.0,-0.1,-1.0,-0.1
3,NONE,-1.0,-0.1,-1.0,-0.1
3,NONE,-1.0,-0.1,-1.0,-0.1
3,NONE,-1.0,-0.1,-1.0,-0.1
3,NONE,-1.0,-0.1,-1.0,-0.1
3,NONE,-1.0,-0.1,-1.0,-0.1
3,NONE,-1.0,-0.1,-1.0,-0.1
3,NONE,-1.0,-0.1,-1.0,-0.1
3,NONE,-1.0,-0.1,-1.0,-0.1
3,NONE,-1.0,-0.1,-1.0,-0.1
3,NONE,-1.0,-0.1,-1.0,-0.1
3,NONE,-1.0,-0.1,-1.0,-0.1
3,NONE,-1.0,-0.1,-1.0,-0.1
3,NONE,-1.0,-0.1,-1.0,-0.1
3,NONE,-1.0,-0.1,-1.0,-0.1
3,NONE,-1.0,-0.1,-1.0,-0.1
3,NONE,-1.0,-0.1,-1.0,-0.1
3,NONE,-1.0,-0.1,-1.0,-0.1
3,NONE,-1.0,-0.1,-1.0,-0.1
3,NONE,-1.0,-0.1,-1.0,-0.1
3,NONE,-1.0,-0.1,-1.0,-0.1
3,NONE,-1.0,-0.1,-1.0,-0.1
3,NONE,-1.0,-0.1,-1.0,-0.1
3,NONE,-1.0,-0.1,-1.0,-0.1
3,NONE,-1.0,-0.1,-1.0,-0.1
3,NONE,-1.0,-0.1,-1.0,-0.1
3,NONE,-1.0,-0.1,-1.0,-0.1
3,NONE,-1.0,-0.1,-1.0,-0.1
3,NONE,-1.0,-0.1,-1.0,-0.1
3,NONE,-1.0,-0.1,-1.0,-0.1
3,NONE,-1.0,-0.1,-1.0,-0.1
3,NONE,-1.0,-0.1,-1.0,-0.1
3,NONE,-1.0,-0.1,-1.0,-0.1
3,NONE,-1.0,-0.1,-1.0,-0.1
3,NONE,-1.0,-0.1,-1.0,-0.1
3,NONE,-1.0,-0.1,-1.0,-0.1
3,NONE,-1.0,-0.1,-1.0,-0.1
3,NONE,-1.0,-0.1,-1.0,-0.1
3,NONE,-1.0,-0.1,-1.0,-0.1
3,NONE,-1.0,-0.1,-1.0,-0.1
3,NONE,-1.0,-0.1,-1.0,-0.1
3,NONE,-1.0,-0.1,-1.0,-0.1
3,NONE,-1.0,-0.1,-1.0,-0.1
3,NONE,-1.0,-0.1,-1.0,-0.1
3,NONE,-1.0,-0.1,-1.0,-0.1
3,NONE,-1.0,-0.1,-1.0,-0.1
3,NONE,-1.0,-0.1,-1.0,-0.1
3,NONE,-1.0,-0.1,-1.0,-0.1
3,NONE,-1.0,-0.1,-1.0,-0.1
3,NONE,-1.0,-0.1,-1.0,-0.1
3,NONE,-1.0,-0.1,-1.0,-0.1
3,NONE,-1.0,-0.1,-1.0,-0.1
3,NONE,-1.0,-0.1,-1.0,-0.1
3,NONE,-1.0,-0.1,-1.0,-0.1
3,NONE,-1.0,-0.1,-1.0,-0.1
3,NONE,-1.0,-0.1,-1.0,-0.1
3,NONE,-1.0,-0.1,-1.0,-0.1
3,NONE,-1.0,-0.1,-1.0,-0.1
3,NONE,-1.0,-0.1,-1.0,-0.1
3,NONE,-1.0,-0.1,-1.0,-0.1
3,NONE,-1.0,-0.1,-1.0,-0.1
3,NONE,-1.0,-0.1,-1.0,-0.1
3,NONE,-1.0,-0.1,-1.0,-0.1
3,NONE,-1.0,-0.1,-1.0,-0.1
3,NONE,-1.0,-0.1,-1.0,-0.1
3,NONE,-1.0,-0.1,-1.0,-0.1
2,EV_B13_C008_Mototaxi_Electrica_P04,-1.0,-0.1,9.0,24.90021535502084
1,EV_B13_C008_Mototaxi_Electrica_P04,5.0,87.7053957634887,-1.0,24.90021535502084
1,EV_B13_C008_Mototaxi_Electrica_P04,4.0,87.7053957634887,-1.0,24.90021535502084
1,EV_B13_C008_Mototaxi_Electrica_P04,3.0,87.7053957634887,-1.0,24.90021535502084
1,EV_B13_C008_Mototaxi_Electrica_P04,2.0,87.7053957634887,-1.0,24.90021535502084
1,EV_B13_C008_Mototaxi_Electrica_P04,1.0,87.7053957634887,-1.0,24.90021535502084
1,EV_B13_C008_Mototaxi_Electrica_P04,0.0,87.7053957634887,-1.0,24.90021535502084
3,NONE,-1.0,-0.1,-1.0,-0.1
3,NONE,-1.0,-0.1,-1.0,-0.1
3,NONE,-1.0,-0.1,-1.0,-0.1
3,NONE,-1.0,-0.1,-1.0,-0.1
3,NONE,-1.0,-0.1,-1.0,-0.1
3,NONE,-1.0,-0.1,-1.0,-0.1
3,NONE,-1.0,-0.1,-1.0,-0.1
3,NONE,-1.0,-0.1,-1.0,-0.1
3,NONE,-1.0,-0.1,-1.0,-0.1
3,NONE,-1.0,-0.1,-1.0,-0.1
3,NONE,-1.0,-0.1,-1.0,-0.1
3,NONE,-1.0,-0.1,-1.0,-0.1
3,NONE,-1.0,-0.1,-1.0,-0.1
3,NONE,-1.0,-0.1,-1.0,-0.1
3,NONE,-1.0,-0.1,-1.0,-0.1
3,NONE,-1.0,-0.1,-1.0,-0.1
3,NONE,-1.0,-0.1,-1.0,-0.1
2,EV_B13_C008_Mototaxi_Electrica_P05,-1.0,-0.1,9.0,5.0
1,EV_B13_C008_Mototaxi_Electrica_P05,5.0,81.01698038190158,-1.0,5.0
1,EV_B13_C008_Mototaxi_Electrica_P05,4.0,81.01698038190158,-1.0,5.0
1,EV_B13_C008_Mototaxi_Electrica_P05,3.0,81.01698038190158,-1.0,5.0
1,EV_B13_C008_Mototaxi_Electrica_P05,2.0,81.01698038190158,-1.0,5.0
1,EV_B13_C008_Mototaxi_Electrica_P05,1.0,81.01698038190158,-1.0,5.0
1,EV_B13_C008_Mototaxi_Electrica_P05,0.0,81.01698038190158,-1.0,5.0
3,NONE,-1.0,-0.1,-1.0,-0.1
3,NONE,-1.0,-0.1,-1.0,-0.1
3,NONE,-1.0,-0.1,-1.0,-0.1
3,NONE,-1.0,-0.1,-1.0,-0.1
3,NONE,-1.0,-0.1,-1.0,-0.1
3,NONE,-1.0,-0.1,-1.0,-0.1
3,NONE,-1.0,-0.1,-1.0,-0.1
3,NONE,-1.0,-0.1,-1.0,-0.1
3,NONE,-1.0,-0.1,-1.0,-0.1
3,NONE,-1.0,-0.1,-1.0,-0.1
3,NONE,-1.0,-0.1,-1.0,-0.1
3,NONE,-1.0,-0.1,-1.0,-0.1
3,NONE,-1.0,-0.1,-1.0,-0.1
3,NONE,-1.0,-0.1,-1.0,-0.1
3,NONE,-1.0,-0.1,-1.0,-0.1
3,NONE,-1.0,-0.1,-1.0,-0.1
3,NONE,-1.0,-0.1,-1.0,-0.1
3,NONE,-1.0,-0.1,-1.0,-0.1
3,NONE,-1.0,-0.1,-1.0,-0.1
3,NONE,-1.0,-0.1,-1.0,-0.1
3,NONE,-1.0,-0.1,-1.0,-0.1
3,NONE,-1.0,-0.1,-1.0,-0.1
3,NONE,-1.0,-0.1,-1.0,-0.1
3,NONE,-1.0,-0.1,-1.0,-0.1
3,NONE,-1.0,-0.1,-1.0,-0.1
3,NONE,-1.0,-0.1,-1.0,-0.1
3,NONE,-1.0,-0.1,-1.0,-0.1
3,NONE,-1.0,-0.1,-1.0,-0.1
3,NONE,-1.0,-0.1,-1.0,-0.1
3,NONE,-1.0,-0.1,-1.0,-0.1
3,NONE,-1.0,-0.1,-1.0,-0.1
3,NONE,-1.0,-0.1,-1.0,-0.1
3,NONE,-1.0,-0.1,-1.0,-0.1
3,NONE,-1.0,-0.1,-1.0,-0.1
3,NONE,-1.0,-0.1,-1.0,-0.1
3,NONE,-1.0,-0.1,-1.0,-0.1
3,NONE,-1.0,-0.1,-1.0,-0.1
3,NONE,-1.0,-0.1,-1.0,-0.1
3,NONE,-1.0,-0.1,-1.0,-0.1
3,NONE,-1.0,-0.1,-1.0,-0.1
3,NONE,-1.0,-0.1,-1.0,-0.1
2,EV_B13_C008_Mototaxi_Electrica_P06,-1.0,-0.1,9.0,51.892665629216836
1,EV_B13_C008_Mototaxi_Electrica_P06,5.0,83.30684590057254,-1.0,51.892665629216836
1,EV_B13_C008_Mototaxi_Electrica_P06,4.0,83.30684590057254,-1.0,51.892665629216836
1,EV_B13_C008_Mototaxi_Electrica_P06,3.0,83.30684590057254,-1.0,51.892665629216836
1,EV_B13_C008_Mototaxi_Electrica_P06,2.0,83.30684590057254,-1.0,51.892665629216836
1,EV_B13_C008_Mototaxi_Electrica_P06,1.0,83.30684590057254,-1.0,51.892665629216836
1,EV_B13_C008_Mototaxi_Electrica_P06,0.0,83.30684590057254,-1.0,51.892665629216836
3,NONE,-1.0,-0.1,-1.0,-0.1
3,NONE,-1.0,-0.1,-1.0,-0.1
3,NONE,-1.0,-0.1,-1.0,-0.1
3,NONE,-1.0,-0.1,-1.0,-0.1
3,NONE,-1.0,-0.1,-1.0,-0.1
3,NONE,-1.0,-0.1,-1.0,-0.1
3,NONE,-1.0,-0.1,-1.0,-0.1
3,NONE,-1.0,-0.1,-1.0,-0.1
3,NONE,-1.0,-0.1,-1.0,-0.1
3,NONE,-1.0,-0.1,-1.0,-0.1
3,NONE,-1.0,-0.1,-1.0,-0.1
3,NONE,-1.0,-0.1,-1.0,-0.1
3,NONE,-1.0,-0.1,-1.0,-0.1
3,NONE,-1.0,-0.1,-1.0,-0.1
3,NONE,-1.0,-0.1,-1.0,-0.1
3,NONE,-1.0,-0.1,-1.0,-0.1
2,EV_B13_C008_Mototaxi_Electrica_P07,-1.0,-0.1,8.0,43.94664410109873
1,EV_B13_C008_Mototaxi_Electrica_P07,6.0,92.7811796598087,-1.0,43.94664410109873
1,EV_B13_C008_Mototaxi_Electrica_P07,5.0,92.7811796598087,-1.0,43.94664410109873
1,EV_B13_C008_Mototaxi_Electrica_P07,4.0,92.7811796598087,-1.0,43.94664410109873
1,EV_B13_C008_Mototaxi_Electrica_P07,3.0,92.7811796598087,-1.0,43.94664410109873
1,EV_B13_C008_Mototaxi_Electrica_P07,2.0,92.7811796598087,-1.0,43.94664410109873
1,EV_B13_C008_Mototaxi_Electrica_P07,1.0,92.7811796598087,-1.0,43.94664410109873
1,EV_B13_C008_Mototaxi_Electrica_P07,0.0,92.7811796598087,-1.0,43.94664410109873
3,NONE,-1.0,-0.1,-1.0,-0.1
3,NONE,-1.0,-0.1,-1.0,-0.1
3,NONE,-1.0,-0.1,-1.0,-0.1
3,NONE,-1.0,-0.1,-1.0,-0.1
3,NONE,-1.0,-0.1,-1.0,-0.1
3,NONE,-1.0,-0.1,-1.0,-0.1
3,NONE,-1.0,-0.1,-1.0,-0.1
3,NONE,-1.0,-0.1,-1.0,-0.1
3,NONE,-1.0,-0.1,-1.0,-0.1
3,NONE,-1.0,-0.1,-1.0,-0.1
3,NONE,-1.0,-0.1,-1.0,-0.1
3,NONE,-1.0,-0.1,-1.0,-0.1
3,NONE,-1.0,-0.1,-1.0,-0.1
3,NONE,-1.0,-0.1,-1.0,-0.1
3,NONE,-1.0,-0.1,-1.0,-0.1
3,NONE,-1.0,-0.1,-1.0,-0.1
3,NONE,-1.0,-0.1,-1.0,-0.1
3,NONE,-1.0,-0.1,-1.0,-0.1
3,NONE,-1.0,-0.1,-1.0,-0.1
3,NONE,-1.0,-0.1,-1.0,-0.1
3,NONE,-1.0,-0.1,-1.0,-0.1
3,NONE,-1.0,-0.1,-1.0,-0.1
3,NONE,-1.0,-0.1,-1.0,-0.1
3,NONE,-1.0,-0.1,-1.0,-0.1
3,NONE,-1.0,-0.1,-1.0,-0.1
3,NONE,-1.0,-0.1,-1.0,-0.1
3,NONE,-1.0,-0.1,-1.0,-0.1
3,NONE,-1.0,-0.1,-1.0,-0.1
3,NONE,-1.0,-0.1,-1.0,-0.1
3,NONE,-1.0,-0.1,-1.0,-0.1
3,NONE,-1.0,-0.1,-1.0,-0.1
3,NONE,-1.0,-0.1,-1.0,-0.1
3,NONE,-1.0,-0.1,-1.0,-0.1
3,NONE,-1.0,-0.1,-1.0,-0.1
3,NONE,-1.0,-0.1,-1.0,-0.1
3,NONE,-1.0,-0.1,-1.0,-0.1
3,NONE,-1.0,-0.1,-1.0,-0.1
3,NONE,-1.0,-0.1,-1.0,-0.1
3,NONE,-1.0,-0.1,-1.0,-0.1
3,NONE,-1.0,-0.1,-1.0,-0.1
3,NONE,-1.0,-0.1,-1.0,-0.1
3,NONE,-1.0,-0.1,-1.0,-0.1
3,NONE,-1.0,-0.1,-1.0,-0.1
3,NONE,-1.0,-0.1,-1.0,-0.1
3,NONE,-1.0,-0.1,-1.0,-0.1
3,NONE,-1.0,-0.1,-1.0,-0.1
3,NONE,-1.0,-0.1,-1.0,-0.1
3,NONE,-1.0,-0.1,-1.0,-0.1
3,NONE,-1.0,-0.1,-1.0,-0.1
3,NONE,-1.0,-0.1,-1.0,-0.1
3,NONE,-1.0,-0.1,-1.0,-0.1
3,NONE,-1.0,-0.1,-1.0,-0.1
3,NONE,-1.0,-0.1,-1.0,-0.1
3,NONE,-1.0,-0.1,-1.0,-0.1
3,NONE,-1.0,-0.1,-1.0,-0.1
3,NONE,-1.0,-0.1,-1.0,-0.1
3,NONE,-1.0,-0.1,-1.0,-0.1
3,NONE,-1.0,-0.1,-1.0,-0.1
3,NONE,-1.0,-0.1,-1.0,-0.1
3,NONE,-1.0,-0.1,-1.0,-0.1
3,NONE,-1.0,-0.1,-1.0,-0.1
3,NONE,-1.0,-0.1,-1.0,-0.1
3,NONE,-1.0,-0.1,-1.0,-0.1
3,NONE,-1.0,-0.1,-1.0,-0.1
3,NONE,-1.0,-0.1,-1.0,-0.1
3,NONE,-1.0,-0.1,-1.0,-0.1
3,NONE,-1.0,-0.1,-1.0,-0.1
3,NONE,-1.0,-0.1,-1.0,-0.1
3,NONE,-1.0,-0.1,-1.0,-0.1
3,NONE,-1.0,-0.1,-1.0,-0.1
3,NONE,-1.0,-0.1,-1.0,-0.1
3,NONE,-1.0,-0.1,-1.0,-0.1
3,NONE,-1.0,-0.1,-1.0,-0.1
3,NONE,-1.0,-0.1,-1.0,-0.1
3,NONE,-1.0,-0.1,-1.0,-0.1
3,NONE,-1.0,-0.1,-1.0,-0.1
3,NONE,-1.0,-0.1,-1.0,-0.1
3,NONE,-1.0,-0.1,-1.0,-0.1
3,NONE,-1.0,-0.1,-1.0,-0.1
3,NONE,-1.0,-0.1,-1.0,-0.1
3,NONE,-1.0,-0.1,-1.0,-0.1
3,NONE,-1.0,-0.1,-1.0,-0.1
3,NONE,-1.0,-0.1,-1.0,-0.1
3,NONE,-1.0,-0.1,-1.0,-0.1
3,NONE,-1.0,-0.1,-1.0,-0.1
3,NONE,-1.0,-0.1,-1.0,-0.1
3,NONE,-1.0,-0.1,-1.0,-0.1
3,NONE,-1.0,-0.1,-1.0,-0.1
3,NONE,-1.0,-0.1,-1.0,-0.1
3,NONE,-1.0,-0.1,-1.0,-0.1
2,EV_B13_C008_Mototaxi_Electrica_P08,-1.0,-0.1,10.0,24.652220974716855
1,EV_B13_C008_Mototaxi_Electrica_P08,4.0,81.25920753273371,-1.0,24.652220974716855
1,EV_B13_C008_Mototaxi_Electrica_P08,3.0,81.25920753273371,-1.0,24.652220974716855
1,EV_B13_C008_Mototaxi_Electrica_P08,2.0,81.25920753273371,-1.0,24.652220974716855
1,EV_B13_C008_Mototaxi_Electrica_P08,1.0,81.25920753273371,-1.0,24.652220974716855
1,EV_B13_C008_Mototaxi_Electrica_P08,0.0,81.25920753273371,-1.0,24.652220974716855
3,NONE,-1.0,-0.1,-1.0,-0.1
3,NONE,-1.0,-0.1,-1.0,-0.1
3,NONE,-1.0,-0.1,-1.0,-0.1
3,NONE,-1.0,-0.1,-1.0,-0.1
3,NONE,-1.0,-0.1,-1.0,-0.1
3,NONE,-1.0,-0.1,-1.0,-0.1
3,NONE,-1.0,-0.1,-1.0,-0.1
3,NONE,-1.0,-0.1,-1.0,-0.1
3,NONE,-1.0,-0.1,-1.0,-0.1
3,NONE,-1.0,-0.1,-1.0,-0.1
3,NONE,-1.0,-0.1,-1.0,-0.1
3,NONE,-1.0,-0.1,-1.0,-0.1
3,NONE,-1.0,-0.1,-1.0,-0.1
3,NONE,-1.0,-0.1,-1.0,-0.1
3,NONE,-1.0,-0.1,-1.0,-0.1
3,NONE,-1.0,-0.1,-1.0,-0.1
3,NONE,-1.0,-0.1,-1.0,-0.1
3,NONE,-1.0,-0.1,-1.0,-0.1
3,NONE,-1.0,-0.1,-1.0,-0.1
3,NONE,-1.0,-0.1,-1.0,-0.1
3,NONE,-1.0,-0.1,-1.0,-0.1
3,NONE,-1.0,-0.1,-1.0,-0.1
3,NONE,-1.0,-0.1,-1.0,-0.1
3,NONE,-1.0,-0.1,-1.0,-0.1
3,NONE,-1.0,-0.1,-1.0,-0.1
3,NONE,-1.0,-0.1,-1.0,-0.1
3,NONE,-1.0,-0.1,-1.0,-0.1
3,NONE,-1.0,-0.1,-1.0,-0.1
3,NONE,-1.0,-0.1,-1.0,-0.1
3,NONE,-1.0,-0.1,-1.0,-0.1
3,NONE,-1.0,-0.1,-1.0,-0.1
3,NONE,-1.0,-0.1,-1.0,-0.1
3,NONE,-1.0,-0.1,-1.0,-0.1
3,NONE,-1.0,-0.1,-1.0,-0.1
3,NONE,-1.0,-0.1,-1.0,-0.1
3,NONE,-1.0,-0.1,-1.0,-0.1
3,NONE,-1.0,-0.1,-1.0,-0.1
3,NONE,-1.0,-0.1,-1.0,-0.1
3,NONE,-1.0,-0.1,-1.0,-0.1
3,NONE,-1.0,-0.1,-1.0,-0.1
3,NONE,-1.0,-0.1,-1.0,-0.1
3,NONE,-1.0,-0.1,-1.0,-0.1
3,NONE,-1.0,-0.1,-1.0,-0.1
3,NONE,-1.0,-0.1,-1.0,-0.1
3,NONE,-1.0,-0.1,-1.0,-0.1
3,NONE,-1.0,-0.1,-1.0,-0.1
3,NONE,-1.0,-0.1,-1.0,-0.1
3,NONE,-1.0,-0.1,-1.0,-0.1
3,NONE,-1.0,-0.1,-1.0,-0.1
3,NONE,-1.0,-0.1,-1.0,-0.1
3,NONE,-1.0,-0.1,-1.0,-0.1
3,NONE,-1.0,-0.1,-1.0,-0.1
3,NONE,-1.0,-0.1,-1.0,-0.1
3,NONE,-1.0,-0.1,-1.0,-0.1
3,NONE,-1.0,-0.1,-1.0,-0.1
3,NONE,-1.0,-0.1,-1.0,-0.1
3,NONE,-1.0,-0.1,-1.0,-0.1
3,NONE,-1.0,-0.1,-1.0,-0.1
3,NONE,-1.0,-0.1,-1.0,-0.1
3,NONE,-1.0,-0.1,-1.0,-0.1
3,NONE,-1.0,-0.1,-1.0,-0.1
3,NONE,-1.0,-0.1,-1.0,-0.1
3,NONE,-1.0,-0.1,-1.0,-0.1
3,NONE,-1.0,-0.1,-1.0,-0.1
3,NONE,-1.0,-0.1,-1.0,-0.1
3,NONE,-1.0,-0.1,-1.0,-0.1
3,NONE,-1.0,-0.1,-1.0,-0.1
3,NONE,-1.0,-0.1,-1.0,-0.1
3,NONE,-1.0,-0.1,-1.0,-0.1
3,NONE,-1.0,-0.1,-1.0,-0.1
3,NONE,-1.0,-0.1,-1.0,-0.1
3,NONE,-1.0,-0.1,-1.0,-0.1
3,NONE,-1.0,-0.1,-1.0,-0.1
3,NONE,-1.0,-0.1,-1.0,-0.1
3,NONE,-1.0,-0.1,-1.0,-0.1
3,NONE,-1.0,-0.1,-1.0,-0.1
3,NONE,-1.0,-0.1,-1.0,-0.1
3,NONE,-1.0,-0.1,-1.0,-0.1
3,NONE,-1.0,-0.1,-1.0,-0.1
3,NONE,-1.0,-0.1,-1.0,-0.1
3,NONE,-1.0,-0.1,-1.0,-0.1
3,NONE,-1.0,-0.1,-1.0,-0.1
3,NONE,-1.0,-0.1,-1.0,-0.1
3,NONE,-1.0,-0.1,-1.0,-0.1
3,NONE,-1.0,-0.1,-1.0,-0.1
3,NONE,-1.0,-0.1,-1.0,-0.1
3,NONE,-1.0,-0.1,-1.0,-0.1
3,NONE,-1.0,-0.1,-1.0,-0.1
3,NONE,-1.0,-0.1,-1.0,-0.1
3,NONE,-1.0,-0.1,-1.0,-0.1
3,NONE,-1.0,-0.1,-1.0,-0.1
3,NONE,-1.0,-0.1,-1.0,-0.1
3,NONE,-1.0,-0.1,-1.0,-0.1
3,NONE,-1.0,-0.1,-1.0,-0.1
3,NONE,-1.0,-0.1,-1.0,-0.1
3,NONE,-1.0,-0.1,-1.0,-0.1
3,NONE,-1.0,-0.1,-1.0,-0.1
3,NONE,-1.0,-0.1,-1.0,-0.1
3,NONE,-1.0,-0.1,-1.0,-0.1
3,NONE,-1.0,-0.1,-1.0,-0.1
3,NONE,-1.0,-0.1,-1.0,-0.1
3,NONE,-1.0,-0.1,-1.0,-0.1
3,NONE,-1.0,-0.1,-1.0,-0.1
3,NONE,-1.0,-0.1,-1.0,-0.1
3,NONE,-1.0,-0.1,-1.0,-0.1
3,NONE,-1.0,-0.1,-1.0,-0.1
3,NONE,-1.0,-0.1,-1.0,-0.1
3,NONE,-1.0,-0.1,-1.0,-0.1
3,NONE,-1.0,-0.1,-1.0,-0.1
3,NONE,-1.0,-0.1,-1.0,-0.1
3,NONE,-1.0,-0.1,-1.0,-0.1
3,NONE,-1.0,-0.1,-1.0,-0.1
3,NONE,-1.0,-0.1,-1.0,-0.1
3,NONE,-1.0,-0.1,-1.0,-0.1
3,NONE,-1.0,-0.1,-1.0,-0.1
3,NONE,-1.0,-0.1,-1.0,-0.1
3,NONE,-1.0,-0.1,-1.0,-0.1
3,NONE,-1.0,-0.1,-1.0,-0.1
3,NONE,-1.0,-0.1,-1.0,-0.1
3,NONE,-1.0,-0.1,-1.0,-0.1
3,NONE,-1.0,-0.1,-1.0,-0.1
3,NONE,-1.0,-0.1,-1.0,-0.1
3,NONE,-1.0,-0.1,-1.0,-0.1
3,NONE,-1.0,-0.1,-1.0,-0.1
3,NONE,-1.0,-0.1,-1.0,-0.1
3,NONE,-1.0,-0.1,-1.0,-0.1
3,NONE,-1.0,-0.1,-1.0,-0.1
3,NONE,-1.0,-0.1,-1.0,-0.1
3,NONE,-1.0,-0.1,-1.0,-0.1
3,NONE,-1.0,-0.1,-1.0,-0.1
3,NONE,-1.0,-0.1,-1.0,-0.1
3,NONE,-1.0,-0.1,-1.0,-0.1
3,NONE,-1.0,-0.1,-1.0,-0.1
3,NONE,-1.0,-0.1,-1.0,-0.1
3,NONE,-1.0,-0.1,-1.0,-0.1
3,NONE,-1.0,-0.1,-1.0,-0.1
3,NONE,-1.0,-0.1,-1.0,-0.1
2,EV_B13_C008_Mototaxi_Electrica_P09,-1.0,-0.1,9.0,9.898909667576962
1,EV_B13_C008_Mototaxi_Electrica_P09,5.0,83.61145670811008,-1.0,9.898909667576962
1,EV_B13_C008_Mototaxi_Electrica_P09,4.0,83.61145670811008,-1.0,9.898909667576962
1,EV_B13_C008_Mototaxi_Electrica_P09,3.0,83.61145670811008,-1.0,9.898909667576962
1,EV_B13_C008_Mototaxi_Electrica_P09,2.0,83.61145670811008,-1.0,9.898909667576962
1,EV_B13_C008_Mototaxi_Electrica_P09,1.0,83.61145670811008,-1.0,9.898909667576962
1,EV_B13_C008_Mototaxi_Electrica_P09,0.0,83.61145670811008,-1.0,9.898909667576962
3,NONE,-1.0,-0.1,-1.0,-0.1
3,NONE,-1.0,-0.1,-1.0,-0.1
3,NONE,-1.0,-0.1,-1.0,-0.1
3,NONE,-1.0,-0.1,-1.0,-0.1
3,NONE,-1.0,-0.1,-1.0,-0.1
3,NONE,-1.0,-0.1,-1.0,-0.1
3,NONE,-1.0,-0.1,-1.0,-0.1
3,NONE,-1.0,-0.1,-1.0,-0.1
3,NONE,-1.0,-0.1,-1.0,-0.1
3,NONE,-1.0,-0.1,-1.0,-0.1
3,NONE,-1.0,-0.1,-1.0,-0.1
3,NONE,-1.0,-0.1,-1.0,-0.1
3,NONE,-1.0,-0.1,-1.0,-0.1
3,NONE,-1.0,-0.1,-1.0,-0.1
3,NONE,-1.0,-0.1,-1.0,-0.1
2,EV_B13_C008_Mototaxi_Electrica_P10,-1.0,-0.1,7.0,49.35972611432844
1,EV_B13_C008_Mototaxi_Electrica_P10,5.0,76.4639783999087,-1.0,49.35972611432844
1,EV_B13_C008_Mototaxi_Electrica_P10,4.0,76.4639783999087,-1.0,49.35972611432844
1,EV_B13_C008_Mototaxi_Electrica_P10,3.0,76.4639783999087,-1.0,49.35972611432844
1,EV_B13_C008_Mototaxi_Electrica_P10,2.0,76.4639783999087,-1.0,49.35972611432844
1,EV_B13_C008_Mototaxi_Electrica_P10,1.0,76.4639783999087,-1.0,49.35972611432844
1,EV_B13_C008_Mototaxi_Electrica_P10,0.0,76.4639783999087,-1.0,49.35972611432844
3,NONE,-1.0,-0.1,-1.0,-0.1
3,NONE,-1.0,-0.1,-1.0,-0.1
3,NONE,-1.0,-0.1,-1.0,-0.1
3,NONE,-1.0,-0.1,-1.0,-0.1
3,NONE,-1.0,-0.1,-1.0,-0.1
3,NONE,-1.0,-0.1,-1.0,-0.1
3,NONE,-1.0,-0.1,-1.0,-0.1
3,NONE,-1.0,-0.1,-1.0,-0.1
3,NONE,-1.0,-0.1,-1.0,-0.1
3,NONE,-1.0,-0.1,-1.0,-0.1
3,NONE,-1.0,-0.1,-1.0,-0.1
3,NONE,-1.0,-0.1,-1.0,-0.1
3,NONE,-1.0,-0.1,-1.0,-0.1
3,NONE,-1.0,-0.1,-1.0,-0.1
3,NONE,-1.0,-0.1,-1.0,-0.1
3,NONE,-1.0,-0.1,-1.0,-0.1
3,NONE,-1.0,-0.1,-1.0,-0.1
2,EV_B13_C008_Mototaxi_Electrica_P01,-1.0,-0.1,7.0,17.34099199479327
1,EV_B13_C008_Mototaxi_Electrica_P01,7.0,81.1752339703408,-1.0,17.34099199479327
1,EV_B13_C008_Mototaxi_Electrica_P01,6.0,81.1752339703408,-1.0,17.34099199479327
1,EV_B13_C008_Mototaxi_Electrica_P01,5.0,81.1752339703408,-1.0,17.34099199479327
1,EV_B13_C008_Mototaxi_Electrica_P01,4.0,81.1752339703408,-1.0,17.34099199479327
1,EV_B13_C008_Mototaxi_Electrica_P01,3.0,81.1752339703408,-1.0,17.34099199479327
1,EV_B13_C008_Mototaxi_Electrica_P01,2.0,81.1752339703408,-1.0,17.34099199479327
1,EV_B13_C008_Mototaxi_Electrica_P01,1.0,81.1752339703408,-1.0,17.34099199479327
1,EV_B13_C008_Mototaxi_Electrica_P01,0.0,81.1752339703408,-1.0,17.34099199479327
3,NONE,-1.0,-0.1,-1.0,-0.1
3,NONE,-1.0,-0.1,-1.0,-0.1
3,NONE,-1.0,-0.1,-1.0,-0.1
3,NONE,-1.0,-0.1,-1.0,-0.1
3,NONE,-1.0,-0.1,-1.0,-0.1
3,NONE,-1.0,-0.1,-1.0,-0.1
3,NONE,-1.0,-0.1,-1.0,-0.1
3,NONE,-1.0,-0.1,-1.0,-0.1
3,NONE,-1.0,-0.1,-1.0,-0.1
3,NONE,-1.0,-0.1,-1.0,-0.1
3,NONE,-1.0,-0.1,-1.0,-0.1
3,NONE,-1.0,-0.1,-1.0,-0.1
3,NONE,-1.0,-0.1,-1.0,-0.1
3,NONE,-1.0,-0.1,-1.0,-0.1
3,NONE,-1.0,-0.1,-1.0,-0.1
2,EV_B13_C008_Mototaxi_Electrica_P02,-1.0,-0.1,7.0,5.757322841049714
1,EV_B13_C008_Mototaxi_Electrica_P02,7.0,85.98277345531187,-1.0,5.757322841049714
1,EV_B13_C008_Mototaxi_Electrica_P02,6.0,85.98277345531187,-1.0,5.757322841049714
1,EV_B13_C008_Mototaxi_Electrica_P02,5.0,85.98277345531187,-1.0,5.757322841049714
1,EV_B13_C008_Mototaxi_Electrica_P02,4.0,85.98277345531187,-1.0,5.757322841049714
1,EV_B13_C008_Mototaxi_Electrica_P02,3.0,85.98277345531187,-1.0,5.757322841049714
1,EV_B13_C008_Mototaxi_Electrica_P02,2.0,85.98277345531187,-1.0,5.757322841049714
1,EV_B13_C008_Mototaxi_Electrica_P02,1.0,85.98277345531187,-1.0,5.757322841049714
1,EV_B13_C008_Mototaxi_Electrica_P02,0.0,85.98277345531187,-1.0,5.757322841049714
3,NONE,-1.0,-0.1,-1.0,-0.1
3,NONE,-1.0,-0.1,-1.0,-0.1
3,NONE,-1.0,-0.1,-1.0,-0.1
3,NONE,-1.0,-0.1,-1.0,-0.1
3,NONE,-1.0,-0.1,-1.0,-0.1
3,NONE,-1.0,-0.1,-1.0,-0.1
3,NONE,-1.0,-0.1,-1.0,-0.1
3,NONE,-1.0,-0.1,-1.0,-0.1
3,NONE,-1.0,-0.1,-1.0,-0.1
3,NONE,-1.0,-0.1,-1.0,-0.1
3,NONE,-1.0,-0.1,-1.0,-0.1
3,NONE,-1.0,-0.1,-1.0,-0.1
3,NONE,-1.0,-0.1,-1.0,-0.1
3,NONE,-1.0,-0.1,-1.0,-0.1
3,NONE,-1.0,-0.1,-1.0,-0.1
3,NONE,-1.0,-0.1,-1.0,-0.1
3,NONE,-1.0,-0.1,-1.0,-0.1
3,NONE,-1.0,-0.1,-1.0,-0.1
3,NONE,-1.0,-0.1,-1.0,-0.1
3,NONE,-1.0,-0.1,-1.0,-0.1
3,NONE,-1.0,-0.1,-1.0,-0.1
3,NONE,-1.0,-0.1,-1.0,-0.1
3,NONE,-1.0,-0.1,-1.0,-0.1
3,NONE,-1.0,-0.1,-1.0,-0.1
3,NONE,-1.0,-0.1,-1.0,-0.1
3,NONE,-1.0,-0.1,-1.0,-0.1
3,NONE,-1.0,-0.1,-1.0,-0.1
3,NONE,-1.0,-0.1,-1.0,-0.1
3,NONE,-1.0,-0.1,-1.0,-0.1
3,NONE,-1.0,-0.1,-1.0,-0.1
3,NONE,-1.0,-0.1,-1.0,-0.1
3,NONE,-1.0,-0.1,-1.0,-0.1
3,NONE,-1.0,-0.1,-1.0,-0.1
3,NONE,-1.0,-0.1,-1.0,-0.1
3,NONE,-1.0,-0.1,-1.0,-0.1
3,NONE,-1.0,-0.1,-1.0,-0.1
3,NONE,-1.0,-0.1,-1.0,-0.1
3,NONE,-1.0,-0.1,-1.0,-0.1
3,NONE,-1.0,-0.1,-1.0,-0.1
3,NONE,-1.0,-0.1,-1.0,-0.1
3,NONE,-1.0,-0.1,-1.0,-0.1
3,NONE,-1.0,-0.1,-1.0,-0.1
3,NONE,-1.0,-0.1,-1.0,-0.1
3,NONE,-1.0,-0.1,-1.0,-0.1
3,NONE,-1.0,-0.1,-1.0,-0.1
3,NONE,-1.0,-0.1,-1.0,-0.1
3,NONE,-1.0,-0.1,-1.0,-0.1
3,NONE,-1.0,-0.1,-1.0,-0.1
3,NONE,-1.0,-0.1,-1.0,-0.1
3,NONE,-1.0,-0.1,-1.0,-0.1
3,NONE,-1.0,-0.1,-1.0,-0.1
3,NONE,-1.0,-0.1,-1.0,-0.1
3,NONE,-1.0,-0.1,-1.0,-0.1
3,NONE,-1.0,-0.1,-1.0,-0.1
3,NONE,-1.0,-0.1,-1.0,-0.1
3,NONE,-1.0,-0.1,-1.0,-0.1
3,NONE,-1.0,-0.1,-1.0,-0.1
3,NONE,-1.0,-0.1,-1.0,-0.1
3,NONE,-1.0,-0.1,-1.0,-0.1
3,NONE,-1.0,-0.1,-1.0,-0.1
3,NONE,-1.0,-0.1,-1.0,-0.1
3,NONE,-1.0,-0.1,-1.0,-0.1
3,NONE,-1.0,-0.1,-1.0,-0.1
3,NONE,-1.0,-0.1,-1.0,-0.1
3,NONE,-1.0,-0.1,-1.0,-0.1
3,NONE,-1.0,-0.1,-1.0,-0.1
3,NONE,-1.0,-0.1,-1.0,-0.1
3,NONE,-1.0,-0.1,-1.0,-0.1
3,NONE,-1.0,-0.1,-1.0,-0.1
3,NONE,-1.0,-0.1,-1.0,-0.1
3,NONE,-1.0,-0.1,-1.0,-0.1
3,NONE,-1.0,-0.1,-1.0,-0.1
3,NONE,-1.0,-0.1,-1.0,-0.1
3,NONE,-1.0,-0.1,-1.0,-0.1
3,NONE,-1.0,-0.1,-1.0,-0.1
3,NONE,-1.0,-0.1,-1.0,-0.1
3,NONE,-1.0,-0.1,-1.0,-0.1
3,NONE,-1.0,-0.1,-1.0,-0.1
3,NONE,-1.0,-0.1,-1.0,-0.1
3,NONE,-1.0,-0.1,-1.0,-0.1
3,NONE,-1.0,-0.1,-1.0,-0.1
3,NONE,-1.0,-0.1,-1.0,-0.1
3,NONE,-1.0,-0.1,-1.0,-0.1
3,NONE,-1.0,-0.1,-1.0,-0.1
3,NONE,-1.0,-0.1,-1.0,-0.1
3,NONE,-1.0,-0.1,-1.0,-0.1
3,NONE,-1.0,-0.1,-1.0,-0.1
2,EV_B13_C008_Mototaxi_Electrica_P03,-1.0,-0.1,7.0,27.305520328344357
1,EV_B13_C008_Mototaxi_Electrica_P03,7.0,83.34160289034534,-1.0,27.305520328344357
1,EV_B13_C008_Mototaxi_Electrica_P03,6.0,83.34160289034534,-1.0,27.305520328344357
1,EV_B13_C008_Mototaxi_Electrica_P03,5.0,83.34160289034534,-1.0,27.305520328344357
1,EV_B13_C008_Mototaxi_Electrica_P03,4.0,83.34160289034534,-1.0,27.305520328344357
1,EV_B13_C008_Mototaxi_Electrica_P03,3.0,83.34160289034534,-1.0,27.305520328344357
1,EV_B13_C008_Mototaxi_Electrica_P03,2.0,83.34160289034534,-1.0,27.305520328344357
1,EV_B13_C008_Mototaxi_Electrica_P03,1.0,83.34160289034534,-1.0,27.305520328344357
1,EV_B13_C008_Mototaxi_Electrica_P03,0.0,83.34160289034534,-1.0,27.305520328344357
3,NONE,-1.0,-0.1,-1.0,-0.1
3,NONE,-1.0,-0.1,-1.0,-0.1
3,NONE,-1.0,-0.1,-1.0,-0.1
3,NONE,-1.0,-0.1,-1.0,-0.1
3,NONE,-1.0,-0.1,-1.0,-0.1
3,NONE,-1.0,-0.1,-1.0,-0.1
3,NONE,-1.0,-0.1,-1.0,-0.1
3,NONE,-1.0,-0.1,-1.0,-0.1
3,NONE,-1.0,-0.1,-1.0,-0.1
3,NONE,-1.0,-0.1,-1.0,-0.1
3,NONE,-1.0,-0.1,-1.0,-0.1
3,NONE,-1.0,-0.1,-1.0,-0.1
3,NONE,-1.0,-0.1,-1.0,-0.1
3,NONE,-1.0,-0.1,-1.0,-0.1
3,NONE,-1.0,-0.1,-1.0,-0.1
3,NONE,-1.0,-0.1,-1.0,-0.1
3,NONE,-1.0,-0.1,-1.0,-0.1
3,NONE,-1.0,-0.1,-1.0,-0.1
3,NONE,-1.0,-0.1,-1.0,-0.1
3,NONE,-1.0,-0.1,-1.0,-0.1
3,NONE,-1.0,-0.1,-1.0,-0.1
3,NONE,-1.0,-0.1,-1.0,-0.1
3,NONE,-1.0,-0.1,-1.0,-0.1
3,NONE,-1.0,-0.1,-1.0,-0.1
3,NONE,-1.0,-0.1,-1.0,-0.1
3,NONE,-1.0,-0.1,-1.0,-0.1
3,NONE,-1.0,-0.1,-1.0,-0.1
3,NONE,-1.0,-0.1,-1.0,-0.1
3,NONE,-1.0,-0.1,-1.0,-0.1
3,NONE,-1.0,-0.1,-1.0,-0.1
3,NONE,-1.0,-0.1,-1.0,-0.1
3,NONE,-1.0,-0.1,-1.0,-0.1
3,NONE,-1.0,-0.1,-1.0,-0.1
3,NONE,-1.0,-0.1,-1.0,-0.1
3,NONE,-1.0,-0.1,-1.0,-0.1
3,NONE,-1.0,-0.1,-1.0,-0.1
3,NONE,-1.0,-0.1,-1.0,-0.1
3,NONE,-1.0,-0.1,-1.0,-0.1
3,NONE,-1.0,-0.1,-1.0,-0.1
3,NONE,-1.0,-0.1,-1.0,-0.1
3,NONE,-1.0,-0.1,-1.0,-0.1
3,NONE,-1.0,-0.1,-1.0,-0.1
3,NONE,-1.0,-0.1,-1.0,-0.1
3,NONE,-1.0,-0.1,-1.0,-0.1
3,NONE,-1.0,-0.1,-1.0,-0.1
3,NONE,-1.0,-0.1,-1.0,-0.1
3,NONE,-1.0,-0.1,-1.0,-0.1
3,NONE,-1.0,-0.1,-1.0,-0.1
3,NONE,-1.0,-0.1,-1.0,-0.1
3,NONE,-1.0,-0.1,-1.0,-0.1
3,NONE,-1.0,-0.1,-1.0,-0.1
3,NONE,-1.0,-0.1,-1.0,-0.1
3,NONE,-1.0,-0.1,-1.0,-0.1
3,NONE,-1.0,-0.1,-1.0,-0.1
3,NONE,-1.0,-0.1,-1.0,-0.1
3,NONE,-1.0,-0.1,-1.0,-0.1
3,NONE,-1.0,-0.1,-1.0,-0.1
3,NONE,-1.0,-0.1,-1.0,-0.1
3,NONE,-1.0,-0.1,-1.0,-0.1
3,NONE,-1.0,-0.1,-1.0,-0.1
3,NONE,-1.0,-0.1,-1.0,-0.1
3,NONE,-1.0,-0.1,-1.0,-0.1
3,NONE,-1.0,-0.1,-1.0,-0.1
3,NONE,-1.0,-0.1,-1.0,-0.1
3,NONE,-1.0,-0.1,-1.0,-0.1
3,NONE,-1.0,-0.1,-1.0,-0.1
3,NONE,-1.0,-0.1,-1.0,-0.1
3,NONE,-1.0,-0.1,-1.0,-0.1
3,NONE,-1.0,-0.1,-1.0,-0.1
3,NONE,-1.0,-0.1,-1.0,-0.1
3,NONE,-1.0,-0.1,-1.0,-0.1
3,NONE,-1.0,-0.1,-1.0,-0.1
3,NONE,-1.0,-0.1,-1.0,-0.1
3,NONE,-1.0,-0.1,-1.0,-0.1
3,NONE,-1.0,-0.1,-1.0,-0.1
3,NONE,-1.0,-0.1,-1.0,-0.1
3,NONE,-1.0,-0.1,-1.0,-0.1
3,NONE,-1.0,-0.1,-1.0,-0.1
3,NONE,-1.0,-0.1,-1.0,-0.1
3,NONE,-1.0,-0.1,-1.0,-0.1
3,NONE,-1.0,-0.1,-1.0,-0.1
3,NONE,-1.0,-0.1,-1.0,-0.1
3,NONE,-1.0,-0.1,-1.0,-0.1
3,NONE,-1.0,-0.1,-1.0,-0.1
3,NONE,-1.0,-0.1,-1.0,-0.1
3,NONE,-1.0,-0.1,-1.0,-0.1
3,NONE,-1.0,-0.1,-1.0,-0.1
3,NONE,-1.0,-0.1,-1.0,-0.1
3,NONE,-1.0,-0.1,-1.0,-0.1
3,NONE,-1.0,-0.1,-1.0,-0.1
3,NONE,-1.0,-0.1,-1.0,-0.1
3,NONE,-1.0,-0.1,-1.0,-0.1
3,NONE,-1.0,-0.1,-1.0,-0.1
3,NONE,-1.0,-0.1,-1.0,-0.1
3,NONE,-1.0,-0.1,-1.0,-0.1
3,NONE,-1.0,-0.1,-1.0,-0.1
3,NONE,-1.0,-0.1,-1.0,-0.1
3,NONE,-1.0,-0.1,-1.0,-0.1
3,NONE,-1.0,-0.1,-1.0,-0.1
3,NONE,-1.0,-0.1,-1.0,-0.1
3,NONE,-1.0,-0.1,-1.0,-0.1
3,NONE,-1.0,-0.1,-1.0,-0.1
3,NONE,-1.0,-0.1,-1.0,-0.1
3,NONE,-1.0,-0.1,-1.0,-0.1
3,NONE,-1.0,-0.1,-1.0,-0.1
3,NONE,-1.0,-0.1,-1.0,-0.1
3,NONE,-1.0,-0.1,-1.0,-0.1
3,NONE,-1.0,-0.1,-1.0,-0.1
3,NONE,-1.0,-0.1,-1.0,-0.1
3,NONE,-1.0,-0.1,-1.0,-0.1
3,NONE,-1.0,-0.1,-1.0,-0.1
3,NONE,-1.0,-0.1,-1.0,-0.1
3,NONE,-1.0,-0.1,-1.0,-0.1
3,NONE,-1.0,-0.1,-1.0,-0.1
3,NONE,-1.0,-0.1,-1.0,-0.1
3,NONE,-1.0,-0.1,-1.0,-0.1
3,NONE,-1.0,-0.1,-1.0,-0.1
3,NONE,-1.0,-0.1,-1.0,-0.1
3,NONE,-1.0,-0.1,-1.0,-0.1
3,NONE,-1.0,-0.1,-1.0,-0.1
3,NONE,-1.0,-0.1,-1.0,-0.1
3,NONE,-1.0,-0.1,-1.0,-0.1
3,NONE,-1.0,-0.1,-1.0,-0.1
3,NONE,-1.0,-0.1,-1.0,-0.1
3,NONE,-1.0,-0.1,-1.0,-0.1
3,NONE,-1.0,-0.1,-1.0,-0.1
3,NONE,-1.0,-0.1,-1.0,-0.1
3,NONE,-1.0,-0.1,-1.0,-0.1
3,NONE,-1.0,-0.1,-1.0,-0.1
3,NONE,-1.0,-0.1,-1.0,-0.1
3,NONE,-1.0,-0.1,-1.0,-0.1
3,NONE,-1.0,-0.1,-1.0,-0.1
3,NONE,-1.0,-0.1,-1.0,-0.1
3,NONE,-1.0,-0.1,-1.0,-0.1
3,NONE,-1.0,-0.1,-1.0,-0.1
3,NONE,-1.0,-0.1,-1.0,-0.1
3,NONE,-1.0,-0.1,-1.0,-0.1
3,NONE,-1.0,-0.1,-1.0,-0.1
3,NONE,-1.0,-0.1,-1.0,-0.1
3,NONE,-1.0,-0.1,-1.0,-0.1
3,NONE,-1.0,-0.1,-1.0,-0.1
3,NONE,-1.0,-0.1,-1.0,-0.1
3,NONE,-1.0,-0.1,-1.0,-0.1
3,NONE,-1.0,-0.1,-1.0,-0.1
3,NONE,-1.0,-0.1,-1.0,-0.1
3,NONE,-1.0,-0.1,-1.0,-0.1
3,NONE,-1.0,-0.1,-1.0,-0.1
3,NONE,-1.0,-0.1,-1.0,-0.1
3,NONE,-1.0,-0.1,-1.0,-0.1
3,NONE,-1.0,-0.1,-1.0,-0.1
3,NONE,-1.0,-0.1,-1.0,-0.1
3,NONE,-1.0,-0.1,-1.0,-0.1
3,NONE,-1.0,-0.1,-1.0,-0.1
3,NONE,-1.0,-0.1,-1.0,-0.1
3,NONE,-1.0,-0.1,-1.0,-0.1
3,NONE,-1.0,-0.1,-1.0,-0.1
3,NONE,-1.0,-0.1,-1.0,-0.1
3,NONE,-1.0,-0.1,-1.0,-0.1
3,NONE,-1.0,-0.1,-1.0,-0.1
3,NONE,-1.0,-0.1,-1.0,-0.1
3,NONE,-1.0,-0.1,-1.0,-0.1
2,EV_B13_C008_Mototaxi_Electrica_P04,-1.0,-0.1,9.0,36.488643179265516
1,EV_B13_C008_Mototaxi_Electrica_P04,5.0,68.85785506374428,-1.0,36.488643179265516
1,EV_B13_C008_Mototaxi_Electrica_P04,4.0,68.85785506374428,-1.0,36.488643179265516
1,EV_B13_C008_Mototaxi_Electrica_P04,3.0,68.85785506374428,-1.0,36.488643179265516
1,EV_B13_C008_Mototaxi_Electrica_P04,2.0,68.85785506374428,-1.0,36.488643179265516
1,EV_B13_C008_Mototaxi_Electrica_P04,1.0,68.85785506374428,-1.0,36.488643179265516
1,EV_B13_C008_Mototaxi_Electrica_P04,0.0,68.85785506374428,-1.0,36.488643179265516
3,NONE,-1.0,-0.1,-1.0,-0.1
3,NONE,-1.0,-0.1,-1.0,-0.1
3,NONE,-1.0,-0.1,-1.0,-0.1
3,NONE,-1.0,-0.1,-1.0,-0.1
3,NONE,-1.0,-0.1,-1.0,-0.1
3,NONE,-1.0,-0.1,-1.0,-0.1
3,NONE,-1.0,-0.1,-1.0,-0.1
3,NONE,-1.0,-0.1,-1.0,-0.1
3,NONE,-1.0,-0.1,-1.0,-0.1
3,NONE,-1.0,-0.1,-1.0,-0.1
3,NONE,-1.0,-0.1,-1.0,-0.1
3,NONE,-1.0,-0.1,-1.0,-0.1
3,NONE,-1.0,-0.1,-1.0,-0.1
3,NONE,-1.0,-0.1,-1.0,-0.1
3,NONE,-1.0,-0.1,-1.0,-0.1
3,NONE,-1.0,-0.1,-1.0,-0.1
3,NONE,-1.0,-0.1,-1.0,-0.1
3,NONE,-1.0,-0.1,-1.0,-0.1
3,NONE,-1.0,-0.1,-1.0,-0.1
3,NONE,-1.0,-0.1,-1.0,-0.1
3,NONE,-1.0,-0.1,-1.0,-0.1
3,NONE,-1.0,-0.1,-1.0,-0.1
3,NONE,-1.0,-0.1,-1.0,-0.1
3,NONE,-1.0,-0.1,-1.0,-0.1
3,NONE,-1.0,-0.1,-1.0,-0.1
3,NONE,-1.0,-0.1,-1.0,-0.1
3,NONE,-1.0,-0.1,-1.0,-0.1
3,NONE,-1.0,-0.1,-1.0,-0.1
3,NONE,-1.0,-0.1,-1.0,-0.1
3,NONE,-1.0,-0.1,-1.0,-0.1
3,NONE,-1.0,-0.1,-1.0,-0.1
3,NONE,-1.0,-0.1,-1.0,-0.1
3,NONE,-1.0,-0.1,-1.0,-0.1
3,NONE,-1.0,-0.1,-1.0,-0.1
3,NONE,-1.0,-0.1,-1.0,-0.1
3,NONE,-1.0,-0.1,-1.0,-0.1
3,NONE,-1.0,-0.1,-1.0,-0.1
3,NONE,-1.0,-0.1,-1.0,-0.1
3,NONE,-1.0,-0.1,-1.0,-0.1
3,NONE,-1.0,-0.1,-1.0,-0.1
3,NONE,-1.0,-0.1,-1.0,-0.1
2,EV_B13_C008_Mototaxi_Electrica_P05,-1.0,-0.1,9.0,47.55077185498422
1,EV_B13_C008_Mototaxi_Electrica_P05,5.0,87.11040012553366,-1.0,47.55077185498422
1,EV_B13_C008_Mototaxi_Electrica_P05,4.0,87.11040012553366,-1.0,47.55077185498422
1,EV_B13_C008_Mototaxi_Electrica_P05,3.0,87.11040012553366,-1.0,47.55077185498422
1,EV_B13_C008_Mototaxi_Electrica_P05,2.0,87.11040012553366,-1.0,47.55077185498422
1,EV_B13_C008_Mototaxi_Electrica_P05,1.0,87.11040012553366,-1.0,47.55077185498422
1,EV_B13_C008_Mototaxi_Electrica_P05,0.0,87.11040012553366,-1.0,47.55077185498422
3,NONE,-1.0,-0.1,-1.0,-0.1
3,NONE,-1.0,-0.1,-1.0,-0.1
3,NONE,-1.0,-0.1,-1.0,-0.1
3,NONE,-1.0,-0.1,-1.0,-0.1
3,NONE,-1.0,-0.1,-1.0,-0.1
3,NONE,-1.0,-0.1,-1.0,-0.1
3,NONE,-1.0,-0.1,-1.0,-0.1
3,NONE,-1.0,-0.1,-1.0,-0.1
3,NONE,-1.0,-0.1,-1.0,-0.1
3,NONE,-1.0,-0.1,-1.0,-0.1
3,NONE,-1.0,-0.1,-1.0,-0.1
3,NONE,-1.0,-0.1,-1.0,-0.1
3,NONE,-1.0,-0.1,-1.0,-0.1
3,NONE,-1.0,-0.1,-1.0,-0.1
3,NONE,-1.0,-0.1,-1.0,-0.1
3,NONE,-1.0,-0.1,-1.0,-0.1
3,NONE,-1.0,-0.1,-1.0,-0.1
3,NONE,-1.0,-0.1,-1.0,-0.1
2,EV_B13_C008_Mototaxi_Electrica_P06,-1.0,-0.1,10.0,39.40972671743673
1,EV_B13_C008_Mototaxi_Electrica_P06,4.0,76.29544584661905,-1.0,39.40972671743673
1,EV_B13_C008_Mototaxi_Electrica_P06,3.0,76.29544584661905,-1.0,39.40972671743673
1,EV_B13_C008_Mototaxi_Electrica_P06,2.0,76.29544584661905,-1.0,39.40972671743673
1,EV_B13_C008_Mototaxi_Electrica_P06,1.0,76.29544584661905,-1.0,39.40972671743673
1,EV_B13_C008_Mototaxi_Electrica_P06,0.0,76.29544584661905,-1.0,39.40972671743673
3,NONE,-1.0,-0.1,-1.0,-0.1
3,NONE,-1.0,-0.1,-1.0,-0.1
3,NONE,-1.0,-0.1,-1.0,-0.1
3,NONE,-1.0,-0.1,-1.0,-0.1
3,NONE,-1.0,-0.1,-1.0,-0.1
3,NONE,-1.0,-0.1,-1.0,-0.1
3,NONE,-1.0,-0.1,-1.0,-0.1
3,NONE,-1.0,-0.1,-1.0,-0.1
3,NONE,-1.0,-0.1,-1.0,-0.1
3,NONE,-1.0,-0.1,-1.0,-0.1
3,NONE,-1.0,-0.1,-1.0,-0.1
3,NONE,-1.0,-0.1,-1.0,-0.1
3,NONE,-1.0,-0.1,-1.0,-0.1
3,NONE,-1.0,-0.1,-1.0,-0.1
3,NONE,-1.0,-0.1,-1.0,-0.1
2,EV_B13_C008_Mototaxi_Electrica_P07,-1.0,-0.1,7.0,12.89828795185927
1,EV_B13_C008_Mototaxi_Electrica_P07,6.0,71.11007108999112,-1.0,12.89828795185927
1,EV_B13_C008_Mototaxi_Electrica_P07,5.0,71.11007108999112,-1.0,12.89828795185927
1,EV_B13_C008_Mototaxi_Electrica_P07,4.0,71.11007108999112,-1.0,12.89828795185927
1,EV_B13_C008_Mototaxi_Electrica_P07,3.0,71.11007108999112,-1.0,12.89828795185927
1,EV_B13_C008_Mototaxi_Electrica_P07,2.0,71.11007108999112,-1.0,12.89828795185927
1,EV_B13_C008_Mototaxi_Electrica_P07,1.0,71.11007108999112,-1.0,12.89828795185927
1,EV_B13_C008_Mototaxi_Electrica_P07,0.0,71.11007108999112,-1.0,12.89828795185927
3,NONE,-1.0,-0.1,-1.0,-0.1
3,NONE,-1.0,-0.1,-1.0,-0.1
3,NONE,-1.0,-0.1,-1.0,-0.1
3,NONE,-1.0,-0.1,-1.0,-0.1
3,NONE,-1.0,-0.1,-1.0,-0.1
3,NONE,-1.0,-0.1,-1.0,-0.1
3,NONE,-1.0,-0.1,-1.0,-0.1
3,NONE,-1.0,-0.1,-1.0,-0.1
3,NONE,-1.0,-0.1,-1.0,-0.1
3,NONE,-1.0,-0.1,-1.0,-0.1
3,NONE,-1.0,-0.1,-1.0,-0.1
3,NONE,-1.0,-0.1,-1.0,-0.1
3,NONE,-1.0,-0.1,-1.0,-0.1
3,NONE,-1.0,-0.1,-1.0,-0.1
3,NONE,-1.0,-0.1,-1.0,-0.1
3,NONE,-1.0,-0.1,-1.0,-0.1
3,NONE,-1.0,-0.1,-1.0,-0.1
3,NONE,-1.0,-0.1,-1.0,-0.1
3,NONE,-1.0,-0.1,-1.0,-0.1
3,NONE,-1.0,-0.1,-1.0,-0.1
3,NONE,-1.0,-0.1,-1.0,-0.1
3,NONE,-1.0,-0.1,-1.0,-0.1
3,NONE,-1.0,-0.1,-1.0,-0.1
3,NONE,-1.0,-0.1,-1.0,-0.1
3,NONE,-1.0,-0.1,-1.0,-0.1
3,NONE,-1.0,-0.1,-1.0,-0.1
3,NONE,-1.0,-0.1,-1.0,-0.1
3,NONE,-1.0,-0.1,-1.0,-0.1
3,NONE,-1.0,-0.1,-1.0,-0.1
3,NONE,-1.0,-0.1,-1.0,-0.1
3,NONE,-1.0,-0.1,-1.0,-0.1
3,NONE,-1.0,-0.1,-1.0,-0.1
3,NONE,-1.0,-0.1,-1.0,-0.1
3,NONE,-1.0,-0.1,-1.0,-0.1
3,NONE,-1.0,-0.1,-1.0,-0.1
3,NONE,-1.0,-0.1,-1.0,-0.1
3,NONE,-1.0,-0.1,-1.0,-0.1
3,NONE,-1.0,-0.1,-1.0,-0.1
3,NONE,-1.0,-0.1,-1.0,-0.1
3,NONE,-1.0,-0.1,-1.0,-0.1
3,NONE,-1.0,-0.1,-1.0,-0.1
3,NONE,-1.0,-0.1,-1.0,-0.1
3,NONE,-1.0,-0.1,-1.0,-0.1
3,NONE,-1.0,-0.1,-1.0,-0.1
3,NONE,-1.0,-0.1,-1.0,-0.1
3,NONE,-1.0,-0.1,-1.0,-0.1
3,NONE,-1.0,-0.1,-1.0,-0.1
3,NONE,-1.0,-0.1,-1.0,-0.1
3,NONE,-1.0,-0.1,-1.0,-0.1
3,NONE,-1.0,-0.1,-1.0,-0.1
3,NONE,-1.0,-0.1,-1.0,-0.1
3,NONE,-1.0,-0.1,-1.0,-0.1
3,NONE,-1.0,-0.1,-1.0,-0.1
3,NONE,-1.0,-0.1,-1.0,-0.1
3,NONE,-1.0,-0.1,-1.0,-0.1
3,NONE,-1.0,-0.1,-1.0,-0.1
3,NONE,-1.0,-0.1,-1.0,-0.1
3,NONE,-1.0,-0.1,-1.0,-0.1
3,NONE,-1.0,-0.1,-1.0,-0.1
3,NONE,-1.0,-0.1,-1.0,-0.1
3,NONE,-1.0,-0.1,-1.0,-0.1
3,NONE,-1.0,-0.1,-1.0,-0.1
3,NONE,-1.0,-0.1,-1.0,-0.1
3,NONE,-1.0,-0.1,-1.0,-0.1
2,EV_B13_C008_Mototaxi_Electrica_P08,-1.0,-0.1,7.0,55.484302083821355
1,EV_B13_C008_Mototaxi_Electrica_P08,7.0,91.45905115339681,-1.0,55.484302083821355
1,EV_B13_C008_Mototaxi_Electrica_P08,6.0,91.45905115339681,-1.0,55.484302083821355
1,EV_B13_C008_Mototaxi_Electrica_P08,5.0,91.45905115339681,-1.0,55.484302083821355
1,EV_B13_C008_Mototaxi_Electrica_P08,4.0,91.45905115339681,-1.0,55.484302083821355
1,EV_B13_C008_Mototaxi_Electrica_P08,3.0,91.45905115339681,-1.0,55.484302083821355
1,EV_B13_C008_Mototaxi_Electrica_P08,2.0,91.45905115339681,-1.0,55.484302083821355
1,EV_B13_C008_Mototaxi_Electrica_P08,1.0,91.45905115339681,-1.0,55.484302083821355
1,EV_B13_C008_Mototaxi_Electrica_P08,0.0,91.45905115339681,-1.0,55.484302083821355
3,NONE,-1.0,-0.1,-1.0,-0.1
3,NONE,-1.0,-0.1,-1.0,-0.1
3,NONE,-1.0,-0.1,-1.0,-0.1
3,NONE,-1.0,-0.1,-1.0,-0.1
3,NONE,-1.0,-0.1,-1.0,-0.1
3,NONE,-1.0,-0.1,-1.0,-0.1
3,NONE,-1.0,-0.1,-1.0,-0.1
3,NONE,-1.0,-0.1,-1.0,-0.1
3,NONE,-1.0,-0.1,-1.0,-0.1
3,NONE,-1.0,-0.1,-1.0,-0.1
3,NONE,-1.0,-0.1,-1.0,-0.1
3,NONE,-1.0,-0.1,-1.0,-0.1
3,NONE,-1.0,-0.1,-1.0,-0.1
3,NONE,-1.0,-0.1,-1.0,-0.1
3,NONE,-1.0,-0.1,-1.0,-0.1
3,NONE,-1.0,-0.1,-1.0,-0.1
2,EV_B13_C008_Mototaxi_Electrica_P09,-1.0,-0.1,8.0,48.50781414324438
1,EV_B13_C008_Mototaxi_Electrica_P09,6.0,96.59904824693616,-1.0,48.50781414324438
1,EV_B13_C008_Mototaxi_Electrica_P09,5.0,96.59904824693616,-1.0,48.50781414324438
1,EV_B13_C008_Mototaxi_Electrica_P09,4.0,96.59904824693616,-1.0,48.50781414324438
1,EV_B13_C008_Mototaxi_Electrica_P09,3.0,96.59904824693616,-1.0,48.50781414324438
1,EV_B13_C008_Mototaxi_Electrica_P09,2.0,96.59904824693616,-1.0,48.50781414324438
1,EV_B13_C008_Mototaxi_Electrica_P09,1.0,96.59904824693616,-1.0,48.50781414324438
1,EV_B13_C008_Mototaxi_Electrica_P09,0.0,96.59904824693616,-1.0,48.50781414324438
3,NONE,-1.0,-0.1,-1.0,-0.1
3,NONE,-1.0,-0.1,-1.0,-0.1
3,NONE,-1.0,-0.1,-1.0,-0.1
3,NONE,-1.0,-0.1,-1.0,-0.1
3,NONE,-1.0,-0.1,-1.0,-0.1
3,NONE,-1.0,-0.1,-1.0,-0.1
3,NONE,-1.0,-0.1,-1.0,-0.1
3,NONE,-1.0,-0.1,-1.0,-0.1
3,NONE,-1.0,-0.1,-1.0,-0.1
3,NONE,-1.0,-0.1,-1.0,-0.1
3,NONE,-1.0,-0.1,-1.0,-0.1
3,NONE,-1.0,-0.1,-1.0,-0.1
3,NONE,-1.0,-0.1,-1.0,-0.1
3,NONE,-1.0,-0.1,-1.0,-0.1
3,NONE,-1.0,-0.1,-1.0,-0.1
3,NONE,-1.0,-0.1,-1.0,-0.1
2,EV_B13_C008_Mototaxi_Electrica_P10,-1.0,-0.1,8.0,50.67962709545485
1,EV_B13_C008_Mototaxi_Electrica_P10,6.0,85.38827673229548,-1.0,50.67962709545485
1,EV_B13_C008_Mototaxi_Electrica_P10,5.0,85.38827673229548,-1.0,50.67962709545485
1,EV_B13_C008_Mototaxi_Electrica_P10,4.0,85.38827673229548,-1.0,50.67962709545485
1,EV_B13_C008_Mototaxi_Electrica_P10,3.0,85.38827673229548,-1.0,50.67962709545485
1,EV_B13_C008_Mototaxi_Electrica_P10,2.0,85.38827673229548,-1.0,50.67962709545485
1,EV_B13_C008_Mototaxi_Electrica_P10,1.0,85.38827673229548,-1.0,50.67962709545485
1,EV_B13_C008_Mototaxi_Electrica_P10,0.0,85.38827673229548,-1.0,50.67962709545485
3,NONE,-1.0,-0.1,-1.0,-0.1
3,NONE,-1.0,-0.1,-1.0,-0.1
3,NONE,-1.0,-0.1,-1.0,-0.1
3,NONE,-1.0,-0.1,-1.0,-0.1
3,NONE,-1.0,-0.1,-1.0,-0.1
3,NONE,-1.0,-0.1,-1.0,-0.1
3,NONE,-1.0,-0.1,-1.0,-0.1
3,NONE,-1.0,-0.1,-1.0,-0.1
3,NONE,-1.0,-0.1,-1.0,-0.1
3,NONE,-1.0,-0.1,-1.0,-0.1
3,NONE,-1.0,-0.1,-1.0,-0.1
3,NONE,-1.0,-0.1,-1.0,-0.1
3,NONE,-1.0,-0.1,-1.0,-0.1
3,NONE,-1.0,-0.1,-1.0,-0.1
3,NONE,-1.0,-0.1,-1.0,-0.1
3,NONE,-1.0,-0.1,-1.0,-0.1
2,EV_B13_C008_Mototaxi_Electrica_P01,-1.0,-0.1,8.0,39.4751657173874
1,EV_B13_C008_Mototaxi_Electrica_P01,6.0,83.28115965764799,-1.0,39.4751657173874
1,EV_B13_C008_Mototaxi_Electrica_P01,5.0,83.28115965764799,-1.0,39.4751657173874
1,EV_B13_C008_Mototaxi_Electrica_P01,4.0,83.28115965764799,-1.0,39.4751657173874
1,EV_B13_C008_Mototaxi_Electrica_P01,3.0,83.28115965764799,-1.0,39.4751657173874
1,EV_B13_C008_Mototaxi_Electrica_P01,2.0,83.28115965764799,-1.0,39.4751657173874
1,EV_B13_C008_Mototaxi_Electrica_P01,1.0,83.28115965764799,-1.0,39.4751657173874
1,EV_B13_C008_Mototaxi_Electrica_P01,0.0,83.28115965764799,-1.0,39.4751657173874
3,NONE,-1.0,-0.1,-1.0,-0.1
3,NONE,-1.0,-0.1,-1.0,-0.1
3,NONE,-1.0,-0.1,-1.0,-0.1
3,NONE,-1.0,-0.1,-1.0,-0.1
3,NONE,-1.0,-0.1,-1.0,-0.1
3,NONE,-1.0,-0.1,-1.0,-0.1
3,NONE,-1.0,-0.1,-1.0,-0.1
3,NONE,-1.0,-0.1,-1.0,-0.1
3,NONE,-1.0,-0.1,-1.0,-0.1
3,NONE,-1.0,-0.1,-1.0,-0.1
3,NONE,-1.0,-0.1,-1.0,-0.1
3,NONE,-1.0,-0.1,-1.0,-0.1
3,NONE,-1.0,-0.1,-1.0,-0.1
3,NONE,-1.0,-0.1,-1.0,-0.1
3,NONE,-1.0,-0.1,-1.0,-0.1
3,NONE,-1.0,-0.1,-1.0,-0.1
3,NONE,-1.0,-0.1,-1.0,-0.1
3,NONE,-1.0,-0.1,-1.0,-0.1
3,NONE,-1.0,-0.1,-1.0,-0.1
3,NONE,-1.0,-0.1,-1.0,-0.1
3,NONE,-1.0,-0.1,-1.0,-0.1
3,NONE,-1.0,-0.1,-1.0,-0.1
3,NONE,-1.0,-0.1,-1.0,-0.1
3,NONE,-1.0,-0.1,-1.0,-0.1
3,NONE,-1.0,-0.1,-1.0,-0.1
3,NONE,-1.0,-0.1,-1.0,-0.1
3,NONE,-1.0,-0.1,-1.0,-0.1
3,NONE,-1.0,-0.1,-1.0,-0.1
3,NONE,-1.0,-0.1,-1.0,-0.1
3,NONE,-1.0,-0.1,-1.0,-0.1
3,NONE,-1.0,-0.1,-1.0,-0.1
3,NONE,-1.0,-0.1,-1.0,-0.1
3,NONE,-1.0,-0.1,-1.0,-0.1
3,NONE,-1.0,-0.1,-1.0,-0.1
3,NONE,-1.0,-0.1,-1.0,-0.1
3,NONE,-1.0,-0.1,-1.0,-0.1
3,NONE,-1.0,-0.1,-1.0,-0.1
3,NONE,-1.0,-0.1,-1.0,-0.1
3,NONE,-1.0,-0.1,-1.0,-0.1
3,NONE,-1.0,-0.1,-1.0,-0.1
3,NONE,-1.0,-0.1,-1.0,-0.1
3,NONE,-1.0,-0.1,-1.0,-0.1
3,NONE,-1.0,-0.1,-1.0,-0.1
3,NONE,-1.0,-0.1,-1.0,-0.1
3,NONE,-1.0,-0.1,-1.0,-0.1
3,NONE,-1.0,-0.1,-1.0,-0.1
3,NONE,-1.0,-0.1,-1.0,-0.1
3,NONE,-1.0,-0.1,-1.0,-0.1
3,NONE,-1.0,-0.1,-1.0,-0.1
3,NONE,-1.0,-0.1,-1.0,-0.1
3,NONE,-1.0,-0.1,-1.0,-0.1
3,NONE,-1.0,-0.1,-1.0,-0.1
3,NONE,-1.0,-0.1,-1.0,-0.1
3,NONE,-1.0,-0.1,-1.0,-0.1
3,NONE,-1.0,-0.1,-1.0,-0.1
3,NONE,-1.0,-0.1,-1.0,-0.1
3,NONE,-1.0,-0.1,-1.0,-0.1
3,NONE,-1.0,-0.1,-1.0,-0.1
3,NONE,-1.0,-0.1,-1.0,-0.1
3,NONE,-1.0,-0.1,-1.0,-0.1
3,NONE,-1.0,-0.1,-1.0,-0.1
3,NONE,-1.0,-0.1,-1.0,-0.1
3,NONE,-1.0,-0.1,-1.0,-0.1
3,NONE,-1.0,-0.1,-1.0,-0.1
3,NONE,-1.0,-0.1,-1.0,-0.1
3,NONE,-1.0,-0.1,-1.0,-0.1
3,NONE,-1.0,-0.1,-1.0,-0.1
3,NONE,-1.0,-0.1,-1.0,-0.1
3,NONE,-1.0,-0.1,-1.0,-0.1
3,NONE,-1.0,-0.1,-1.0,-0.1
3,NONE,-1.0,-0.1,-1.0,-0.1
3,NONE,-1.0,-0.1,-1.0,-0.1
3,NONE,-1.0,-0.1,-1.0,-0.1
3,NONE,-1.0,-0.1,-1.0,-0.1
3,NONE,-1.0,-0.1,-1.0,-0.1
3,NONE,-1.0,-0.1,-1.0,-0.1
3,NONE,-1.0,-0.1,-1.0,-0.1
3,NONE,-1.0,-0.1,-1.0,-0.1
3,NONE,-1.0,-0.1,-1.0,-0.1
3,NONE,-1.0,-0.1,-1.0,-0.1
3,NONE,-1.0,-0.1,-1.0,-0.1
3,NONE,-1.0,-0.1,-1.0,-0.1
3,NONE,-1.0,-0.1,-1.0,-0.1
3,NONE,-1.0,-0.1,-1.0,-0.1
3,NONE,-1.0,-0.1,-1.0,-0.1
3,NONE,-1.0,-0.1,-1.0,-0.1
3,NONE,-1.0,-0.1,-1.0,-0.1
3,NONE,-1.0,-0.1,-1.0,-0.1
3,NONE,-1.0,-0.1,-1.0,-0.1
2,EV_B13_C008_Mototaxi_Electrica_P02,-1.0,-0.1,9.0,30.75272723011035
1,EV_B13_C008_Mototaxi_Electrica_P02,5.0,87.95385633527502,-1.0,30.75272723011035
1,EV_B13_C008_Mototaxi_Electrica_P02,4.0,87.95385633527502,-1.0,30.75272723011035
1,EV_B13_C008_Mototaxi_Electrica_P02,3.0,87.95385633527502,-1.0,30.75272723011035
1,EV_B13_C008_Mototaxi_Electrica_P02,2.0,87.95385633527502,-1.0,30.75272723011035
1,EV_B13_C008_Mototaxi_Electrica_P02,1.0,87.95385633527502,-1.0,30.75272723011035
1,EV_B13_C008_Mototaxi_Electrica_P02,0.0,87.95385633527502,-1.0,30.75272723011035
3,NONE,-1.0,-0.1,-1.0,-0.1
3,NONE,-1.0,-0.1,-1.0,-0.1
3,NONE,-1.0,-0.1,-1.0,-0.1
3,NONE,-1.0,-0.1,-1.0,-0.1
3,NONE,-1.0,-0.1,-1.0,-0.1
3,NONE,-1.0,-0.1,-1.0,-0.1
3,NONE,-1.0,-0.1,-1.0,-0.1
3,NONE,-1.0,-0.1,-1.0,-0.1
3,NONE,-1.0,-0.1,-1.0,-0.1
3,NONE,-1.0,-0.1,-1.0,-0.1
3,NONE,-1.0,-0.1,-1.0,-0.1
3,NONE,-1.0,-0.1,-1.0,-0.1
3,NONE,-1.0,-0.1,-1.0,-0.1
3,NONE,-1.0,-0.1,-1.0,-0.1
3,NONE,-1.0,-0.1,-1.0,-0.1
2,EV_B13_C008_Mototaxi_Electrica_P03,-1.0,-0.1,7.0,32.82312566823234
1,EV_B13_C008_Mototaxi_Electrica_P03,6.0,74.24530390278113,-1.0,32.82312566823234
1,EV_B13_C008_Mototaxi_Electrica_P03,5.0,74.24530390278113,-1.0,32.82312566823234
1,EV_B13_C008_Mototaxi_Electrica_P03,4.0,74.24530390278113,-1.0,32.82312566823234
1,EV_B13_C008_Mototaxi_Electrica_P03,3.0,74.24530390278113,-1.0,32.82312566823234
1,EV_B13_C008_Mototaxi_Electrica_P03,2.0,74.24530390278113,-1.0,32.82312566823234
1,EV_B13_C008_Mototaxi_Electrica_P03,1.0,74.24530390278113,-1.0,32.82312566823234
1,EV_B13_C008_Mototaxi_Electrica_P03,0.0,74.24530390278113,-1.0,32.82312566823234
3,NONE,-1.0,-0.1,-1.0,-0.1
3,NONE,-1.0,-0.1,-1.0,-0.1
3,NONE,-1.0,-0.1,-1.0,-0.1
3,NONE,-1.0,-0.1,-1.0,-0.1
3,NONE,-1.0,-0.1,-1.0,-0.1
3,NONE,-1.0,-0.1,-1.0,-0.1
3,NONE,-1.0,-0.1,-1.0,-0.1
3,NONE,-1.0,-0.1,-1.0,-0.1
3,NONE,-1.0,-0.1,-1.0,-0.1
3,NONE,-1.0,-0.1,-1.0,-0.1
3,NONE,-1.0,-0.1,-1.0,-0.1
3,NONE,-1.0,-0.1,-1.0,-0.1
3,NONE,-1.0,-0.1,-1.0,-0.1
3,NONE,-1.0,-0.1,-1.0,-0.1
3,NONE,-1.0,-0.1,-1.0,-0.1
3,NONE,-1.0,-0.1,-1.0,-0.1
2,EV_B13_C008_Mototaxi_Electrica_P04,-1.0,-0.1,7.0,40.25118828470199
1,EV_B13_C008_Mototaxi_Electrica_P04,7.0,79.04494706547193,-1.0,40.25118828470199
1,EV_B13_C008_Mototaxi_Electrica_P04,6.0,79.04494706547193,-1.0,40.25118828470199
1,EV_B13_C008_Mototaxi_Electrica_P04,5.0,79.04494706547193,-1.0,40.25118828470199
1,EV_B13_C008_Mototaxi_Electrica_P04,4.0,79.04494706547193,-1.0,40.25118828470199
1,EV_B13_C008_Mototaxi_Electrica_P04,3.0,79.04494706547193,-1.0,40.25118828470199
1,EV_B13_C008_Mototaxi_Electrica_P04,2.0,79.04494706547193,-1.0,40.25118828470199
1,EV_B13_C008_Mototaxi_Electrica_P04,1.0,79.04494706547193,-1.0,40.25118828470199
1,EV_B13_C008_Mototaxi_Electrica_P04,0.0,79.04494706547193,-1.0,40.25118828470199
3,NONE,-1.0,-0.1,-1.0,-0.1
3,NONE,-1.0,-0.1,-1.0,-0.1
3,NONE,-1.0,-0.1,-1.0,-0.1
3,NONE,-1.0,-0.1,-1.0,-0.1
3,NONE,-1.0,-0.1,-1.0,-0.1
3,NONE,-1.0,-0.1,-1.0,-0.1
3,NONE,-1.0,-0.1,-1.0,-0.1
3,NONE,-1.0,-0.1,-1.0,-0.1
3,NONE,-1.0,-0.1,-1.0,-0.1
3,NONE,-1.0,-0.1,-1.0,-0.1
3,NONE,-1.0,-0.1,-1.0,-0.1
3,NONE,-1.0,-0.1,-1.0,-0.1
3,NONE,-1.0,-0.1,-1.0,-0.1
3,NONE,-1.0,-0.1,-1.0,-0.1
3,NONE,-1.0,-0.1,-1.0,-0.1
3,NONE,-1.0,-0.1,-1.0,-0.1
3,NONE,-1.0,-0.1,-1.0,-0.1
3,NONE,-1.0,-0.1,-1.0,-0.1
3,NONE,-1.0,-0.1,-1.0,-0.1
3,NONE,-1.0,-0.1,-1.0,-0.1
3,NONE,-1.0,-0.1,-1.0,-0.1
3,NONE,-1.0,-0.1,-1.0,-0.1
3,NONE,-1.0,-0.1,-1.0,-0.1
3,NONE,-1.0,-0.1,-1.0,-0.1
3,NONE,-1.0,-0.1,-1.0,-0.1
3,NONE,-1.0,-0.1,-1.0,-0.1
3,NONE,-1.0,-0.1,-1.0,-0.1
3,NONE,-1.0,-0.1,-1.0,-0.1
3,NONE,-1.0,-0.1,-1.0,-0.1
3,NONE,-1.0,-0.1,-1.0,-0.1
3,NONE,-1.0,-0.1,-1.0,-0.1
3,NONE,-1.0,-0.1,-1.0,-0.1
3,NONE,-1.0,-0.1,-1.0,-0.1
3,NONE,-1.0,-0.1,-1.0,-0.1
3,NONE,-1.0,-0.1,-1.0,-0.1
3,NONE,-1.0,-0.1,-1.0,-0.1
3,NONE,-1.0,-0.1,-1.0,-0.1
3,NONE,-1.0,-0.1,-1.0,-0.1
3,NONE,-1.0,-0.1,-1.0,-0.1
2,EV_B13_C008_Mototaxi_Electrica_P05,-1.0,-0.1,7.0,52.54702546031593
1,EV_B13_C008_Mototaxi_Electrica_P05,6.0,74.86685102025878,-1.0,52.54702546031593
1,EV_B13_C008_Mototaxi_Electrica_P05,5.0,74.86685102025878,-1.0,52.54702546031593
1,EV_B13_C008_Mototaxi_Electrica_P05,4.0,74.86685102025878,-1.0,52.54702546031593
1,EV_B13_C008_Mototaxi_Electrica_P05,3.0,74.86685102025878,-1.0,52.54702546031593
1,EV_B13_C008_Mototaxi_Electrica_P05,2.0,74.86685102025878,-1.0,52.54702546031593
1,EV_B13_C008_Mototaxi_Electrica_P05,1.0,74.86685102025878,-1.0,52.54702546031593
1,EV_B13_C008_Mototaxi_Electrica_P05,0.0,74.86685102025878,-1.0,52.54702546031593
3,NONE,-1.0,-0.1,-1.0,-0.1
3,NONE,-1.0,-0.1,-1.0,-0.1
3,NONE,-1.0,-0.1,-1.0,-0.1
3,NONE,-1.0,-0.1,-1.0,-0.1
3,NONE,-1.0,-0.1,-1.0,-0.1
3,NONE,-1.0,-0.1,-1.0,-0.1
3,NONE,-1.0,-0.1,-1.0,-0.1
3,NONE,-1.0,-0.1,-1.0,-0.1
3,NONE,-1.0,-0.1,-1.0,-0.1
3,NONE,-1.0,-0.1,-1.0,-0.1
3,NONE,-1.0,-0.1,-1.0,-0.1
3,NONE,-1.0,-0.1,-1.0,-0.1
3,NONE,-1.0,-0.1,-1.0,-0.1
3,NONE,-1.0,-0.1,-1.0,-0.1
3,NONE,-1.0,-0.1,-1.0,-0.1
3,NONE,-1.0,-0.1,-1.0,-0.1
3,NONE,-1.0,-0.1,-1.0,-0.1
3,NONE,-1.0,-0.1,-1.0,-0.1
3,NONE,-1.0,-0.1,-1.0,-0.1
3,NONE,-1.0,-0.1,-1.0,-0.1
3,NONE,-1.0,-0.1,-1.0,-0.1
3,NONE,-1.0,-0.1,-1.0,-0.1
3,NONE,-1.0,-0.1,-1.0,-0.1
3,NONE,-1.0,-0.1,-1.0,-0.1
3,NONE,-1.0,-0.1,-1.0,-0.1
3,NONE,-1.0,-0.1,-1.0,-0.1
3,NONE,-1.0,-0.1,-1.0,-0.1
3,NONE,-1.0,-0.1,-1.0,-0.1
3,NONE,-1.0,-0.1,-1.0,-0.1
3,NONE,-1.0,-0.1,-1.0,-0.1
3,NONE,-1.0,-0.1,-1.0,-0.1
3,NONE,-1.0,-0.1,-1.0,-0.1
3,NONE,-1.0,-0.1,-1.0,-0.1
3,NONE,-1.0,-0.1,-1.0,-0.1
3,NONE,-1.0,-0.1,-1.0,-0.1
3,NONE,-1.0,-0.1,-1.0,-0.1
3,NONE,-1.0,-0.1,-1.0,-0.1
3,NONE,-1.0,-0.1,-1.0,-0.1
3,NONE,-1.0,-0.1,-1.0,-0.1
3,NONE,-1.0,-0.1,-1.0,-0.1
3,NONE,-1.0,-0.1,-1.0,-0.1
3,NONE,-1.0,-0.1,-1.0,-0.1
3,NONE,-1.0,-0.1,-1.0,-0.1
3,NONE,-1.0,-0.1,-1.0,-0.1
3,NONE,-1.0,-0.1,-1.0,-0.1
3,NONE,-1.0,-0.1,-1.0,-0.1
3,NONE,-1.0,-0.1,-1.0,-0.1
3,NONE,-1.0,-0.1,-1.0,-0.1
3,NONE,-1.0,-0.1,-1.0,-0.1
3,NONE,-1.0,-0.1,-1.0,-0.1
3,NONE,-1.0,-0.1,-1.0,-0.1
3,NONE,-1.0,-0.1,-1.0,-0.1
3,NONE,-1.0,-0.1,-1.0,-0.1
3,NONE,-1.0,-0.1,-1.0,-0.1
3,NONE,-1.0,-0.1,-1.0,-0.1
3,NONE,-1.0,-0.1,-1.0,-0.1
3,NONE,-1.0,-0.1,-1.0,-0.1
3,NONE,-1.0,-0.1,-1.0,-0.1
3,NONE,-1.0,-0.1,-1.0,-0.1
3,NONE,-1.0,-0.1,-1.0,-0.1
3,NONE,-1.0,-0.1,-1.0,-0.1
3,NONE,-1.0,-0.1,-1.0,-0.1
3,NONE,-1.0,-0.1,-1.0,-0.1
3,NONE,-1.0,-0.1,-1.0,-0.1
3,NONE,-1.0,-0.1,-1.0,-0.1
2,EV_B13_C008_Mototaxi_Electrica_P06,-1.0,-0.1,8.0,43.62542450940736
1,EV_B13_C008_Mototaxi_Electrica_P06,6.0,89.83537243743218,-1.0,43.62542450940736
1,EV_B13_C008_Mototaxi_Electrica_P06,5.0,89.83537243743218,-1.0,43.62542450940736
1,EV_B13_C008_Mototaxi_Electrica_P06,4.0,89.83537243743218,-1.0,43.62542450940736
1,EV_B13_C008_Mototaxi_Electrica_P06,3.0,89.83537243743218,-1.0,43.62542450940736
1,EV_B13_C008_Mototaxi_Electrica_P06,2.0,89.83537243743218,-1.0,43.62542450940736
1,EV_B13_C008_Mototaxi_Electrica_P06,1.0,89.83537243743218,-1.0,43.62542450940736
1,EV_B13_C008_Mototaxi_Electrica_P06,0.0,89.83537243743218,-1.0,43.62542450940736
3,NONE,-1.0,-0.1,-1.0,-0.1
3,NONE,-1.0,-0.1,-1.0,-0.1
3,NONE,-1.0,-0.1,-1.0,-0.1
3,NONE,-1.0,-0.1,-1.0,-0.1
3,NONE,-1.0,-0.1,-1.0,-0.1
3,NONE,-1.0,-0.1,-1.0,-0.1
3,NONE,-1.0,-0.1,-1.0,-0.1
3,NONE,-1.0,-0.1,-1.0,-0.1
3,NONE,-1.0,-0.1,-1.0,-0.1
3,NONE,-1.0,-0.1,-1.0,-0.1
3,NONE,-1.0,-0.1,-1.0,-0.1
3,NONE,-1.0,-0.1,-1.0,-0.1
3,NONE,-1.0,-0.1,-1.0,-0.1
3,NONE,-1.0,-0.1,-1.0,-0.1
3,NONE,-1.0,-0.1,-1.0,-0.1
3,NONE,-1.0,-0.1,-1.0,-0.1
2,EV_B13_C008_Mototaxi_Electrica_P07,-1.0,-0.1,8.0,14.751526457606435
1,EV_B13_C008_Mototaxi_Electrica_P07,6.0,74.97100352804055,-1.0,14.751526457606435
1,EV_B13_C008_Mototaxi_Electrica_P07,5.0,74.97100352804055,-1.0,14.751526457606435
1,EV_B13_C008_Mototaxi_Electrica_P07,4.0,74.97100352804055,-1.0,14.751526457606435
1,EV_B13_C008_Mototaxi_Electrica_P07,3.0,74.97100352804055,-1.0,14.751526457606435
1,EV_B13_C008_Mototaxi_Electrica_P07,2.0,74.97100352804055,-1.0,14.751526457606435
1,EV_B13_C008_Mototaxi_Electrica_P07,1.0,74.97100352804055,-1.0,14.751526457606435
1,EV_B13_C008_Mototaxi_Electrica_P07,0.0,74.97100352804055,-1.0,14.751526457606435
3,NONE,-1.0,-0.1,-1.0,-0.1
3,NONE,-1.0,-0.1,-1.0,-0.1
3,NONE,-1.0,-0.1,-1.0,-0.1
3,NONE,-1.0,-0.1,-1.0,-0.1
3,NONE,-1.0,-0.1,-1.0,-0.1
3,NONE,-1.0,-0.1,-1.0,-0.1
3,NONE,-1.0,-0.1,-1.0,-0.1
3,NONE,-1.0,-0.1,-1.0,-0.1
3,NONE,-1.0,-0.1,-1.0,-0.1
3,NONE,-1.0,-0.1,-1.0,-0.1
3,NONE,-1.0,-0.1,-1.0,-0.1
3,NONE,-1.0,-0.1,-1.0,-0.1
3,NONE,-1.0,-0.1,-1.0,-0.1
3,NONE,-1.0,-0.1,-1.0,-0.1
3,NONE,-1.0,-0.1,-1.0,-0.1
3,NONE,-1.0,-0.1,-1.0,-0.1
3,NONE,-1.0,-0.1,-1.0,-0.1
3,NONE,-1.0,-0.1,-1.0,-0.1
3,NONE,-1.0,-0.1,-1.0,-0.1
3,NONE,-1.0,-0.1,-1.0,-0.1
3,NONE,-1.0,-0.1,-1.0,-0.1
3,NONE,-1.0,-0.1,-1.0,-0.1
3,NONE,-1.0,-0.1,-1.0,-0.1
3,NONE,-1.0,-0.1,-1.0,-0.1
3,NONE,-1.0,-0.1,-1.0,-0.1
3,NONE,-1.0,-0.1,-1.0,-0.1
3,NONE,-1.0,-0.1,-1.0,-0.1
3,NONE,-1.0,-0.1,-1.0,-0.1
3,NONE,-1.0,-0.1,-1.0,-0.1
3,NONE,-1.0,-0.1,-1.0,-0.1
3,NONE,-1.0,-0.1,-1.0,-0.1
3,NONE,-1.0,-0.1,-1.0,-0.1
3,NONE,-1.0,-0.1,-1.0,-0.1
3,NONE,-1.0,-0.1,-1.0,-0.1
3,NONE,-1.0,-0.1,-1.0,-0.1
3,NONE,-1.0,-0.1,-1.0,-0.1
3,NONE,-1.0,-0.1,-1.0,-0.1
3,NONE,-1.0,-0.1,-1.0,-0.1
3,NONE,-1.0,-0.1,-1.0,-0.1
2,EV_B13_C008_Mototaxi_Electrica_P08,-1.0,-0.1,7.0,26.56517636121174
1,EV_B13_C008_Mototaxi_Electrica_P08,6.0,84.07829657074146,-1.0,26.56517636121174
1,EV_B13_C008_Mototaxi_Electrica_P08,5.0,84.07829657074146,-1.0,26.56517636121174
1,EV_B13_C008_Mototaxi_Electrica_P08,4.0,84.07829657074146,-1.0,26.56517636121174
1,EV_B13_C008_Mototaxi_Electrica_P08,3.0,84.07829657074146,-1.0,26.56517636121174
1,EV_B13_C008_Mototaxi_Electrica_P08,2.0,84.07829657074146,-1.0,26.56517636121174
1,EV_B13_C008_Mototaxi_Electrica_P08,1.0,84.07829657074146,-1.0,26.56517636121174
1,EV_B13_C008_Mototaxi_Electrica_P08,0.0,84.07829657074146,-1.0,26.56517636121174
3,NONE,-1.0,-0.1,-1.0,-0.1
3,NONE,-1.0,-0.1,-1.0,-0.1
3,NONE,-1.0,-0.1,-1.0,-0.1
3,NONE,-1.0,-0.1,-1.0,-0.1
3,NONE,-1.0,-0.1,-1.0,-0.1
3,NONE,-1.0,-0.1,-1.0,-0.1
3,NONE,-1.0,-0.1,-1.0,-0.1
3,NONE,-1.0,-0.1,-1.0,-0.1
3,NONE,-1.0,-0.1,-1.0,-0.1
3,NONE,-1.0,-0.1,-1.0,-0.1
3,NONE,-1.0,-0.1,-1.0,-0.1
3,NONE,-1.0,-0.1,-1.0,-0.1
3,NONE,-1.0,-0.1,-1.0,-0.1
3,NONE,-1.0,-0.1,-1.0,-0.1
3,NONE,-1.0,-0.1,-1.0,-0.1
3,NONE,-1.0,-0.1,-1.0,-0.1
3,NONE,-1.0,-0.1,-1.0,-0.1
3,NONE,-1.0,-0.1,-1.0,-0.1
2,EV_B13_C008_Mototaxi_Electrica_P09,-1.0,-0.1,9.0,26.040433864602512
1,EV_B13_C008_Mototaxi_Electrica_P09,5.0,77.07874276643011,-1.0,26.040433864602512
1,EV_B13_C008_Mototaxi_Electrica_P09,4.0,77.07874276643011,-1.0,26.040433864602512
1,EV_B13_C008_Mototaxi_Electrica_P09,3.0,77.07874276643011,-1.0,26.040433864602512
1,EV_B13_C008_Mototaxi_Electrica_P09,2.0,77.07874276643011,-1.0,26.040433864602512
1,EV_B13_C008_Mototaxi_Electrica_P09,1.0,77.07874276643011,-1.0,26.040433864602512
1,EV_B13_C008_Mototaxi_Electrica_P09,0.0,77.07874276643011,-1.0,26.040433864602512
3,NONE,-1.0,-0.1,-1.0,-0.1
3,NONE,-1.0,-0.1,-1.0,-0.1
3,NONE,-1.0,-0.1,-1.0,-0.1
3,NONE,-1.0,-0.1,-1.0,-0.1
3,NONE,-1.0,-0.1,-1.0,-0.1
3,NONE,-1.0,-0.1,-1.0,-0.1
3,NONE,-1.0,-0.1,-1.0,-0.1
3,NONE,-1.0,-0.1,-1.0,-0.1
3,NONE,-1.0,-0.1,-1.0,-0.1
3,NONE,-1.0,-0.1,-1.0,-0.1
3,NONE,-1.0,-0.1,-1.0,-0.1
3,NONE,-1.0,-0.1,-1.0,-0.1
3,NONE,-1.0,-0.1,-1.0,-0.1
3,NONE,-1.0,-0.1,-1.0,-0.1
3,NONE,-1.0,-0.1,-1.0,-0.1
3,NONE,-1.0,-0.1,-1.0,-0.1
3,NONE,-1.0,-0.1,-1.0,-0.1
3,NONE,-1.0,-0.1,-1.0,-0.1
3,NONE,-1.0,-0.1,-1.0,-0.1
3,NONE,-1.0,-0.1,-1.0,-0.1
3,NONE,-1.0,-0.1,-1.0,-0.1
3,NONE,-1.0,-0.1,-1.0,-0.1
3,NONE,-1.0,-0.1,-1.0,-0.1
3,NONE,-1.0,-0.1,-1.0,-0.1
3,NONE,-1.0,-0.1,-1.0,-0.1
3,NONE,-1.0,-0.1,-1.0,-0.1
3,NONE,-1.0,-0.1,-1.0,-0.1
3,NONE,-1.0,-0.1,-1.0,-0.1
3,NONE,-1.0,-0.1,-1.0,-0.1
3,NONE,-1.0,-0.1,-1.0,-0.1
3,NONE,-1.0,-0.1,-1.0,-0.1
3,NONE,-1.0,-0.1,-1.0,-0.1
3,NONE,-1.0,-0.1,-1.0,-0.1
3,NONE,-1.0,-0.1,-1.0,-0.1
3,NONE,-1.0,-0.1,-1.0,-0.1
3,NONE,-1.0,-0.1,-1.0,-0.1
3,NONE,-1.0,-0.1,-1.0,-0.1
3,NONE,-1.0,-0.1,-1.0,-0.1
3,NONE,-1.0,-0.1,-1.0,-0.1
3,NONE,-1.0,-0.1,-1.0,-0.1
3,NONE,-1.0,-0.1,-1.0,-0.1
3,NONE,-1.0,-0.1,-1.0,-0.1
3,NONE,-1.0,-0.1,-1.0,-0.1
3,NONE,-1.0,-0.1,-1.0,-0.1
3,NONE,-1.0,-0.1,-1.0,-0.1
3,NONE,-1.0,-0.1,-1.0,-0.1
3,NONE,-1.0,-0.1,-1.0,-0.1
3,NONE,-1.0,-0.1,-1.0,-0.1
3,NONE,-1.0,-0.1,-1.0,-0.1
3,NONE,-1.0,-0.1,-1.0,-0.1
3,NONE,-1.0,-0.1,-1.0,-0.1
3,NONE,-1.0,-0.1,-1.0,-0.1
3,NONE,-1.0,-0.1,-1.0,-0.1
3,NONE,-1.0,-0.1,-1.0,-0.1
3,NONE,-1.0,-0.1,-1.0,-0.1
3,NONE,-1.0,-0.1,-1.0,-0.1
3,NONE,-1.0,-0.1,-1.0,-0.1
3,NONE,-1.0,-0.1,-1.0,-0.1
3,NONE,-1.0,-0.1,-1.0,-0.1
3,NONE,-1.0,-0.1,-1.0,-0.1
3,NONE,-1.0,-0.1,-1.0,-0.1
3,NONE,-1.0,-0.1,-1.0,-0.1
3,NONE,-1.0,-0.1,-1.0,-0.1
3,NONE,-1.0,-0.1,-1.0,-0.1
2,EV_B13_C008_Mototaxi_Electrica_P10,-1.0,-0.1,8.0,35.35345983743054
1,EV_B13_C008_Mototaxi_Electrica_P10,6.0,81.58751725378418,-1.0,35.35345983743054
1,EV_B13_C008_Mototaxi_Electrica_P10,5.0,81.58751725378418,-1.0,35.35345983743054
1,EV_B13_C008_Mototaxi_Electrica_P10,4.0,81.58751725378418,-1.0,35.35345983743054
1,EV_B13_C008_Mototaxi_Electrica_P10,3.0,81.58751725378418,-1.0,35.35345983743054
1,EV_B13_C008_Mototaxi_Electrica_P10,2.0,81.58751725378418,-1.0,35.35345983743054
1,EV_B13_C008_Mototaxi_Electrica_P10,1.0,81.58751725378418,-1.0,35.35345983743054
1,EV_B13_C008_Mototaxi_Electrica_P10,0.0,81.58751725378418,-1.0,35.35345983743054
3,NONE,-1.0,-0.1,-1.0,-0.1
3,NONE,-1.0,-0.1,-1.0,-0.1
3,NONE,-1.0,-0.1,-1.0,-0.1
3,NONE,-1.0,-0.1,-1.0,-0.1
3,NONE,-1.0,-0.1,-1.0,-0.1
3,NONE,-1.0,-0.1,-1.0,-0.1
3,NONE,-1.0,-0.1,-1.0,-0.1
3,NONE,-1.0,-0.1,-1.0,-0.1
3,NONE,-1.0,-0.1,-1.0,-0.1
3,NONE,-1.0,-0.1,-1.0,-0.1
3,NONE,-1.0,-0.1,-1.0,-0.1
3,NONE,-1.0,-0.1,-1.0,-0.1
3,NONE,-1.0,-0.1,-1.0,-0.1
3,NONE,-1.0,-0.1,-1.0,-0.1
3,NONE,-1.0,-0.1,-1.0,-0.1
3,NONE,-1.0,-0.1,-1.0,-0.1
3,NONE,-1.0,-0.1,-1.0,-0.1
3,NONE,-1.0,-0.1,-1.0,-0.1
3,NONE,-1.0,-0.1,-1.0,-0.1
3,NONE,-1.0,-0.1,-1.0,-0.1
3,NONE,-1.0,-0.1,-1.0,-0.1
3,NONE,-1.0,-0.1,-1.0,-0.1
3,NONE,-1.0,-0.1,-1.0,-0.1
3,NONE,-1.0,-0.1,-1.0,-0.1
3,NONE,-1.0,-0.1,-1.0,-0.1
3,NONE,-1.0,-0.1,-1.0,-0.1
3,NONE,-1.0,-0.1,-1.0,-0.1
3,NONE,-1.0,-0.1,-1.0,-0.1
3,NONE,-1.0,-0.1,-1.0,-0.1
3,NONE,-1.0,-0.1,-1.0,-0.1
3,NONE,-1.0,-0.1,-1.0,-0.1
3,NONE,-1.0,-0.1,-1.0,-0.1
3,NONE,-1.0,-0.1,-1.0,-0.1
3,NONE,-1.0,-0.1,-1.0,-0.1
3,NONE,-1.0,-0.1,-1.0,-0.1
3,NONE,-1.0,-0.1,-1.0,-0.1
3,NONE,-1.0,-0.1,-1.0,-0.1
3,NONE,-1.0,-0.1,-1.0,-0.1
3,NONE,-1.0,-0.1,-1.0,-0.1
3,NONE,-1.0,-0.1,-1.0,-0.1
3,NONE,-1.0,-0.1,-1.0,-0.1
2,EV_B13_C008_Mototaxi_Electrica_P01,-1.0,-0.1,9.0,29.271796333297942
1,EV_B13_C008_Mototaxi_Electrica_P01,5.0,84.86112868430175,-1.0,29.271796333297942
1,EV_B13_C008_Mototaxi_Electrica_P01,4.0,84.86112868430175,-1.0,29.271796333297942
1,EV_B13_C008_Mototaxi_Electrica_P01,3.0,84.86112868430175,-1.0,29.271796333297942
1,EV_B13_C008_Mototaxi_Electrica_P01,2.0,84.86112868430175,-1.0,29.271796333297942
1,EV_B13_C008_Mototaxi_Electrica_P01,1.0,84.86112868430175,-1.0,29.271796333297942
1,EV_B13_C008_Mototaxi_Electrica_P01,0.0,84.86112868430175,-1.0,29.271796333297942
3,NONE,-1.0,-0.1,-1.0,-0.1
3,NONE,-1.0,-0.1,-1.0,-0.1
3,NONE,-1.0,-0.1,-1.0,-0.1
3,NONE,-1.0,-0.1,-1.0,-0.1
3,NONE,-1.0,-0.1,-1.0,-0.1
3,NONE,-1.0,-0.1,-1.0,-0.1
3,NONE,-1.0,-0.1,-1.0,-0.1
3,NONE,-1.0,-0.1,-1.0,-0.1
3,NONE,-1.0,-0.1,-1.0,-0.1
3,NONE,-1.0,-0.1,-1.0,-0.1
3,NONE,-1.0,-0.1,-1.0,-0.1
3,NONE,-1.0,-0.1,-1.0,-0.1
3,NONE,-1.0,-0.1,-1.0,-0.1
3,NONE,-1.0,-0.1,-1.0,-0.1
3,NONE,-1.0,-0.1,-1.0,-0.1
3,NONE,-1.0,-0.1,-1.0,-0.1
3,NONE,-1.0,-0.1,-1.0,-0.1
2,EV_B13_C008_Mototaxi_Electrica_P02,-1.0,-0.1,9.0,37.189258905434514
1,EV_B13_C008_Mototaxi_Electrica_P02,5.0,88.33667567018406,-1.0,37.189258905434514
1,EV_B13_C008_Mototaxi_Electrica_P02,4.0,88.33667567018406,-1.0,37.189258905434514
1,EV_B13_C008_Mototaxi_Electrica_P02,3.0,88.33667567018406,-1.0,37.189258905434514
1,EV_B13_C008_Mototaxi_Electrica_P02,2.0,88.33667567018406,-1.0,37.189258905434514
1,EV_B13_C008_Mototaxi_Electrica_P02,1.0,88.33667567018406,-1.0,37.189258905434514
1,EV_B13_C008_Mototaxi_Electrica_P02,0.0,88.33667567018406,-1.0,37.189258905434514
3,NONE,-1.0,-0.1,-1.0,-0.1
3,NONE,-1.0,-0.1,-1.0,-0.1
3,NONE,-1.0,-0.1,-1.0,-0.1
3,NONE,-1.0,-0.1,-1.0,-0.1
3,NONE,-1.0,-0.1,-1.0,-0.1
3,NONE,-1.0,-0.1,-1.0,-0.1
3,NONE,-1.0,-0.1,-1.0,-0.1
3,NONE,-1.0,-0.1,-1.0,-0.1
3,NONE,-1.0,-0.1,-1.0,-0.1
3,NONE,-1.0,-0.1,-1.0,-0.1
3,NONE,-1.0,-0.1,-1.0,-0.1
3,NONE,-1.0,-0.1,-1.0,-0.1
3,NONE,-1.0,-0.1,-1.0,-0.1
3,NONE,-1.0,-0.1,-1.0,-0.1
3,NONE,-1.0,-0.1,-1.0,-0.1
3,NONE,-1.0,-0.1,-1.0,-0.1
2,EV_B13_C008_Mototaxi_Electrica_P03,-1.0,-0.1,8.0,30.450688776065746
1,EV_B13_C008_Mototaxi_Electrica_P03,6.0,81.1519119150141,-1.0,30.450688776065746
1,EV_B13_C008_Mototaxi_Electrica_P03,5.0,81.1519119150141,-1.0,30.450688776065746
1,EV_B13_C008_Mototaxi_Electrica_P03,4.0,81.1519119150141,-1.0,30.450688776065746
1,EV_B13_C008_Mototaxi_Electrica_P03,3.0,81.1519119150141,-1.0,30.450688776065746
1,EV_B13_C008_Mototaxi_Electrica_P03,2.0,81.1519119150141,-1.0,30.450688776065746
1,EV_B13_C008_Mototaxi_Electrica_P03,1.0,81.1519119150141,-1.0,30.450688776065746
1,EV_B13_C008_Mototaxi_Electrica_P03,0.0,81.1519119150141,-1.0,30.450688776065746
3,NONE,-1.0,-0.1,-1.0,-0.1
3,NONE,-1.0,-0.1,-1.0,-0.1
3,NONE,-1.0,-0.1,-1.0,-0.1
3,NONE,-1.0,-0.1,-1.0,-0.1
3,NONE,-1.0,-0.1,-1.0,-0.1
3,NONE,-1.0,-0.1,-1.0,-0.1
3,NONE,-1.0,-0.1,-1.0,-0.1
3,NONE,-1.0,-0.1,-1.0,-0.1
3,NONE,-1.0,-0.1,-1.0,-0.1
3,NONE,-1.0,-0.1,-1.0,-0.1
3,NONE,-1.0,-0.1,-1.0,-0.1
3,NONE,-1.0,-0.1,-1.0,-0.1
3,NONE,-1.0,-0.1,-1.0,-0.1
3,NONE,-1.0,-0.1,-1.0,-0.1
3,NONE,-1.0,-0.1,-1.0,-0.1
3,NONE,-1.0,-0.1,-1.0,-0.1
3,NONE,-1.0,-0.1,-1.0,-0.1
3,NONE,-1.0,-0.1,-1.0,-0.1
3,NONE,-1.0,-0.1,-1.0,-0.1
3,NONE,-1.0,-0.1,-1.0,-0.1
3,NONE,-1.0,-0.1,-1.0,-0.1
3,NONE,-1.0,-0.1,-1.0,-0.1
3,NONE,-1.0,-0.1,-1.0,-0.1
3,NONE,-1.0,-0.1,-1.0,-0.1
3,NONE,-1.0,-0.1,-1.0,-0.1
3,NONE,-1.0,-0.1,-1.0,-0.1
3,NONE,-1.0,-0.1,-1.0,-0.1
3,NONE,-1.0,-0.1,-1.0,-0.1
3,NONE,-1.0,-0.1,-1.0,-0.1
3,NONE,-1.0,-0.1,-1.0,-0.1
3,NONE,-1.0,-0.1,-1.0,-0.1
3,NONE,-1.0,-0.1,-1.0,-0.1
3,NONE,-1.0,-0.1,-1.0,-0.1
3,NONE,-1.0,-0.1,-1.0,-0.1
3,NONE,-1.0,-0.1,-1.0,-0.1
3,NONE,-1.0,-0.1,-1.0,-0.1
3,NONE,-1.0,-0.1,-1.0,-0.1
3,NONE,-1.0,-0.1,-1.0,-0.1
3,NONE,-1.0,-0.1,-1.0,-0.1
3,NONE,-1.0,-0.1,-1.0,-0.1
3,NONE,-1.0,-0.1,-1.0,-0.1
3,NONE,-1.0,-0.1,-1.0,-0.1
3,NONE,-1.0,-0.1,-1.0,-0.1
3,NONE,-1.0,-0.1,-1.0,-0.1
3,NONE,-1.0,-0.1,-1.0,-0.1
3,NONE,-1.0,-0.1,-1.0,-0.1
3,NONE,-1.0,-0.1,-1.0,-0.1
3,NONE,-1.0,-0.1,-1.0,-0.1
3,NONE,-1.0,-0.1,-1.0,-0.1
3,NONE,-1.0,-0.1,-1.0,-0.1
3,NONE,-1.0,-0.1,-1.0,-0.1
3,NONE,-1.0,-0.1,-1.0,-0.1
3,NONE,-1.0,-0.1,-1.0,-0.1
3,NONE,-1.0,-0.1,-1.0,-0.1
3,NONE,-1.0,-0.1,-1.0,-0.1
3,NONE,-1.0,-0.1,-1.0,-0.1
3,NONE,-1.0,-0.1,-1.0,-0.1
3,NONE,-1.0,-0.1,-1.0,-0.1
3,NONE,-1.0,-0.1,-1.0,-0.1
3,NONE,-1.0,-0.1,-1.0,-0.1
3,NONE,-1.0,-0.1,-1.0,-0.1
3,NONE,-1.0,-0.1,-1.0,-0.1
3,NONE,-1.0,-0.1,-1.0,-0.1
3,NONE,-1.0,-0.1,-1.0,-0.1
3,NONE,-1.0,-0.1,-1.0,-0.1
3,NONE,-1.0,-0.1,-1.0,-0.1
3,NONE,-1.0,-0.1,-1.0,-0.1
3,NONE,-1.0,-0.1,-1.0,-0.1
3,NONE,-1.0,-0.1,-1.0,-0.1
3,NONE,-1.0,-0.1,-1.0,-0.1
3,NONE,-1.0,-0.1,-1.0,-0.1
3,NONE,-1.0,-0.1,-1.0,-0.1
3,NONE,-1.0,-0.1,-1.0,-0.1
3,NONE,-1.0,-0.1,-1.0,-0.1
3,NONE,-1.0,-0.1,-1.0,-0.1
3,NONE,-1.0,-0.1,-1.0,-0.1
3,NONE,-1.0,-0.1,-1.0,-0.1
3,NONE,-1.0,-0.1,-1.0,-0.1
3,NONE,-1.0,-0.1,-1.0,-0.1
3,NONE,-1.0,-0.1,-1.0,-0.1
3,NONE,-1.0,-0.1,-1.0,-0.1
3,NONE,-1.0,-0.1,-1.0,-0.1
3,NONE,-1.0,-0.1,-1.0,-0.1
3,NONE,-1.0,-0.1,-1.0,-0.1
3,NONE,-1.0,-0.1,-1.0,-0.1
3,NONE,-1.0,-0.1,-1.0,-0.1
3,NONE,-1.0,-0.1,-1.0,-0.1
2,EV_B13_C008_Mototaxi_Electrica_P04,-1.0,-0.1,7.0,49.620946024593316
1,EV_B13_C008_Mototaxi_Electrica_P04,7.0,85.94019075756572,-1.0,49.620946024593316
1,EV_B13_C008_Mototaxi_Electrica_P04,6.0,85.94019075756572,-1.0,49.620946024593316
1,EV_B13_C008_Mototaxi_Electrica_P04,5.0,85.94019075756572,-1.0,49.620946024593316
1,EV_B13_C008_Mototaxi_Electrica_P04,4.0,85.94019075756572,-1.0,49.620946024593316
1,EV_B13_C008_Mototaxi_Electrica_P04,3.0,85.94019075756572,-1.0,49.620946024593316
1,EV_B13_C008_Mototaxi_Electrica_P04,2.0,85.94019075756572,-1.0,49.620946024593316
1,EV_B13_C008_Mototaxi_Electrica_P04,1.0,85.94019075756572,-1.0,49.620946024593316
1,EV_B13_C008_Mototaxi_Electrica_P04,0.0,85.94019075756572,-1.0,49.620946024593316
3,NONE,-1.0,-0.1,-1.0,-0.1
3,NONE,-1.0,-0.1,-1.0,-0.1
3,NONE,-1.0,-0.1,-1.0,-0.1
3,NONE,-1.0,-0.1,-1.0,-0.1
3,NONE,-1.0,-0.1,-1.0,-0.1
3,NONE,-1.0,-0.1,-1.0,-0.1
3,NONE,-1.0,-0.1,-1.0,-0.1
3,NONE,-1.0,-0.1,-1.0,-0.1
3,NONE,-1.0,-0.1,-1.0,-0.1
3,NONE,-1.0,-0.1,-1.0,-0.1
3,NONE,-1.0,-0.1,-1.0,-0.1
3,NONE,-1.0,-0.1,-1.0,-0.1
3,NONE,-1.0,-0.1,-1.0,-0.1
3,NONE,-1.0,-0.1,-1.0,-0.1
3,NONE,-1.0,-0.1,-1.0,-0.1
3,NONE,-1.0,-0.1,-1.0,-0.1
3,NONE,-1.0,-0.1,-1.0,-0.1
3,NONE,-1.0,-0.1,-1.0,-0.1
3,NONE,-1.0,-0.1,-1.0,-0.1
3,NONE,-1.0,-0.1,-1.0,-0.1
3,NONE,-1.0,-0.1,-1.0,-0.1
3,NONE,-1.0,-0.1,-1.0,-0.1
3,NONE,-1.0,-0.1,-1.0,-0.1
3,NONE,-1.0,-0.1,-1.0,-0.1
3,NONE,-1.0,-0.1,-1.0,-0.1
3,NONE,-1.0,-0.1,-1.0,-0.1
3,NONE,-1.0,-0.1,-1.0,-0.1
3,NONE,-1.0,-0.1,-1.0,-0.1
3,NONE,-1.0,-0.1,-1.0,-0.1
3,NONE,-1.0,-0.1,-1.0,-0.1
3,NONE,-1.0,-0.1,-1.0,-0.1
3,NONE,-1.0,-0.1,-1.0,-0.1
3,NONE,-1.0,-0.1,-1.0,-0.1
3,NONE,-1.0,-0.1,-1.0,-0.1
3,NONE,-1.0,-0.1,-1.0,-0.1
3,NONE,-1.0,-0.1,-1.0,-0.1
3,NONE,-1.0,-0.1,-1.0,-0.1
3,NONE,-1.0,-0.1,-1.0,-0.1
3,NONE,-1.0,-0.1,-1.0,-0.1
3,NONE,-1.0,-0.1,-1.0,-0.1
2,EV_B13_C008_Mototaxi_Electrica_P05,-1.0,-0.1,8.0,25.067642802905347
1,EV_B13_C008_Mototaxi_Electrica_P05,6.0,84.89334181623764,-1.0,25.067642802905347
1,EV_B13_C008_Mototaxi_Electrica_P05,5.0,84.89334181623764,-1.0,25.067642802905347
1,EV_B13_C008_Mototaxi_Electrica_P05,4.0,84.89334181623764,-1.0,25.067642802905347
1,EV_B13_C008_Mototaxi_Electrica_P05,3.0,84.89334181623764,-1.0,25.067642802905347
1,EV_B13_C008_Mototaxi_Electrica_P05,2.0,84.89334181623764,-1.0,25.067642802905347
1,EV_B13_C008_Mototaxi_Electrica_P05,1.0,84.89334181623764,-1.0,25.067642802905347
1,EV_B13_C008_Mototaxi_Electrica_P05,0.0,84.89334181623764,-1.0,25.067642802905347
3,NONE,-1.0,-0.1,-1.0,-0.1
3,NONE,-1.0,-0.1,-1.0,-0.1
3,NONE,-1.0,-0.1,-1.0,-0.1
3,NONE,-1.0,-0.1,-1.0,-0.1
3,NONE,-1.0,-0.1,-1.0,-0.1
3,NONE,-1.0,-0.1,-1.0,-0.1
3,NONE,-1.0,-0.1,-1.0,-0.1
3,NONE,-1.0,-0.1,-1.0,-0.1
3,NONE,-1.0,-0.1,-1.0,-0.1
3,NONE,-1.0,-0.1,-1.0,-0.1
3,NONE,-1.0,-0.1,-1.0,-0.1
3,NONE,-1.0,-0.1,-1.0,-0.1
3,NONE,-1.0,-0.1,-1.0,-0.1
3,NONE,-1.0,-0.1,-1.0,-0.1
3,NONE,-1.0,-0.1,-1.0,-0.1
3,NONE,-1.0,-0.1,-1.0,-0.1
3,NONE,-1.0,-0.1,-1.0,-0.1
3,NONE,-1.0,-0.1,-1.0,-0.1
3,NONE,-1.0,-0.1,-1.0,-0.1
3,NONE,-1.0,-0.1,-1.0,-0.1
3,NONE,-1.0,-0.1,-1.0,-0.1
3,NONE,-1.0,-0.1,-1.0,-0.1
3,NONE,-1.0,-0.1,-1.0,-0.1
3,NONE,-1.0,-0.1,-1.0,-0.1
3,NONE,-1.0,-0.1,-1.0,-0.1
3,NONE,-1.0,-0.1,-1.0,-0.1
3,NONE,-1.0,-0.1,-1.0,-0.1
3,NONE,-1.0,-0.1,-1.0,-0.1
3,NONE,-1.0,-0.1,-1.0,-0.1
3,NONE,-1.0,-0.1,-1.0,-0.1
3,NONE,-1.0,-0.1,-1.0,-0.1
3,NONE,-1.0,-0.1,-1.0,-0.1
3,NONE,-1.0,-0.1,-1.0,-0.1
3,NONE,-1.0,-0.1,-1.0,-0.1
3,NONE,-1.0,-0.1,-1.0,-0.1
3,NONE,-1.0,-0.1,-1.0,-0.1
3,NONE,-1.0,-0.1,-1.0,-0.1
3,NONE,-1.0,-0.1,-1.0,-0.1
3,NONE,-1.0,-0.1,-1.0,-0.1
3,NONE,-1.0,-0.1,-1.0,-0.1
3,NONE,-1.0,-0.1,-1.0,-0.1
3,NONE,-1.0,-0.1,-1.0,-0.1
3,NONE,-1.0,-0.1,-1.0,-0.1
3,NONE,-1.0,-0.1,-1.0,-0.1
3,NONE,-1.0,-0.1,-1.0,-0.1
3,NONE,-1.0,-0.1,-1.0,-0.1
3,NONE,-1.0,-0.1,-1.0,-0.1
3,NONE,-1.0,-0.1,-1.0,-0.1
3,NONE,-1.0,-0.1,-1.0,-0.1
3,NONE,-1.0,-0.1,-1.0,-0.1
3,NONE,-1.0,-0.1,-1.0,-0.1
3,NONE,-1.0,-0.1,-1.0,-0.1
3,NONE,-1.0,-0.1,-1.0,-0.1
3,NONE,-1.0,-0.1,-1.0,-0.1
3,NONE,-1.0,-0.1,-1.0,-0.1
3,NONE,-1.0,-0.1,-1.0,-0.1
3,NONE,-1.0,-0.1,-1.0,-0.1
3,NONE,-1.0,-0.1,-1.0,-0.1
3,NONE,-1.0,-0.1,-1.0,-0.1
3,NONE,-1.0,-0.1,-1.0,-0.1
3,NONE,-1.0,-0.1,-1.0,-0.1
3,NONE,-1.0,-0.1,-1.0,-0.1
3,NONE,-1.0,-0.1,-1.0,-0.1
3,NONE,-1.0,-0.1,-1.0,-0.1
3,NONE,-1.0,-0.1,-1.0,-0.1
3,NONE,-1.0,-0.1,-1.0,-0.1
3,NONE,-1.0,-0.1,-1.0,-0.1
3,NONE,-1.0,-0.1,-1.0,-0.1
3,NONE,-1.0,-0.1,-1.0,-0.1
3,NONE,-1.0,-0.1,-1.0,-0.1
3,NONE,-1.0,-0.1,-1.0,-0.1
3,NONE,-1.0,-0.1,-1.0,-0.1
3,NONE,-1.0,-0.1,-1.0,-0.1
3,NONE,-1.0,-0.1,-1.0,-0.1
3,NONE,-1.0,-0.1,-1.0,-0.1
3,NONE,-1.0,-0.1,-1.0,-0.1
3,NONE,-1.0,-0.1,-1.0,-0.1
3,NONE,-1.0,-0.1,-1.0,-0.1
3,NONE,-1.0,-0.1,-1.0,-0.1
3,NONE,-1.0,-0.1,-1.0,-0.1
3,NONE,-1.0,-0.1,-1.0,-0.1
3,NONE,-1.0,-0.1,-1.0,-0.1
3,NONE,-1.0,-0.1,-1.0,-0.1
3,NONE,-1.0,-0.1,-1.0,-0.1
3,NONE,-1.0,-0.1,-1.0,-0.1
3,NONE,-1.0,-0.1,-1.0,-0.1
3,NONE,-1.0,-0.1,-1.0,-0.1
3,NONE,-1.0,-0.1,-1.0,-0.1
2,EV_B13_C008_Mototaxi_Electrica_P06,-1.0,-0.1,8.0,15.402868721957624
1,EV_B13_C008_Mototaxi_Electrica_P06,6.0,82.26957022382274,-1.0,15.402868721957624
1,EV_B13_C008_Mototaxi_Electrica_P06,5.0,82.26957022382274,-1.0,15.402868721957624
1,EV_B13_C008_Mototaxi_Electrica_P06,4.0,82.26957022382274,-1.0,15.402868721957624
1,EV_B13_C008_Mototaxi_Electrica_P06,3.0,82.26957022382274,-1.0,15.402868721957624
1,EV_B13_C008_Mototaxi_Electrica_P06,2.0,82.26957022382274,-1.0,15.402868721957624
1,EV_B13_C008_Mototaxi_Electrica_P06,1.0,82.26957022382274,-1.0,15.402868721957624
1,EV_B13_C008_Mototaxi_Electrica_P06,0.0,82.26957022382274,-1.0,15.402868721957624
3,NONE,-1.0,-0.1,-1.0,-0.1
3,NONE,-1.0,-0.1,-1.0,-0.1
3,NONE,-1.0,-0.1,-1.0,-0.1
3,NONE,-1.0,-0.1,-1.0,-0.1
3,NONE,-1.0,-0.1,-1.0,-0.1
3,NONE,-1.0,-0.1,-1.0,-0.1
3,NONE,-1.0,-0.1,-1.0,-0.1
3,NONE,-1.0,-0.1,-1.0,-0.1
3,NONE,-1.0,-0.1,-1.0,-0.1
3,NONE,-1.0,-0.1,-1.0,-0.1
3,NONE,-1.0,-0.1,-1.0,-0.1
3,NONE,-1.0,-0.1,-1.0,-0.1
3,NONE,-1.0,-0.1,-1.0,-0.1
3,NONE,-1.0,-0.1,-1.0,-0.1
3,NONE,-1.0,-0.1,-1.0,-0.1
3,NONE,-1.0,-0.1,-1.0,-0.1
3,NONE,-1.0,-0.1,-1.0,-0.1
3,NONE,-1.0,-0.1,-1.0,-0.1
3,NONE,-1.0,-0.1,-1.0,-0.1
3,NONE,-1.0,-0.1,-1.0,-0.1
3,NONE,-1.0,-0.1,-1.0,-0.1
3,NONE,-1.0,-0.1,-1.0,-0.1
3,NONE,-1.0,-0.1,-1.0,-0.1
3,NONE,-1.0,-0.1,-1.0,-0.1
3,NONE,-1.0,-0.1,-1.0,-0.1
3,NONE,-1.0,-0.1,-1.0,-0.1
3,NONE,-1.0,-0.1,-1.0,-0.1
3,NONE,-1.0,-0.1,-1.0,-0.1
3,NONE,-1.0,-0.1,-1.0,-0.1
3,NONE,-1.0,-0.1,-1.0,-0.1
3,NONE,-1.0,-0.1,-1.0,-0.1
3,NONE,-1.0,-0.1,-1.0,-0.1
3,NONE,-1.0,-0.1,-1.0,-0.1
3,NONE,-1.0,-0.1,-1.0,-0.1
3,NONE,-1.0,-0.1,-1.0,-0.1
3,NONE,-1.0,-0.1,-1.0,-0.1
3,NONE,-1.0,-0.1,-1.0,-0.1
3,NONE,-1.0,-0.1,-1.0,-0.1
3,NONE,-1.0,-0.1,-1.0,-0.1
3,NONE,-1.0,-0.1,-1.0,-0.1
3,NONE,-1.0,-0.1,-1.0,-0.1
3,NONE,-1.0,-0.1,-1.0,-0.1
3,NONE,-1.0,-0.1,-1.0,-0.1
3,NONE,-1.0,-0.1,-1.0,-0.1
3,NONE,-1.0,-0.1,-1.0,-0.1
3,NONE,-1.0,-0.1,-1.0,-0.1
3,NONE,-1.0,-0.1,-1.0,-0.1
3,NONE,-1.0,-0.1,-1.0,-0.1
3,NONE,-1.0,-0.1,-1.0,-0.1
3,NONE,-1.0,-0.1,-1.0,-0.1
3,NONE,-1.0,-0.1,-1.0,-0.1
3,NONE,-1.0,-0.1,-1.0,-0.1
3,NONE,-1.0,-0.1,-1.0,-0.1
3,NONE,-1.0,-0.1,-1.0,-0.1
3,NONE,-1.0,-0.1,-1.0,-0.1
3,NONE,-1.0,-0.1,-1.0,-0.1
3,NONE,-1.0,-0.1,-1.0,-0.1
3,NONE,-1.0,-0.1,-1.0,-0.1
3,NONE,-1.0,-0.1,-1.0,-0.1
3,NONE,-1.0,-0.1,-1.0,-0.1
3,NONE,-1.0,-0.1,-1.0,-0.1
3,NONE,-1.0,-0.1,-1.0,-0.1
3,NONE,-1.0,-0.1,-1.0,-0.1
3,NONE,-1.0,-0.1,-1.0,-0.1
3,NONE,-1.0,-0.1,-1.0,-0.1
2,EV_B13_C008_Mototaxi_Electrica_P07,-1.0,-0.1,9.0,48.838340736613944
1,EV_B13_C008_Mototaxi_Electrica_P07,5.0,82.52713223585259,-1.0,48.838340736613944
1,EV_B13_C008_Mototaxi_Electrica_P07,4.0,82.52713223585259,-1.0,48.838340736613944
1,EV_B13_C008_Mototaxi_Electrica_P07,3.0,82.52713223585259,-1.0,48.838340736613944
1,EV_B13_C008_Mototaxi_Electrica_P07,2.0,82.52713223585259,-1.0,48.838340736613944
1,EV_B13_C008_Mototaxi_Electrica_P07,1.0,82.52713223585259,-1.0,48.838340736613944
1,EV_B13_C008_Mototaxi_Electrica_P07,0.0,82.52713223585259,-1.0,48.838340736613944
3,NONE,-1.0,-0.1,-1.0,-0.1
3,NONE,-1.0,-0.1,-1.0,-0.1
3,NONE,-1.0,-0.1,-1.0,-0.1
3,NONE,-1.0,-0.1,-1.0,-0.1
3,NONE,-1.0,-0.1,-1.0,-0.1
3,NONE,-1.0,-0.1,-1.0,-0.1
3,NONE,-1.0,-0.1,-1.0,-0.1
3,NONE,-1.0,-0.1,-1.0,-0.1
3,NONE,-1.0,-0.1,-1.0,-0.1
3,NONE,-1.0,-0.1,-1.0,-0.1
3,NONE,-1.0,-0.1,-1.0,-0.1
3,NONE,-1.0,-0.1,-1.0,-0.1
3,NONE,-1.0,-0.1,-1.0,-0.1
3,NONE,-1.0,-0.1,-1.0,-0.1
3,NONE,-1.0,-0.1,-1.0,-0.1
3,NONE,-1.0,-0.1,-1.0,-0.1
3,NONE,-1.0,-0.1,-1.0,-0.1
3,NONE,-1.0,-0.1,-1.0,-0.1
2,EV_B13_C008_Mototaxi_Electrica_P08,-1.0,-0.1,10.0,52.03333751880423
1,EV_B13_C008_Mototaxi_Electrica_P08,4.0,76.88694240322239,-1.0,52.03333751880423
1,EV_B13_C008_Mototaxi_Electrica_P08,3.0,76.88694240322239,-1.0,52.03333751880423
1,EV_B13_C008_Mototaxi_Electrica_P08,2.0,76.88694240322239,-1.0,52.03333751880423
1,EV_B13_C008_Mototaxi_Electrica_P08,1.0,76.88694240322239,-1.0,52.03333751880423
1,EV_B13_C008_Mototaxi_Electrica_P08,0.0,76.88694240322239,-1.0,52.03333751880423
3,NONE,-1.0,-0.1,-1.0,-0.1
3,NONE,-1.0,-0.1,-1.0,-0.1
3,NONE,-1.0,-0.1,-1.0,-0.1
3,NONE,-1.0,-0.1,-1.0,-0.1
3,NONE,-1.0,-0.1,-1.0,-0.1
3,NONE,-1.0,-0.1,-1.0,-0.1
3,NONE,-1.0,-0.1,-1.0,-0.1
3,NONE,-1.0,-0.1,-1.0,-0.1
3,NONE,-1.0,-0.1,-1.0,-0.1
3,NONE,-1.0,-0.1,-1.0,-0.1
3,NONE,-1.0,-0.1,-1.0,-0.1
3,NONE,-1.0,-0.1,-1.0,-0.1
3,NONE,-1.0,-0.1,-1.0,-0.1
3,NONE,-1.0,-0.1,-1.0,-0.1
3,NONE,-1.0,-0.1,-1.0,-0.1
3,NONE,-1.0,-0.1,-1.0,-0.1
3,NONE,-1.0,-0.1,-1.0,-0.1
3,NONE,-1.0,-0.1,-1.0,-0.1
3,NONE,-1.0,-0.1,-1.0,-0.1
3,NONE,-1.0,-0.1,-1.0,-0.1
3,NONE,-1.0,-0.1,-1.0,-0.1
3,NONE,-1.0,-0.1,-1.0,-0.1
3,NONE,-1.0,-0.1,-1.0,-0.1
3,NONE,-1.0,-0.1,-1.0,-0.1
3,NONE,-1.0,-0.1,-1.0,-0.1
3,NONE,-1.0,-0.1,-1.0,-0.1
3,NONE,-1.0,-0.1,-1.0,-0.1
3,NONE,-1.0,-0.1,-1.0,-0.1
3,NONE,-1.0,-0.1,-1.0,-0.1
3,NONE,-1.0,-0.1,-1.0,-0.1
3,NONE,-1.0,-0.1,-1.0,-0.1
3,NONE,-1.0,-0.1,-1.0,-0.1
3,NONE,-1.0,-0.1,-1.0,-0.1
3,NONE,-1.0,-0.1,-1.0,-0.1
3,NONE,-1.0,-0.1,-1.0,-0.1
3,NONE,-1.0,-0.1,-1.0,-0.1
3,NONE,-1.0,-0.1,-1.0,-0.1
3,NONE,-1.0,-0.1,-1.0,-0.1
3,NONE,-1.0,-0.1,-1.0,-0.1
3,NONE,-1.0,-0.1,-1.0,-0.1
3,NONE,-1.0,-0.1,-1.0,-0.1
3,NONE,-1.0,-0.1,-1.0,-0.1
3,NONE,-1.0,-0.1,-1.0,-0.1
3,NONE,-1.0,-0.1,-1.0,-0.1
3,NONE,-1.0,-0.1,-1.0,-0.1
3,NONE,-1.0,-0.1,-1.0,-0.1
3,NONE,-1.0,-0.1,-1.0,-0.1
3,NONE,-1.0,-0.1,-1.0,-0.1
3,NONE,-1.0,-0.1,-1.0,-0.1
3,NONE,-1.0,-0.1,-1.0,-0.1
3,NONE,-1.0,-0.1,-1.0,-0.1
3,NONE,-1.0,-0.1,-1.0,-0.1
3,NONE,-1.0,-0.1,-1.0,-0.1
3,NONE,-1.0,-0.1,-1.0,-0.1
3,NONE,-1.0,-0.1,-1.0,-0.1
3,NONE,-1.0,-0.1,-1.0,-0.1
3,NONE,-1.0,-0.1,-1.0,-0.1
3,NONE,-1.0,-0.1,-1.0,-0.1
3,NONE,-1.0,-0.1,-1.0,-0.1
3,NONE,-1.0,-0.1,-1.0,-0.1
3,NONE,-1.0,-0.1,-1.0,-0.1
3,NONE,-1.0,-0.1,-1.0,-0.1
3,NONE,-1.0,-0.1,-1.0,-0.1
3,NONE,-1.0,-0.1,-1.0,-0.1
3,NONE,-1.0,-0.1,-1.0,-0.1
3,NONE,-1.0,-0.1,-1.0,-0.1
3,NONE,-1.0,-0.1,-1.0,-0.1
3,NONE,-1.0,-0.1,-1.0,-0.1
3,NONE,-1.0,-0.1,-1.0,-0.1
3,NONE,-1.0,-0.1,-1.0,-0.1
3,NONE,-1.0,-0.1,-1.0,-0.1
3,NONE,-1.0,-0.1,-1.0,-0.1
3,NONE,-1.0,-0.1,-1.0,-0.1
3,NONE,-1.0,-0.1,-1.0,-0.1
3,NONE,-1.0,-0.1,-1.0,-0.1
3,NONE,-1.0,-0.1,-1.0,-0.1
3,NONE,-1.0,-0.1,-1.0,-0.1
3,NONE,-1.0,-0.1,-1.0,-0.1
3,NONE,-1.0,-0.1,-1.0,-0.1
3,NONE,-1.0,-0.1,-1.0,-0.1
3,NONE,-1.0,-0.1,-1.0,-0.1
3,NONE,-1.0,-0.1,-1.0,-0.1
3,NONE,-1.0,-0.1,-1.0,-0.1
3,NONE,-1.0,-0.1,-1.0,-0.1
3,NONE,-1.0,-0.1,-1.0,-0.1
3,NONE,-1.0,-0.1,-1.0,-0.1
3,NONE,-1.0,-0.1,-1.0,-0.1
3,NONE,-1.0,-0.1,-1.0,-0.1
3,NONE,-1.0,-0.1,-1.0,-0.1
2,EV_B13_C008_Mototaxi_Electrica_P09,-1.0,-0.1,9.0,40.515412314888174
1,EV_B13_C008_Mototaxi_Electrica_P09,5.0,83.52702851279459,-1.0,40.515412314888174
1,EV_B13_C008_Mototaxi_Electrica_P09,4.0,83.52702851279459,-1.0,40.515412314888174
1,EV_B13_C008_Mototaxi_Electrica_P09,3.0,83.52702851279459,-1.0,40.515412314888174
1,EV_B13_C008_Mototaxi_Electrica_P09,2.0,83.52702851279459,-1.0,40.515412314888174
1,EV_B13_C008_Mototaxi_Electrica_P09,1.0,83.52702851279459,-1.0,40.515412314888174
1,EV_B13_C008_Mototaxi_Electrica_P09,0.0,83.52702851279459,-1.0,40.515412314888174
3,NONE,-1.0,-0.1,-1.0,-0.1
3,NONE,-1.0,-0.1,-1.0,-0.1
3,NONE,-1.0,-0.1,-1.0,-0.1
3,NONE,-1.0,-0.1,-1.0,-0.1
3,NONE,-1.0,-0.1,-1.0,-0.1
3,NONE,-1.0,-0.1,-1.0,-0.1
3,NONE,-1.0,-0.1,-1.0,-0.1
3,NONE,-1.0,-0.1,-1.0,-0.1
3,NONE,-1.0,-0.1,-1.0,-0.1
3,NONE,-1.0,-0.1,-1.0,-0.1
3,NONE,-1.0,-0.1,-1.0,-0.1
3,NONE,-1.0,-0.1,-1.0,-0.1
3,NONE,-1.0,-0.1,-1.0,-0.1
3,NONE,-1.0,-0.1,-1.0,-0.1
3,NONE,-1.0,-0.1,-1.0,-0.1
3,NONE,-1.0,-0.1,-1.0,-0.1
3,NONE,-1.0,-0.1,-1.0,-0.1
3,NONE,-1.0,-0.1,-1.0,-0.1
3,NONE,-1.0,-0.1,-1.0,-0.1
3,NONE,-1.0,-0.1,-1.0,-0.1
3,NONE,-1.0,-0.1,-1.0,-0.1
3,NONE,-1.0,-0.1,-1.0,-0.1
3,NONE,-1.0,-0.1,-1.0,-0.1
3,NONE,-1.0,-0.1,-1.0,-0.1
3,NONE,-1.0,-0.1,-1.0,-0.1
3,NONE,-1.0,-0.1,-1.0,-0.1
3,NONE,-1.0,-0.1,-1.0,-0.1
3,NONE,-1.0,-0.1,-1.0,-0.1
3,NONE,-1.0,-0.1,-1.0,-0.1
3,NONE,-1.0,-0.1,-1.0,-0.1
3,NONE,-1.0,-0.1,-1.0,-0.1
3,NONE,-1.0,-0.1,-1.0,-0.1
3,NONE,-1.0,-0.1,-1.0,-0.1
3,NONE,-1.0,-0.1,-1.0,-0.1
3,NONE,-1.0,-0.1,-1.0,-0.1
3,NONE,-1.0,-0.1,-1.0,-0.1
3,NONE,-1.0,-0.1,-1.0,-0.1
3,NONE,-1.0,-0.1,-1.0,-0.1
3,NONE,-1.0,-0.1,-1.0,-0.1
3,NONE,-1.0,-0.1,-1.0,-0.1
3,NONE,-1.0,-0.1,-1.0,-0.1
3,NONE,-1.0,-0.1,-1.0,-0.1
3,NONE,-1.0,-0.1,-1.0,-0.1
3,NONE,-1.0,-0.1,-1.0,-0.1
3,NONE,-1.0,-0.1,-1.0,-0.1
3,NONE,-1.0,-0.1,-1.0,-0.1
3,NONE,-1.0,-0.1,-1.0,-0.1
3,NONE,-1.0,-0.1,-1.0,-0.1
3,NONE,-1.0,-0.1,-1.0,-0.1
3,NONE,-1.0,-0.1,-1.0,-0.1
3,NONE,-1.0,-0.1,-1.0,-0.1
3,NONE,-1.0,-0.1,-1.0,-0.1
3,NONE,-1.0,-0.1,-1.0,-0.1
3,NONE,-1.0,-0.1,-1.0,-0.1
3,NONE,-1.0,-0.1,-1.0,-0.1
3,NONE,-1.0,-0.1,-1.0,-0.1
3,NONE,-1.0,-0.1,-1.0,-0.1
3,NONE,-1.0,-0.1,-1.0,-0.1
3,NONE,-1.0,-0.1,-1.0,-0.1
3,NONE,-1.0,-0.1,-1.0,-0.1
3,NONE,-1.0,-0.1,-1.0,-0.1
3,NONE,-1.0,-0.1,-1.0,-0.1
3,NONE,-1.0,-0.1,-1.0,-0.1
3,NONE,-1.0,-0.1,-1.0,-0.1
3,NONE,-1.0,-0.1,-1.0,-0.1
3,NONE,-1.0,-0.1,-1.0,-0.1
3,NONE,-1.0,-0.1,-1.0,-0.1
3,NONE,-1.0,-0.1,-1.0,-0.1
3,NONE,-1.0,-0.1,-1.0,-0.1
3,NONE,-1.0,-0.1,-1.0,-0.1
3,NONE,-1.0,-0.1,-1.0,-0.1
3,NONE,-1.0,-0.1,-1.0,-0.1
3,NONE,-1.0,-0.1,-1.0,-0.1
3,NONE,-1.0,-0.1,-1.0,-0.1
3,NONE,-1.0,-0.1,-1.0,-0.1
3,NONE,-1.0,-0.1,-1.0,-0.1
3,NONE,-1.0,-0.1,-1.0,-0.1
3,NONE,-1.0,-0.1,-1.0,-0.1
3,NONE,-1.0,-0.1,-1.0,-0.1
3,NONE,-1.0,-0.1,-1.0,-0.1
3,NONE,-1.0,-0.1,-1.0,-0.1
3,NONE,-1.0,-0.1,-1.0,-0.1
3,NONE,-1.0,-0.1,-1.0,-0.1
3,NONE,-1.0,-0.1,-1.0,-0.1
3,NONE,-1.0,-0.1,-1.0,-0.1
3,NONE,-1.0,-0.1,-1.0,-0.1
3,NONE,-1.0,-0.1,-1.0,-0.1
3,NONE,-1.0,-0.1,-1.0,-0.1
3,NONE,-1.0,-0.1,-1.0,-0.1
3,NONE,-1.0,-0.1,-1.0,-0.1
3,NONE,-1.0,-0.1,-1.0,-0.1
3,NONE,-1.0,-0.1,-1.0,-0.1
3,NONE,-1.0,-0.1,-1.0,-0.1
3,NONE,-1.0,-0.1,-1.0,-0.1
3,NONE,-1.0,-0.1,-1.0,-0.1
3,NONE,-1.0,-0.1,-1.0,-0.1
3,NONE,-1.0,-0.1,-1.0,-0.1
3,NONE,-1.0,-0.1,-1.0,-0.1
3,NONE,-1.0,-0.1,-1.0,-0.1
3,NONE,-1.0,-0.1,-1.0,-0.1
3,NONE,-1.0,-0.1,-1.0,-0.1
3,NONE,-1.0,-0.1,-1.0,-0.1
3,NONE,-1.0,-0.1,-1.0,-0.1
3,NONE,-1.0,-0.1,-1.0,-0.1
3,NONE,-1.0,-0.1,-1.0,-0.1
3,NONE,-1.0,-0.1,-1.0,-0.1
3,NONE,-1.0,-0.1,-1.0,-0.1
3,NONE,-1.0,-0.1,-1.0,-0.1
3,NONE,-1.0,-0.1,-1.0,-0.1
3,NONE,-1.0,-0.1,-1.0,-0.1
3,NONE,-1.0,-0.1,-1.0,-0.1
3,NONE,-1.0,-0.1,-1.0,-0.1
3,NONE,-1.0,-0.1,-1.0,-0.1
3,NONE,-1.0,-0.1,-1.0,-0.1
3,NONE,-1.0,-0.1,-1.0,-0.1
3,NONE,-1.0,-0.1,-1.0,-0.1
3,NONE,-1.0,-0.1,-1.0,-0.1
3,NONE,-1.0,-0.1,-1.0,-0.1
3,NONE,-1.0,-0.1,-1.0,-0.1
3,NONE,-1.0,-0.1,-1.0,-0.1
3,NONE,-1.0,-0.1,-1.0,-0.1
3,NONE,-1.0,-0.1,-1.0,-0.1
3,NONE,-1.0,-0.1,-1.0,-0.1
3,NONE,-1.0,-0.1,-1.0,-0.1
3,NONE,-1.0,-0.1,-1.0,-0.1
3,NONE,-1.0,-0.1,-1.0,-0.1
3,NONE,-1.0,-0.1,-1.0,-0.1
3,NONE,-1.0,-0.1,-1.0,-0.1
3,NONE,-1.0,-0.1,-1.0,-0.1
3,NONE,-1.0,-0.1,-1.0,-0.1
3,NONE,-1.0,-0.1,-1.0,-0.1
3,NONE,-1.0,-0.1,-1.0,-0.1
3,NONE,-1.0,-0.1,-1.0,-0.1
3,NONE,-1.0,-0.1,-1.0,-0.1
3,NONE,-1.0,-0.1,-1.0,-0.1
3,NONE,-1.0,-0.1,-1.0,-0.1
2,EV_B13_C008_Mototaxi_Electrica_P10,-1.0,-0.1,8.0,35.52435264118738
1,EV_B13_C008_Mototaxi_Electrica_P10,6.0,78.80919253293138,-1.0,35.52435264118738
1,EV_B13_C008_Mototaxi_Electrica_P10,5.0,78.80919253293138,-1.0,35.52435264118738
1,EV_B13_C008_Mototaxi_Electrica_P10,4.0,78.80919253293138,-1.0,35.52435264118738
1,EV_B13_C008_Mototaxi_Electrica_P10,3.0,78.80919253293138,-1.0,35.52435264118738
1,EV_B13_C008_Mototaxi_Electrica_P10,2.0,78.80919253293138,-1.0,35.52435264118738
1,EV_B13_C008_Mototaxi_Electrica_P10,1.0,78.80919253293138,-1.0,35.52435264118738
1,EV_B13_C008_Mototaxi_Electrica_P10,0.0,78.80919253293138,-1.0,35.52435264118738
3,NONE,-1.0,-0.1,-1.0,-0.1
3,NONE,-1.0,-0.1,-1.0,-0.1
3,NONE,-1.0,-0.1,-1.0,-0.1
3,NONE,-1.0,-0.1,-1.0,-0.1
3,NONE,-1.0,-0.1,-1.0,-0.1
3,NONE,-1.0,-0.1,-1.0,-0.1
3,NONE,-1.0,-0.1,-1.0,-0.1
3,NONE,-1.0,-0.1,-1.0,-0.1
3,NONE,-1.0,-0.1,-1.0,-0.1
3,NONE,-1.0,-0.1,-1.0,-0.1
3,NONE,-1.0,-0.1,-1.0,-0.1
3,NONE,-1.0,-0.1,-1.0,-0.1
3,NONE,-1.0,-0.1,-1.0,-0.1
3,NONE,-1.0,-0.1,-1.0,-0.1
3,NONE,-1.0,-0.1,-1.0,-0.1
3,NONE,-1.0,-0.1,-1.0,-0.1
3,NONE,-1.0,-0.1,-1.0,-0.1
3,NONE,-1.0,-0.1,-1.0,-0.1
2,EV_B13_C008_Mototaxi_Electrica_P01,-1.0,-0.1,10.0,13.391906550427201
1,EV_B13_C008_Mototaxi_Electrica_P01,4.0,84.50417898407889,-1.0,13.391906550427201
1,EV_B13_C008_Mototaxi_Electrica_P01,3.0,84.50417898407889,-1.0,13.391906550427201
1,EV_B13_C008_Mototaxi_Electrica_P01,2.0,84.50417898407889,-1.0,13.391906550427201
1,EV_B13_C008_Mototaxi_Electrica_P01,1.0,84.50417898407889,-1.0,13.391906550427201
1,EV_B13_C008_Mototaxi_Electrica_P01,0.0,84.50417898407889,-1.0,13.391906550427201
3,NONE,-1.0,-0.1,-1.0,-0.1
3,NONE,-1.0,-0.1,-1.0,-0.1
3,NONE,-1.0,-0.1,-1.0,-0.1
3,NONE,-1.0,-0.1,-1.0,-0.1
3,NONE,-1.0,-0.1,-1.0,-0.1
3,NONE,-1.0,-0.1,-1.0,-0.1
3,NONE,-1.0,-0.1,-1.0,-0.1
3,NONE,-1.0,-0.1,-1.0,-0.1
3,NONE,-1.0,-0.1,-1.0,-0.1
3,NONE,-1.0,-0.1,-1.0,-0.1
3,NONE,-1.0,-0.1,-1.0,-0.1
3,NONE,-1.0,-0.1,-1.0,-0.1
3,NONE,-1.0,-0.1,-1.0,-0.1
3,NONE,-1.0,-0.1,-1.0,-0.1
3,NONE,-1.0,-0.1,-1.0,-0.1
3,NONE,-1.0,-0.1,-1.0,-0.1
3,NONE,-1.0,-0.1,-1.0,-0.1
3,NONE,-1.0,-0.1,-1.0,-0.1
3,NONE,-1.0,-0.1,-1.0,-0.1
3,NONE,-1.0,-0.1,-1.0,-0.1
3,NONE,-1.0,-0.1,-1.0,-0.1
3,NONE,-1.0,-0.1,-1.0,-0.1
3,NONE,-1.0,-0.1,-1.0,-0.1
3,NONE,-1.0,-0.1,-1.0,-0.1
3,NONE,-1.0,-0.1,-1.0,-0.1
3,NONE,-1.0,-0.1,-1.0,-0.1
3,NONE,-1.0,-0.1,-1.0,-0.1
3,NONE,-1.0,-0.1,-1.0,-0.1
3,NONE,-1.0,-0.1,-1.0,-0.1
3,NONE,-1.0,-0.1,-1.0,-0.1
3,NONE,-1.0,-0.1,-1.0,-0.1
3,NONE,-1.0,-0.1,-1.0,-0.1
3,NONE,-1.0,-0.1,-1.0,-0.1
3,NONE,-1.0,-0.1,-1.0,-0.1
3,NONE,-1.0,-0.1,-1.0,-0.1
3,NONE,-1.0,-0.1,-1.0,-0.1
3,NONE,-1.0,-0.1,-1.0,-0.1
3,NONE,-1.0,-0.1,-1.0,-0.1
3,NONE,-1.0,-0.1,-1.0,-0.1
2,EV_B13_C008_Mototaxi_Electrica_P02,-1.0,-0.1,7.0,5.0
1,EV_B13_C008_Mototaxi_Electrica_P02,7.0,94.0834670097839,-1.0,5.0
1,EV_B13_C008_Mototaxi_Electrica_P02,6.0,94.0834670097839,-1.0,5.0
1,EV_B13_C008_Mototaxi_Electrica_P02,5.0,94.0834670097839,-1.0,5.0
1,EV_B13_C008_Mototaxi_Electrica_P02,4.0,94.0834670097839,-1.0,5.0
1,EV_B13_C008_Mototaxi_Electrica_P02,3.0,94.0834670097839,-1.0,5.0
1,EV_B13_C008_Mototaxi_Electrica_P02,2.0,94.0834670097839,-1.0,5.0
1,EV_B13_C008_Mototaxi_Electrica_P02,1.0,94.0834670097839,-1.0,5.0
1,EV_B13_C008_Mototaxi_Electrica_P02,0.0,94.0834670097839,-1.0,5.0
3,NONE,-1.0,-0.1,-1.0,-0.1
3,NONE,-1.0,-0.1,-1.0,-0.1
3,NONE,-1.0,-0.1,-1.0,-0.1
3,NONE,-1.0,-0.1,-1.0,-0.1
3,NONE,-1.0,-0.1,-1.0,-0.1
3,NONE,-1.0,-0.1,-1.0,-0.1
3,NONE,-1.0,-0.1,-1.0,-0.1
3,NONE,-1.0,-0.1,-1.0,-0.1
3,NONE,-1.0,-0.1,-1.0,-0.1
3,NONE,-1.0,-0.1,-1.0,-0.1
3,NONE,-1.0,-0.1,-1.0,-0.1
3,NONE,-1.0,-0.1,-1.0,-0.1
3,NONE,-1.0,-0.1,-1.0,-0.1
3,NONE,-1.0,-0.1,-1.0,-0.1
3,NONE,-1.0,-0.1,-1.0,-0.1
3,NONE,-1.0,-0.1,-1.0,-0.1
3,NONE,-1.0,-0.1,-1.0,-0.1
3,NONE,-1.0,-0.1,-1.0,-0.1
3,NONE,-1.0,-0.1,-1.0,-0.1
3,NONE,-1.0,-0.1,-1.0,-0.1
3,NONE,-1.0,-0.1,-1.0,-0.1
3,NONE,-1.0,-0.1,-1.0,-0.1
3,NONE,-1.0,-0.1,-1.0,-0.1
3,NONE,-1.0,-0.1,-1.0,-0.1
3,NONE,-1.0,-0.1,-1.0,-0.1
3,NONE,-1.0,-0.1,-1.0,-0.1
3,NONE,-1.0,-0.1,-1.0,-0.1
3,NONE,-1.0,-0.1,-1.0,-0.1
3,NONE,-1.0,-0.1,-1.0,-0.1
3,NONE,-1.0,-0.1,-1.0,-0.1
3,NONE,-1.0,-0.1,-1.0,-0.1
3,NONE,-1.0,-0.1,-1.0,-0.1
3,NONE,-1.0,-0.1,-1.0,-0.1
3,NONE,-1.0,-0.1,-1.0,-0.1
3,NONE,-1.0,-0.1,-1.0,-0.1
3,NONE,-1.0,-0.1,-1.0,-0.1
3,NONE,-1.0,-0.1,-1.0,-0.1
3,NONE,-1.0,-0.1,-1.0,-0.1
3,NONE,-1.0,-0.1,-1.0,-0.1
3,NONE,-1.0,-0.1,-1.0,-0.1
3,NONE,-1.0,-0.1,-1.0,-0.1
3,NONE,-1.0,-0.1,-1.0,-0.1
3,NONE,-1.0,-0.1,-1.0,-0.1
3,NONE,-1.0,-0.1,-1.0,-0.1
3,NONE,-1.0,-0.1,-1.0,-0.1
3,NONE,-1.0,-0.1,-1.0,-0.1
3,NONE,-1.0,-0.1,-1.0,-0.1
3,NONE,-1.0,-0.1,-1.0,-0.1
3,NONE,-1.0,-0.1,-1.0,-0.1
3,NONE,-1.0,-0.1,-1.0,-0.1
3,NONE,-1.0,-0.1,-1.0,-0.1
3,NONE,-1.0,-0.1,-1.0,-0.1
3,NONE,-1.0,-0.1,-1.0,-0.1
3,NONE,-1.0,-0.1,-1.0,-0.1
3,NONE,-1.0,-0.1,-1.0,-0.1
3,NONE,-1.0,-0.1,-1.0,-0.1
3,NONE,-1.0,-0.1,-1.0,-0.1
3,NONE,-1.0,-0.1,-1.0,-0.1
3,NONE,-1.0,-0.1,-1.0,-0.1
3,NONE,-1.0,-0.1,-1.0,-0.1
3,NONE,-1.0,-0.1,-1.0,-0.1
3,NONE,-1.0,-0.1,-1.0,-0.1
3,NONE,-1.0,-0.1,-1.0,-0.1
3,NONE,-1.0,-0.1,-1.0,-0.1
3,NONE,-1.0,-0.1,-1.0,-0.1
3,NONE,-1.0,-0.1,-1.0,-0.1
3,NONE,-1.0,-0.1,-1.0,-0.1
3,NONE,-1.0,-0.1,-1.0,-0.1
3,NONE,-1.0,-0.1,-1.0,-0.1
3,NONE,-1.0,-0.1,-1.0,-0.1
3,NONE,-1.0,-0.1,-1.0,-0.1
3,NONE,-1.0,-0.1,-1.0,-0.1
3,NONE,-1.0,-0.1,-1.0,-0.1
3,NONE,-1.0,-0.1,-1.0,-0.1
3,NONE,-1.0,-0.1,-1.0,-0.1
3,NONE,-1.0,-0.1,-1.0,-0.1
3,NONE,-1.0,-0.1,-1.0,-0.1
3,NONE,-1.0,-0.1,-1.0,-0.1
3,NONE,-1.0,-0.1,-1.0,-0.1
3,NONE,-1.0,-0.1,-1.0,-0.1
3,NONE,-1.0,-0.1,-1.0,-0.1
3,NONE,-1.0,-0.1,-1.0,-0.1
3,NONE,-1.0,-0.1,-1.0,-0.1
3,NONE,-1.0,-0.1,-1.0,-0.1
3,NONE,-1.0,-0.1,-1.0,-0.1
3,NONE,-1.0,-0.1,-1.0,-0.1
3,NONE,-1.0,-0.1,-1.0,-0.1
2,EV_B13_C008_Mototaxi_Electrica_P03,-1.0,-0.1,7.0,51.84861449853003
1,EV_B13_C008_Mototaxi_Electrica_P03,7.0,100.0,-1.0,51.84861449853003
1,EV_B13_C008_Mototaxi_Electrica_P03,6.0,100.0,-1.0,51.84861449853003
1,EV_B13_C008_Mototaxi_Electrica_P03,5.0,100.0,-1.0,51.84861449853003
1,EV_B13_C008_Mototaxi_Electrica_P03,4.0,100.0,-1.0,51.84861449853003
1,EV_B13_C008_Mototaxi_Electrica_P03,3.0,100.0,-1.0,51.84861449853003
1,EV_B13_C008_Mototaxi_Electrica_P03,2.0,100.0,-1.0,51.84861449853003
1,EV_B13_C008_Mototaxi_Electrica_P03,1.0,100.0,-1.0,51.84861449853003
1,EV_B13_C008_Mototaxi_Electrica_P03,0.0,100.0,-1.0,51.84861449853003
3,NONE,-1.0,-0.1,-1.0,-0.1
3,NONE,-1.0,-0.1,-1.0,-0.1
3,NONE,-1.0,-0.1,-1.0,-0.1
3,NONE,-1.0,-0.1,-1.0,-0.1
3,NONE,-1.0,-0.1,-1.0,-0.1
3,NONE,-1.0,-0.1,-1.0,-0.1
3,NONE,-1.0,-0.1,-1.0,-0.1
3,NONE,-1.0,-0.1,-1.0,-0.1
3,NONE,-1.0,-0.1,-1.0,-0.1
3,NONE,-1.0,-0.1,-1.0,-0.1
3,NONE,-1.0,-0.1,-1.0,-0.1
3,NONE,-1.0,-0.1,-1.0,-0.1
3,NONE,-1.0,-0.1,-1.0,-0.1
3,NONE,-1.0,-0.1,-1.0,-0.1
3,NONE,-1.0,-0.1,-1.0,-0.1
3,NONE,-1.0,-0.1,-1.0,-0.1
3,NONE,-1.0,-0.1,-1.0,-0.1
2,EV_B13_C008_Mototaxi_Electrica_P04,-1.0,-0.1,9.0,28.932202773649657
1,EV_B13_C008_Mototaxi_Electrica_P04,5.0,77.52462007702748,-1.0,28.932202773649657
1,EV_B13_C008_Mototaxi_Electrica_P04,4.0,77.52462007702748,-1.0,28.932202773649657
1,EV_B13_C008_Mototaxi_Electrica_P04,3.0,77.52462007702748,-1.0,28.932202773649657
1,EV_B13_C008_Mototaxi_Electrica_P04,2.0,77.52462007702748,-1.0,28.932202773649657
1,EV_B13_C008_Mototaxi_Electrica_P04,1.0,77.52462007702748,-1.0,28.932202773649657
1,EV_B13_C008_Mototaxi_Electrica_P04,0.0,77.52462007702748,-1.0,28.932202773649657
3,NONE,-1.0,-0.1,-1.0,-0.1
3,NONE,-1.0,-0.1,-1.0,-0.1
3,NONE,-1.0,-0.1,-1.0,-0.1
3,NONE,-1.0,-0.1,-1.0,-0.1
3,NONE,-1.0,-0.1,-1.0,-0.1
3,NONE,-1.0,-0.1,-1.0,-0.1
3,NONE,-1.0,-0.1,-1.0,-0.1
3,NONE,-1.0,-0.1,-1.0,-0.1
3,NONE,-1.0,-0.1,-1.0,-0.1
3,NONE,-1.0,-0.1,-1.0,-0.1
3,NONE,-1.0,-0.1,-1.0,-0.1
3,NONE,-1.0,-0.1,-1.0,-0.1
3,NONE,-1.0,-0.1,-1.0,-0.1
3,NONE,-1.0,-0.1,-1.0,-0.1
3,NONE,-1.0,-0.1,-1.0,-0.1
3,NONE,-1.0,-0.1,-1.0,-0.1
3,NONE,-1.0,-0.1,-1.0,-0.1
3,NONE,-1.0,-0.1,-1.0,-0.1
3,NONE,-1.0,-0.1,-1.0,-0.1
3,NONE,-1.0,-0.1,-1.0,-0.1
3,NONE,-1.0,-0.1,-1.0,-0.1
3,NONE,-1.0,-0.1,-1.0,-0.1
3,NONE,-1.0,-0.1,-1.0,-0.1
3,NONE,-1.0,-0.1,-1.0,-0.1
3,NONE,-1.0,-0.1,-1.0,-0.1
3,NONE,-1.0,-0.1,-1.0,-0.1
3,NONE,-1.0,-0.1,-1.0,-0.1
3,NONE,-1.0,-0.1,-1.0,-0.1
3,NONE,-1.0,-0.1,-1.0,-0.1
3,NONE,-1.0,-0.1,-1.0,-0.1
3,NONE,-1.0,-0.1,-1.0,-0.1
3,NONE,-1.0,-0.1,-1.0,-0.1
3,NONE,-1.0,-0.1,-1.0,-0.1
3,NONE,-1.0,-0.1,-1.0,-0.1
3,NONE,-1.0,-0.1,-1.0,-0.1
3,NONE,-1.0,-0.1,-1.0,-0.1
3,NONE,-1.0,-0.1,-1.0,-0.1
3,NONE,-1.0,-0.1,-1.0,-0.1
3,NONE,-1.0,-0.1,-1.0,-0.1
3,NONE,-1.0,-0.1,-1.0,-0.1
3,NONE,-1.0,-0.1,-1.0,-0.1
3,NONE,-1.0,-0.1,-1.0,-0.1
3,NONE,-1.0,-0.1,-1.0,-0.1
3,NONE,-1.0,-0.1,-1.0,-0.1
3,NONE,-1.0,-0.1,-1.0,-0.1
3,NONE,-1.0,-0.1,-1.0,-0.1
3,NONE,-1.0,-0.1,-1.0,-0.1
3,NONE,-1.0,-0.1,-1.0,-0.1
3,NONE,-1.0,-0.1,-1.0,-0.1
3,NONE,-1.0,-0.1,-1.0,-0.1
3,NONE,-1.0,-0.1,-1.0,-0.1
3,NONE,-1.0,-0.1,-1.0,-0.1
3,NONE,-1.0,-0.1,-1.0,-0.1
3,NONE,-1.0,-0.1,-1.0,-0.1
3,NONE,-1.0,-0.1,-1.0,-0.1
3,NONE,-1.0,-0.1,-1.0,-0.1
3,NONE,-1.0,-0.1,-1.0,-0.1
3,NONE,-1.0,-0.1,-1.0,-0.1
3,NONE,-1.0,-0.1,-1.0,-0.1
3,NONE,-1.0,-0.1,-1.0,-0.1
3,NONE,-1.0,-0.1,-1.0,-0.1
3,NONE,-1.0,-0.1,-1.0,-0.1
3,NONE,-1.0,-0.1,-1.0,-0.1
3,NONE,-1.0,-0.1,-1.0,-0.1
3,NONE,-1.0,-0.1,-1.0,-0.1
3,NONE,-1.0,-0.1,-1.0,-0.1
3,NONE,-1.0,-0.1,-1.0,-0.1
3,NONE,-1.0,-0.1,-1.0,-0.1
3,NONE,-1.0,-0.1,-1.0,-0.1
3,NONE,-1.0,-0.1,-1.0,-0.1
3,NONE,-1.0,-0.1,-1.0,-0.1
3,NONE,-1.0,-0.1,-1.0,-0.1
3,NONE,-1.0,-0.1,-1.0,-0.1
3,NONE,-1.0,-0.1,-1.0,-0.1
3,NONE,-1.0,-0.1,-1.0,-0.1
3,NONE,-1.0,-0.1,-1.0,-0.1
3,NONE,-1.0,-0.1,-1.0,-0.1
3,NONE,-1.0,-0.1,-1.0,-0.1
3,NONE,-1.0,-0.1,-1.0,-0.1
3,NONE,-1.0,-0.1,-1.0,-0.1
3,NONE,-1.0,-0.1,-1.0,-0.1
3,NONE,-1.0,-0.1,-1.0,-0.1
3,NONE,-1.0,-0.1,-1.0,-0.1
3,NONE,-1.0,-0.1,-1.0,-0.1
3,NONE,-1.0,-0.1,-1.0,-0.1
3,NONE,-1.0,-0.1,-1.0,-0.1
3,NONE,-1.0,-0.1,-1.0,-0.1
3,NONE,-1.0,-0.1,-1.0,-0.1
3,NONE,-1.0,-0.1,-1.0,-0.1
3,NONE,-1.0,-0.1,-1.0,-0.1
3,NONE,-1.0,-0.1,-1.0,-0.1
3,NONE,-1.0,-0.1,-1.0,-0.1
3,NONE,-1.0,-0.1,-1.0,-0.1
3,NONE,-1.0,-0.1,-1.0,-0.1
3,NONE,-1.0,-0.1,-1.0,-0.1
3,NONE,-1.0,-0.1,-1.0,-0.1
3,NONE,-1.0,-0.1,-1.0,-0.1
3,NONE,-1.0,-0.1,-1.0,-0.1
3,NONE,-1.0,-0.1,-1.0,-0.1
3,NONE,-1.0,-0.1,-1.0,-0.1
3,NONE,-1.0,-0.1,-1.0,-0.1
3,NONE,-1.0,-0.1,-1.0,-0.1
3,NONE,-1.0,-0.1,-1.0,-0.1
3,NONE,-1.0,-0.1,-1.0,-0.1
3,NONE,-1.0,-0.1,-1.0,-0.1
3,NONE,-1.0,-0.1,-1.0,-0.1
3,NONE,-1.0,-0.1,-1.0,-0.1
3,NONE,-1.0,-0.1,-1.0,-0.1
3,NONE,-1.0,-0.1,-1.0,-0.1
3,NONE,-1.0,-0.1,-1.0,-0.1
3,NONE,-1.0,-0.1,-1.0,-0.1
3,NONE,-1.0,-0.1,-1.0,-0.1
3,NONE,-1.0,-0.1,-1.0,-0.1
3,NONE,-1.0,-0.1,-1.0,-0.1
3,NONE,-1.0,-0.1,-1.0,-0.1
3,NONE,-1.0,-0.1,-1.0,-0.1
3,NONE,-1.0,-0.1,-1.0,-0.1
3,NONE,-1.0,-0.1,-1.0,-0.1
3,NONE,-1.0,-0.1,-1.0,-0.1
3,NONE,-1.0,-0.1,-1.0,-0.1
3,NONE,-1.0,-0.1,-1.0,-0.1
3,NONE,-1.0,-0.1,-1.0,-0.1
3,NONE,-1.0,-0.1,-1.0,-0.1
3,NONE,-1.0,-0.1,-1.0,-0.1
3,NONE,-1.0,-0.1,-1.0,-0.1
3,NONE,-1.0,-0.1,-1.0,-0.1
3,NONE,-1.0,-0.1,-1.0,-0.1
3,NONE,-1.0,-0.1,-1.0,-0.1
3,NONE,-1.0,-0.1,-1.0,-0.1
3,NONE,-1.0,-0.1,-1.0,-0.1
3,NONE,-1.0,-0.1,-1.0,-0.1
3,NONE,-1.0,-0.1,-1.0,-0.1
3,NONE,-1.0,-0.1,-1.0,-0.1
3,NONE,-1.0,-0.1,-1.0,-0.1
3,NONE,-1.0,-0.1,-1.0,-0.1
2,EV_B13_C008_Mototaxi_Electrica_P05,-1.0,-0.1,7.0,20.630642588088975
1,EV_B13_C008_Mototaxi_Electrica_P05,7.0,75.71164090532575,-1.0,20.630642588088975
1,EV_B13_C008_Mototaxi_Electrica_P05,6.0,75.71164090532575,-1.0,20.630642588088975
1,EV_B13_C008_Mototaxi_Electrica_P05,5.0,75.71164090532575,-1.0,20.630642588088975
1,EV_B13_C008_Mototaxi_Electrica_P05,4.0,75.71164090532575,-1.0,20.630642588088975
1,EV_B13_C008_Mototaxi_Electrica_P05,3.0,75.71164090532575,-1.0,20.630642588088975
1,EV_B13_C008_Mototaxi_Electrica_P05,2.0,75.71164090532575,-1.0,20.630642588088975
1,EV_B13_C008_Mototaxi_Electrica_P05,1.0,75.71164090532575,-1.0,20.630642588088975
1,EV_B13_C008_Mototaxi_Electrica_P05,0.0,75.71164090532575,-1.0,20.630642588088975
3,NONE,-1.0,-0.1,-1.0,-0.1
3,NONE,-1.0,-0.1,-1.0,-0.1
3,NONE,-1.0,-0.1,-1.0,-0.1
3,NONE,-1.0,-0.1,-1.0,-0.1
3,NONE,-1.0,-0.1,-1.0,-0.1
3,NONE,-1.0,-0.1,-1.0,-0.1
3,NONE,-1.0,-0.1,-1.0,-0.1
3,NONE,-1.0,-0.1,-1.0,-0.1
3,NONE,-1.0,-0.1,-1.0,-0.1
3,NONE,-1.0,-0.1,-1.0,-0.1
3,NONE,-1.0,-0.1,-1.0,-0.1
3,NONE,-1.0,-0.1,-1.0,-0.1
3,NONE,-1.0,-0.1,-1.0,-0.1
3,NONE,-1.0,-0.1,-1.0,-0.1
3,NONE,-1.0,-0.1,-1.0,-0.1
3,NONE,-1.0,-0.1,-1.0,-0.1
3,NONE,-1.0,-0.1,-1.0,-0.1
3,NONE,-1.0,-0.1,-1.0,-0.1
3,NONE,-1.0,-0.1,-1.0,-0.1
3,NONE,-1.0,-0.1,-1.0,-0.1
3,NONE,-1.0,-0.1,-1.0,-0.1
3,NONE,-1.0,-0.1,-1.0,-0.1
3,NONE,-1.0,-0.1,-1.0,-0.1
3,NONE,-1.0,-0.1,-1.0,-0.1
3,NONE,-1.0,-0.1,-1.0,-0.1
3,NONE,-1.0,-0.1,-1.0,-0.1
3,NONE,-1.0,-0.1,-1.0,-0.1
3,NONE,-1.0,-0.1,-1.0,-0.1
3,NONE,-1.0,-0.1,-1.0,-0.1
3,NONE,-1.0,-0.1,-1.0,-0.1
3,NONE,-1.0,-0.1,-1.0,-0.1
3,NONE,-1.0,-0.1,-1.0,-0.1
3,NONE,-1.0,-0.1,-1.0,-0.1
3,NONE,-1.0,-0.1,-1.0,-0.1
3,NONE,-1.0,-0.1,-1.0,-0.1
3,NONE,-1.0,-0.1,-1.0,-0.1
3,NONE,-1.0,-0.1,-1.0,-0.1
3,NONE,-1.0,-0.1,-1.0,-0.1
3,NONE,-1.0,-0.1,-1.0,-0.1
3,NONE,-1.0,-0.1,-1.0,-0.1
3,NONE,-1.0,-0.1,-1.0,-0.1
3,NONE,-1.0,-0.1,-1.0,-0.1
3,NONE,-1.0,-0.1,-1.0,-0.1
3,NONE,-1.0,-0.1,-1.0,-0.1
3,NONE,-1.0,-0.1,-1.0,-0.1
3,NONE,-1.0,-0.1,-1.0,-0.1
3,NONE,-1.0,-0.1,-1.0,-0.1
3,NONE,-1.0,-0.1,-1.0,-0.1
3,NONE,-1.0,-0.1,-1.0,-0.1
3,NONE,-1.0,-0.1,-1.0,-0.1
3,NONE,-1.0,-0.1,-1.0,-0.1
3,NONE,-1.0,-0.1,-1.0,-0.1
3,NONE,-1.0,-0.1,-1.0,-0.1
3,NONE,-1.0,-0.1,-1.0,-0.1
3,NONE,-1.0,-0.1,-1.0,-0.1
3,NONE,-1.0,-0.1,-1.0,-0.1
3,NONE,-1.0,-0.1,-1.0,-0.1
3,NONE,-1.0,-0.1,-1.0,-0.1
3,NONE,-1.0,-0.1,-1.0,-0.1
3,NONE,-1.0,-0.1,-1.0,-0.1
3,NONE,-1.0,-0.1,-1.0,-0.1
3,NONE,-1.0,-0.1,-1.0,-0.1
3,NONE,-1.0,-0.1,-1.0,-0.1
2,EV_B13_C008_Mototaxi_Electrica_P06,-1.0,-0.1,7.0,40.56656682411838
1,EV_B13_C008_Mototaxi_Electrica_P06,6.0,85.31710356547592,-1.0,40.56656682411838
1,EV_B13_C008_Mototaxi_Electrica_P06,5.0,85.31710356547592,-1.0,40.56656682411838
1,EV_B13_C008_Mototaxi_Electrica_P06,4.0,85.31710356547592,-1.0,40.56656682411838
1,EV_B13_C008_Mototaxi_Electrica_P06,3.0,85.31710356547592,-1.0,40.56656682411838
1,EV_B13_C008_Mototaxi_Electrica_P06,2.0,85.31710356547592,-1.0,40.56656682411838
1,EV_B13_C008_Mototaxi_Electrica_P06,1.0,85.31710356547592,-1.0,40.56656682411838
1,EV_B13_C008_Mototaxi_Electrica_P06,0.0,85.31710356547592,-1.0,40.56656682411838
3,NONE,-1.0,-0.1,-1.0,-0.1
3,NONE,-1.0,-0.1,-1.0,-0.1
3,NONE,-1.0,-0.1,-1.0,-0.1
3,NONE,-1.0,-0.1,-1.0,-0.1
3,NONE,-1.0,-0.1,-1.0,-0.1
3,NONE,-1.0,-0.1,-1.0,-0.1
3,NONE,-1.0,-0.1,-1.0,-0.1
3,NONE,-1.0,-0.1,-1.0,-0.1
3,NONE,-1.0,-0.1,-1.0,-0.1
3,NONE,-1.0,-0.1,-1.0,-0.1
3,NONE,-1.0,-0.1,-1.0,-0.1
3,NONE,-1.0,-0.1,-1.0,-0.1
3,NONE,-1.0,-0.1,-1.0,-0.1
3,NONE,-1.0,-0.1,-1.0,-0.1
3,NONE,-1.0,-0.1,-1.0,-0.1
3,NONE,-1.0,-0.1,-1.0,-0.1
3,NONE,-1.0,-0.1,-1.0,-0.1
3,NONE,-1.0,-0.1,-1.0,-0.1
2,EV_B13_C008_Mototaxi_Electrica_P07,-1.0,-0.1,9.0,23.650550568086725
1,EV_B13_C008_Mototaxi_Electrica_P07,5.0,83.59380625902203,-1.0,23.650550568086725
1,EV_B13_C008_Mototaxi_Electrica_P07,4.0,83.59380625902203,-1.0,23.650550568086725
1,EV_B13_C008_Mototaxi_Electrica_P07,3.0,83.59380625902203,-1.0,23.650550568086725
1,EV_B13_C008_Mototaxi_Electrica_P07,2.0,83.59380625902203,-1.0,23.650550568086725
1,EV_B13_C008_Mototaxi_Electrica_P07,1.0,83.59380625902203,-1.0,23.650550568086725
1,EV_B13_C008_Mototaxi_Electrica_P07,0.0,83.59380625902203,-1.0,23.650550568086725
3,NONE,-1.0,-0.1,-1.0,-0.1
3,NONE,-1.0,-0.1,-1.0,-0.1
3,NONE,-1.0,-0.1,-1.0,-0.1
3,NONE,-1.0,-0.1,-1.0,-0.1
3,NONE,-1.0,-0.1,-1.0,-0.1
3,NONE,-1.0,-0.1,-1.0,-0.1
3,NONE,-1.0,-0.1,-1.0,-0.1
3,NONE,-1.0,-0.1,-1.0,-0.1
3,NONE,-1.0,-0.1,-1.0,-0.1
3,NONE,-1.0,-0.1,-1.0,-0.1
3,NONE,-1.0,-0.1,-1.0,-0.1
3,NONE,-1.0,-0.1,-1.0,-0.1
3,NONE,-1.0,-0.1,-1.0,-0.1
3,NONE,-1.0,-0.1,-1.0,-0.1
3,NONE,-1.0,-0.1,-1.0,-0.1
3,NONE,-1.0,-0.1,-1.0,-0.1
3,NONE,-1.0,-0.1,-1.0,-0.1
3,NONE,-1.0,-0.1,-1.0,-0.1
3,NONE,-1.0,-0.1,-1.0,-0.1
3,NONE,-1.0,-0.1,-1.0,-0.1
3,NONE,-1.0,-0.1,-1.0,-0.1
3,NONE,-1.0,-0.1,-1.0,-0.1
3,NONE,-1.0,-0.1,-1.0,-0.1
3,NONE,-1.0,-0.1,-1.0,-0.1
3,NONE,-1.0,-0.1,-1.0,-0.1
3,NONE,-1.0,-0.1,-1.0,-0.1
3,NONE,-1.0,-0.1,-1.0,-0.1
3,NONE,-1.0,-0.1,-1.0,-0.1
3,NONE,-1.0,-0.1,-1.0,-0.1
3,NONE,-1.0,-0.1,-1.0,-0.1
3,NONE,-1.0,-0.1,-1.0,-0.1
3,NONE,-1.0,-0.1,-1.0,-0.1
3,NONE,-1.0,-0.1,-1.0,-0.1
3,NONE,-1.0,-0.1,-1.0,-0.1
3,NONE,-1.0,-0.1,-1.0,-0.1
3,NONE,-1.0,-0.1,-1.0,-0.1
3,NONE,-1.0,-0.1,-1.0,-0.1
3,NONE,-1.0,-0.1,-1.0,-0.1
3,NONE,-1.0,-0.1,-1.0,-0.1
3,NONE,-1.0,-0.1,-1.0,-0.1
3,NONE,-1.0,-0.1,-1.0,-0.1
3,NONE,-1.0,-0.1,-1.0,-0.1
3,NONE,-1.0,-0.1,-1.0,-0.1
3,NONE,-1.0,-0.1,-1.0,-0.1
3,NONE,-1.0,-0.1,-1.0,-0.1
3,NONE,-1.0,-0.1,-1.0,-0.1
3,NONE,-1.0,-0.1,-1.0,-0.1
3,NONE,-1.0,-0.1,-1.0,-0.1
3,NONE,-1.0,-0.1,-1.0,-0.1
3,NONE,-1.0,-0.1,-1.0,-0.1
3,NONE,-1.0,-0.1,-1.0,-0.1
3,NONE,-1.0,-0.1,-1.0,-0.1
3,NONE,-1.0,-0.1,-1.0,-0.1
3,NONE,-1.0,-0.1,-1.0,-0.1
3,NONE,-1.0,-0.1,-1.0,-0.1
3,NONE,-1.0,-0.1,-1.0,-0.1
3,NONE,-1.0,-0.1,-1.0,-0.1
3,NONE,-1.0,-0.1,-1.0,-0.1
3,NONE,-1.0,-0.1,-1.0,-0.1
3,NONE,-1.0,-0.1,-1.0,-0.1
3,NONE,-1.0,-0.1,-1.0,-0.1
3,NONE,-1.0,-0.1,-1.0,-0.1
3,NONE,-1.0,-0.1,-1.0,-0.1
2,EV_B13_C008_Mototaxi_Electrica_P08,-1.0,-0.1,7.0,27.821750264636727
1,EV_B13_C008_Mototaxi_Electrica_P08,7.0,81.5862879795817,-1.0,27.821750264636727
1,EV_B13_C008_Mototaxi_Electrica_P08,6.0,81.5862879795817,-1.0,27.821750264636727
1,EV_B13_C008_Mototaxi_Electrica_P08,5.0,81.5862879795817,-1.0,27.821750264636727
1,EV_B13_C008_Mototaxi_Electrica_P08,4.0,81.5862879795817,-1.0,27.821750264636727
1,EV_B13_C008_Mototaxi_Electrica_P08,3.0,81.5862879795817,-1.0,27.821750264636727
1,EV_B13_C008_Mototaxi_Electrica_P08,2.0,81.5862879795817,-1.0,27.821750264636727
1,EV_B13_C008_Mototaxi_Electrica_P08,1.0,81.5862879795817,-1.0,27.821750264636727
1,EV_B13_C008_Mototaxi_Electrica_P08,0.0,81.5862879795817,-1.0,27.821750264636727
3,NONE,-1.0,-0.1,-1.0,-0.1
3,NONE,-1.0,-0.1,-1.0,-0.1
3,NONE,-1.0,-0.1,-1.0,-0.1
3,NONE,-1.0,-0.1,-1.0,-0.1
3,NONE,-1.0,-0.1,-1.0,-0.1
3,NONE,-1.0,-0.1,-1.0,-0.1
3,NONE,-1.0,-0.1,-1.0,-0.1
3,NONE,-1.0,-0.1,-1.0,-0.1
3,NONE,-1.0,-0.1,-1.0,-0.1
3,NONE,-1.0,-0.1,-1.0,-0.1
3,NONE,-1.0,-0.1,-1.0,-0.1
3,NONE,-1.0,-0.1,-1.0,-0.1
3,NONE,-1.0,-0.1,-1.0,-0.1
3,NONE,-1.0,-0.1,-1.0,-0.1
3,NONE,-1.0,-0.1,-1.0,-0.1
3,NONE,-1.0,-0.1,-1.0,-0.1
3,NONE,-1.0,-0.1,-1.0,-0.1
3,NONE,-1.0,-0.1,-1.0,-0.1
3,NONE,-1.0,-0.1,-1.0,-0.1
3,NONE,-1.0,-0.1,-1.0,-0.1
3,NONE,-1.0,-0.1,-1.0,-0.1
3,NONE,-1.0,-0.1,-1.0,-0.1
3,NONE,-1.0,-0.1,-1.0,-0.1
3,NONE,-1.0,-0.1,-1.0,-0.1
3,NONE,-1.0,-0.1,-1.0,-0.1
3,NONE,-1.0,-0.1,-1.0,-0.1
3,NONE,-1.0,-0.1,-1.0,-0.1
3,NONE,-1.0,-0.1,-1.0,-0.1
3,NONE,-1.0,-0.1,-1.0,-0.1
3,NONE,-1.0,-0.1,-1.0,-0.1
3,NONE,-1.0,-0.1,-1.0,-0.1
3,NONE,-1.0,-0.1,-1.0,-0.1
3,NONE,-1.0,-0.1,-1.0,-0.1
3,NONE,-1.0,-0.1,-1.0,-0.1
3,NONE,-1.0,-0.1,-1.0,-0.1
3,NONE,-1.0,-0.1,-1.0,-0.1
3,NONE,-1.0,-0.1,-1.0,-0.1
3,NONE,-1.0,-0.1,-1.0,-0.1
3,NONE,-1.0,-0.1,-1.0,-0.1
3,NONE,-1.0,-0.1,-1.0,-0.1
2,EV_B13_C008_Mototaxi_Electrica_P09,-1.0,-0.1,8.0,20.677937705611306
1,EV_B13_C008_Mototaxi_Electrica_P09,6.0,86.59998553166369,-1.0,20.677937705611306
1,EV_B13_C008_Mototaxi_Electrica_P09,5.0,86.59998553166369,-1.0,20.677937705611306
1,EV_B13_C008_Mototaxi_Electrica_P09,4.0,86.59998553166369,-1.0,20.677937705611306
1,EV_B13_C008_Mototaxi_Electrica_P09,3.0,86.59998553166369,-1.0,20.677937705611306
1,EV_B13_C008_Mototaxi_Electrica_P09,2.0,86.59998553166369,-1.0,20.677937705611306
1,EV_B13_C008_Mototaxi_Electrica_P09,1.0,86.59998553166369,-1.0,20.677937705611306
1,EV_B13_C008_Mototaxi_Electrica_P09,0.0,86.59998553166369,-1.0,20.677937705611306
3,NONE,-1.0,-0.1,-1.0,-0.1
3,NONE,-1.0,-0.1,-1.0,-0.1
3,NONE,-1.0,-0.1,-1.0,-0.1
3,NONE,-1.0,-0.1,-1.0,-0.1
3,NONE,-1.0,-0.1,-1.0,-0.1
3,NONE,-1.0,-0.1,-1.0,-0.1
3,NONE,-1.0,-0.1,-1.0,-0.1
3,NONE,-1.0,-0.1,-1.0,-0.1
3,NONE,-1.0,-0.1,-1.0,-0.1
3,NONE,-1.0,-0.1,-1.0,-0.1
3,NONE,-1.0,-0.1,-1.0,-0.1
3,NONE,-1.0,-0.1,-1.0,-0.1
3,NONE,-1.0,-0.1,-1.0,-0.1
3,NONE,-1.0,-0.1,-1.0,-0.1
3,NONE,-1.0,-0.1,-1.0,-0.1
3,NONE,-1.0,-0.1,-1.0,-0.1
2,EV_B13_C008_Mototaxi_Electrica_P10,-1.0,-0.1,8.0,40.79579443835829
1,EV_B13_C008_Mototaxi_Electrica_P10,6.0,79.33757544342421,-1.0,40.79579443835829
1,EV_B13_C008_Mototaxi_Electrica_P10,5.0,79.33757544342421,-1.0,40.79579443835829
1,EV_B13_C008_Mototaxi_Electrica_P10,4.0,79.33757544342421,-1.0,40.79579443835829
1,EV_B13_C008_Mototaxi_Electrica_P10,3.0,79.33757544342421,-1.0,40.79579443835829
1,EV_B13_C008_Mototaxi_Electrica_P10,2.0,79.33757544342421,-1.0,40.79579443835829
1,EV_B13_C008_Mototaxi_Electrica_P10,1.0,79.33757544342421,-1.0,40.79579443835829
1,EV_B13_C008_Mototaxi_Electrica_P10,0.0,79.33757544342421,-1.0,40.79579443835829
3,NONE,-1.0,-0.1,-1.0,-0.1
3,NONE,-1.0,-0.1,-1.0,-0.1
3,NONE,-1.0,-0.1,-1.0,-0.1
3,NONE,-1.0,-0.1,-1.0,-0.1
3,NONE,-1.0,-0.1,-1.0,-0.1
3,NONE,-1.0,-0.1,-1.0,-0.1
3,NONE,-1.0,-0.1,-1.0,-0.1
3,NONE,-1.0,-0.1,-1.0,-0.1
3,NONE,-1.0,-0.1,-1.0,-0.1
3,NONE,-1.0,-0.1,-1.0,-0.1
3,NONE,-1.0,-0.1,-1.0,-0.1
3,NONE,-1.0,-0.1,-1.0,-0.1
3,NONE,-1.0,-0.1,-1.0,-0.1
3,NONE,-1.0,-0.1,-1.0,-0.1
3,NONE,-1.0,-0.1,-1.0,-0.1
3,NONE,-1.0,-0.1,-1.0,-0.1
3,NONE,-1.0,-0.1,-1.0,-0.1
3,NONE,-1.0,-0.1,-1.0,-0.1
3,NONE,-1.0,-0.1,-1.0,-0.1
2,EV_B13_C008_Mototaxi_Electrica_P01,-1.0,-0.1,11.0,38.98995752296912
1,EV_B13_C008_Mototaxi_Electrica_P01,3.0,89.27818876297003,-1.0,38.98995752296912
1,EV_B13_C008_Mototaxi_Electrica_P01,2.0,89.27818876297003,-1.0,38.98995752296912
1,EV_B13_C008_Mototaxi_Electrica_P01,1.0,89.27818876297003,-1.0,38.98995752296912
1,EV_B13_C008_Mototaxi_Electrica_P01,0.0,89.27818876297003,-1.0,38.98995752296912
3,NONE,-1.0,-0.1,-1.0,-0.1
3,NONE,-1.0,-0.1,-1.0,-0.1
3,NONE,-1.0,-0.1,-1.0,-0.1
3,NONE,-1.0,-0.1,-1.0,-0.1
3,NONE,-1.0,-0.1,-1.0,-0.1
3,NONE,-1.0,-0.1,-1.0,-0.1
3,NONE,-1.0,-0.1,-1.0,-0.1
3,NONE,-1.0,-0.1,-1.0,-0.1
3,NONE,-1.0,-0.1,-1.0,-0.1
3,NONE,-1.0,-0.1,-1.0,-0.1
3,NONE,-1.0,-0.1,-1.0,-0.1
3,NONE,-1.0,-0.1,-1.0,-0.1
3,NONE,-1.0,-0.1,-1.0,-0.1
3,NONE,-1.0,-0.1,-1.0,-0.1
3,NONE,-1.0,-0.1,-1.0,-0.1
3,NONE,-1.0,-0.1,-1.0,-0.1
3,NONE,-1.0,-0.1,-1.0,-0.1
3,NONE,-1.0,-0.1,-1.0,-0.1
3,NONE,-1.0,-0.1,-1.0,-0.1
3,NONE,-1.0,-0.1,-1.0,-0.1
3,NONE,-1.0,-0.1,-1.0,-0.1
3,NONE,-1.0,-0.1,-1.0,-0.1
3,NONE,-1.0,-0.1,-1.0,-0.1
3,NONE,-1.0,-0.1,-1.0,-0.1
3,NONE,-1.0,-0.1,-1.0,-0.1
3,NONE,-1.0,-0.1,-1.0,-0.1
3,NONE,-1.0,-0.1,-1.0,-0.1
3,NONE,-1.0,-0.1,-1.0,-0.1
3,NONE,-1.0,-0.1,-1.0,-0.1
3,NONE,-1.0,-0.1,-1.0,-0.1
3,NONE,-1.0,-0.1,-1.0,-0.1
3,NONE,-1.0,-0.1,-1.0,-0.1
3,NONE,-1.0,-0.1,-1.0,-0.1
3,NONE,-1.0,-0.1,-1.0,-0.1
3,NONE,-1.0,-0.1,-1.0,-0.1
3,NONE,-1.0,-0.1,-1.0,-0.1
3,NONE,-1.0,-0.1,-1.0,-0.1
3,NONE,-1.0,-0.1,-1.0,-0.1
3,NONE,-1.0,-0.1,-1.0,-0.1
3,NONE,-1.0,-0.1,-1.0,-0.1
3,NONE,-1.0,-0.1,-1.0,-0.1
3,NONE,-1.0,-0.1,-1.0,-0.1
3,NONE,-1.0,-0.1,-1.0,-0.1
3,NONE,-1.0,-0.1,-1.0,-0.1
3,NONE,-1.0,-0.1,-1.0,-0.1
3,NONE,-1.0,-0.1,-1.0,-0.1
3,NONE,-1.0,-0.1,-1.0,-0.1
3,NONE,-1.0,-0.1,-1.0,-0.1
3,NONE,-1.0,-0.1,-1.0,-0.1
3,NONE,-1.0,-0.1,-1.0,-0.1
3,NONE,-1.0,-0.1,-1.0,-0.1
3,NONE,-1.0,-0.1,-1.0,-0.1
3,NONE,-1.0,-0.1,-1.0,-0.1
3,NONE,-1.0,-0.1,-1.0,-0.1
3,NONE,-1.0,-0.1,-1.0,-0.1
3,NONE,-1.0,-0.1,-1.0,-0.1
3,NONE,-1.0,-0.1,-1.0,-0.1
3,NONE,-1.0,-0.1,-1.0,-0.1
3,NONE,-1.0,-0.1,-1.0,-0.1
3,NONE,-1.0,-0.1,-1.0,-0.1
3,NONE,-1.0,-0.1,-1.0,-0.1
3,NONE,-1.0,-0.1,-1.0,-0.1
3,NONE,-1.0,-0.1,-1.0,-0.1
3,NONE,-1.0,-0.1,-1.0,-0.1
3,NONE,-1.0,-0.1,-1.0,-0.1
3,NONE,-1.0,-0.1,-1.0,-0.1
2,EV_B13_C008_Mototaxi_Electrica_P02,-1.0,-0.1,10.0,26.89490893169815
1,EV_B13_C008_Mototaxi_Electrica_P02,4.0,82.70423708596147,-1.0,26.89490893169815
1,EV_B13_C008_Mototaxi_Electrica_P02,3.0,82.70423708596147,-1.0,26.89490893169815
1,EV_B13_C008_Mototaxi_Electrica_P02,2.0,82.70423708596147,-1.0,26.89490893169815
1,EV_B13_C008_Mototaxi_Electrica_P02,1.0,82.70423708596147,-1.0,26.89490893169815
1,EV_B13_C008_Mototaxi_Electrica_P02,0.0,82.70423708596147,-1.0,26.89490893169815
3,NONE,-1.0,-0.1,-1.0,-0.1
3,NONE,-1.0,-0.1,-1.0,-0.1
3,NONE,-1.0,-0.1,-1.0,-0.1
3,NONE,-1.0,-0.1,-1.0,-0.1
3,NONE,-1.0,-0.1,-1.0,-0.1
3,NONE,-1.0,-0.1,-1.0,-0.1
3,NONE,-1.0,-0.1,-1.0,-0.1
3,NONE,-1.0,-0.1,-1.0,-0.1
3,NONE,-1.0,-0.1,-1.0,-0.1
3,NONE,-1.0,-0.1,-1.0,-0.1
3,NONE,-1.0,-0.1,-1.0,-0.1
3,NONE,-1.0,-0.1,-1.0,-0.1
3,NONE,-1.0,-0.1,-1.0,-0.1
3,NONE,-1.0,-0.1,-1.0,-0.1
3,NONE,-1.0,-0.1,-1.0,-0.1
3,NONE,-1.0,-0.1,-1.0,-0.1
3,NONE,-1.0,-0.1,-1.0,-0.1
3,NONE,-1.0,-0.1,-1.0,-0.1
3,NONE,-1.0,-0.1,-1.0,-0.1
3,NONE,-1.0,-0.1,-1.0,-0.1
3,NONE,-1.0,-0.1,-1.0,-0.1
3,NONE,-1.0,-0.1,-1.0,-0.1
3,NONE,-1.0,-0.1,-1.0,-0.1
3,NONE,-1.0,-0.1,-1.0,-0.1
3,NONE,-1.0,-0.1,-1.0,-0.1
3,NONE,-1.0,-0.1,-1.0,-0.1
3,NONE,-1.0,-0.1,-1.0,-0.1
3,NONE,-1.0,-0.1,-1.0,-0.1
3,NONE,-1.0,-0.1,-1.0,-0.1
3,NONE,-1.0,-0.1,-1.0,-0.1
3,NONE,-1.0,-0.1,-1.0,-0.1
3,NONE,-1.0,-0.1,-1.0,-0.1
3,NONE,-1.0,-0.1,-1.0,-0.1
3,NONE,-1.0,-0.1,-1.0,-0.1
3,NONE,-1.0,-0.1,-1.0,-0.1
3,NONE,-1.0,-0.1,-1.0,-0.1
3,NONE,-1.0,-0.1,-1.0,-0.1
3,NONE,-1.0,-0.1,-1.0,-0.1
3,NONE,-1.0,-0.1,-1.0,-0.1
3,NONE,-1.0,-0.1,-1.0,-0.1
2,EV_B13_C008_Mototaxi_Electrica_P03,-1.0,-0.1,8.0,26.595866672920828
1,EV_B13_C008_Mototaxi_Electrica_P03,6.0,87.41540462474191,-1.0,26.595866672920828
1,EV_B13_C008_Mototaxi_Electrica_P03,5.0,87.41540462474191,-1.0,26.595866672920828
1,EV_B13_C008_Mototaxi_Electrica_P03,4.0,87.41540462474191,-1.0,26.595866672920828
1,EV_B13_C008_Mototaxi_Electrica_P03,3.0,87.41540462474191,-1.0,26.595866672920828
1,EV_B13_C008_Mototaxi_Electrica_P03,2.0,87.41540462474191,-1.0,26.595866672920828
1,EV_B13_C008_Mototaxi_Electrica_P03,1.0,87.41540462474191,-1.0,26.595866672920828
1,EV_B13_C008_Mototaxi_Electrica_P03,0.0,87.41540462474191,-1.0,26.595866672920828
3,NONE,-1.0,-0.1,-1.0,-0.1
3,NONE,-1.0,-0.1,-1.0,-0.1
3,NONE,-1.0,-0.1,-1.0,-0.1
3,NONE,-1.0,-0.1,-1.0,-0.1
3,NONE,-1.0,-0.1,-1.0,-0.1
3,NONE,-1.0,-0.1,-1.0,-0.1
3,NONE,-1.0,-0.1,-1.0,-0.1
3,NONE,-1.0,-0.1,-1.0,-0.1
3,NONE,-1.0,-0.1,-1.0,-0.1
3,NONE,-1.0,-0.1,-1.0,-0.1
3,NONE,-1.0,-0.1,-1.0,-0.1
3,NONE,-1.0,-0.1,-1.0,-0.1
3,NONE,-1.0,-0.1,-1.0,-0.1
3,NONE,-1.0,-0.1,-1.0,-0.1
3,NONE,-1.0,-0.1,-1.0,-0.1
3,NONE,-1.0,-0.1,-1.0,-0.1
3,NONE,-1.0,-0.1,-1.0,-0.1
3,NONE,-1.0,-0.1,-1.0,-0.1
3,NONE,-1.0,-0.1,-1.0,-0.1
3,NONE,-1.0,-0.1,-1.0,-0.1
3,NONE,-1.0,-0.1,-1.0,-0.1
3,NONE,-1.0,-0.1,-1.0,-0.1
3,NONE,-1.0,-0.1,-1.0,-0.1
3,NONE,-1.0,-0.1,-1.0,-0.1
3,NONE,-1.0,-0.1,-1.0,-0.1
3,NONE,-1.0,-0.1,-1.0,-0.1
3,NONE,-1.0,-0.1,-1.0,-0.1
3,NONE,-1.0,-0.1,-1.0,-0.1
3,NONE,-1.0,-0.1,-1.0,-0.1
3,NONE,-1.0,-0.1,-1.0,-0.1
3,NONE,-1.0,-0.1,-1.0,-0.1
3,NONE,-1.0,-0.1,-1.0,-0.1
3,NONE,-1.0,-0.1,-1.0,-0.1
3,NONE,-1.0,-0.1,-1.0,-0.1
3,NONE,-1.0,-0.1,-1.0,-0.1
3,NONE,-1.0,-0.1,-1.0,-0.1
3,NONE,-1.0,-0.1,-1.0,-0.1
3,NONE,-1.0,-0.1,-1.0,-0.1
3,NONE,-1.0,-0.1,-1.0,-0.1
3,NONE,-1.0,-0.1,-1.0,-0.1
3,NONE,-1.0,-0.1,-1.0,-0.1
3,NONE,-1.0,-0.1,-1.0,-0.1
3,NONE,-1.0,-0.1,-1.0,-0.1
3,NONE,-1.0,-0.1,-1.0,-0.1
3,NONE,-1.0,-0.1,-1.0,-0.1
3,NONE,-1.0,-0.1,-1.0,-0.1
3,NONE,-1.0,-0.1,-1.0,-0.1
3,NONE,-1.0,-0.1,-1.0,-0.1
3,NONE,-1.0,-0.1,-1.0,-0.1
3,NONE,-1.0,-0.1,-1.0,-0.1
3,NONE,-1.0,-0.1,-1.0,-0.1
3,NONE,-1.0,-0.1,-1.0,-0.1
3,NONE,-1.0,-0.1,-1.0,-0.1
3,NONE,-1.0,-0.1,-1.0,-0.1
3,NONE,-1.0,-0.1,-1.0,-0.1
3,NONE,-1.0,-0.1,-1.0,-0.1
3,NONE,-1.0,-0.1,-1.0,-0.1
3,NONE,-1.0,-0.1,-1.0,-0.1
3,NONE,-1.0,-0.1,-1.0,-0.1
3,NONE,-1.0,-0.1,-1.0,-0.1
3,NONE,-1.0,-0.1,-1.0,-0.1
3,NONE,-1.0,-0.1,-1.0,-0.1
3,NONE,-1.0,-0.1,-1.0,-0.1
3,NONE,-1.0,-0.1,-1.0,-0.1
3,NONE,-1.0,-0.1,-1.0,-0.1
3,NONE,-1.0,-0.1,-1.0,-0.1
3,NONE,-1.0,-0.1,-1.0,-0.1
3,NONE,-1.0,-0.1,-1.0,-0.1
3,NONE,-1.0,-0.1,-1.0,-0.1
3,NONE,-1.0,-0.1,-1.0,-0.1
3,NONE,-1.0,-0.1,-1.0,-0.1
3,NONE,-1.0,-0.1,-1.0,-0.1
3,NONE,-1.0,-0.1,-1.0,-0.1
3,NONE,-1.0,-0.1,-1.0,-0.1
3,NONE,-1.0,-0.1,-1.0,-0.1
3,NONE,-1.0,-0.1,-1.0,-0.1
3,NONE,-1.0,-0.1,-1.0,-0.1
3,NONE,-1.0,-0.1,-1.0,-0.1
3,NONE,-1.0,-0.1,-1.0,-0.1
3,NONE,-1.0,-0.1,-1.0,-0.1
3,NONE,-1.0,-0.1,-1.0,-0.1
3,NONE,-1.0,-0.1,-1.0,-0.1
3,NONE,-1.0,-0.1,-1.0,-0.1
3,NONE,-1.0,-0.1,-1.0,-0.1
3,NONE,-1.0,-0.1,-1.0,-0.1
3,NONE,-1.0,-0.1,-1.0,-0.1
3,NONE,-1.0,-0.1,-1.0,-0.1
3,NONE,-1.0,-0.1,-1.0,-0.1
3,NONE,-1.0,-0.1,-1.0,-0.1
3,NONE,-1.0,-0.1,-1.0,-0.1
3,NONE,-1.0,-0.1,-1.0,-0.1
3,NONE,-1.0,-0.1,-1.0,-0.1
3,NONE,-1.0,-0.1,-1.0,-0.1
3,NONE,-1.0,-0.1,-1.0,-0.1
3,NONE,-1.0,-0.1,-1.0,-0.1
3,NONE,-1.0,-0.1,-1.0,-0.1
3,NONE,-1.0,-0.1,-1.0,-0.1
3,NONE,-1.0,-0.1,-1.0,-0.1
3,NONE,-1.0,-0.1,-1.0,-0.1
3,NONE,-1.0,-0.1,-1.0,-0.1
3,NONE,-1.0,-0.1,-1.0,-0.1
3,NONE,-1.0,-0.1,-1.0,-0.1
3,NONE,-1.0,-0.1,-1.0,-0.1
3,NONE,-1.0,-0.1,-1.0,-0.1
3,NONE,-1.0,-0.1,-1.0,-0.1
3,NONE,-1.0,-0.1,-1.0,-0.1
3,NONE,-1.0,-0.1,-1.0,-0.1
3,NONE,-1.0,-0.1,-1.0,-0.1
3,NONE,-1.0,-0.1,-1.0,-0.1
3,NONE,-1.0,-0.1,-1.0,-0.1
3,NONE,-1.0,-0.1,-1.0,-0.1
3,NONE,-1.0,-0.1,-1.0,-0.1
3,NONE,-1.0,-0.1,-1.0,-0.1
3,NONE,-1.0,-0.1,-1.0,-0.1
3,NONE,-1.0,-0.1,-1.0,-0.1
3,NONE,-1.0,-0.1,-1.0,-0.1
3,NONE,-1.0,-0.1,-1.0,-0.1
3,NONE,-1.0,-0.1,-1.0,-0.1
3,NONE,-1.0,-0.1,-1.0,-0.1
3,NONE,-1.0,-0.1,-1.0,-0.1
3,NONE,-1.0,-0.1,-1.0,-0.1
3,NONE,-1.0,-0.1,-1.0,-0.1
3,NONE,-1.0,-0.1,-1.0,-0.1
3,NONE,-1.0,-0.1,-1.0,-0.1
3,NONE,-1.0,-0.1,-1.0,-0.1
3,NONE,-1.0,-0.1,-1.0,-0.1
3,NONE,-1.0,-0.1,-1.0,-0.1
3,NONE,-1.0,-0.1,-1.0,-0.1
3,NONE,-1.0,-0.1,-1.0,-0.1
3,NONE,-1.0,-0.1,-1.0,-0.1
3,NONE,-1.0,-0.1,-1.0,-0.1
3,NONE,-1.0,-0.1,-1.0,-0.1
3,NONE,-1.0,-0.1,-1.0,-0.1
3,NONE,-1.0,-0.1,-1.0,-0.1
3,NONE,-1.0,-0.1,-1.0,-0.1
3,NONE,-1.0,-0.1,-1.0,-0.1
3,NONE,-1.0,-0.1,-1.0,-0.1
3,NONE,-1.0,-0.1,-1.0,-0.1
3,NONE,-1.0,-0.1,-1.0,-0.1
3,NONE,-1.0,-0.1,-1.0,-0.1
3,NONE,-1.0,-0.1,-1.0,-0.1
3,NONE,-1.0,-0.1,-1.0,-0.1
3,NONE,-1.0,-0.1,-1.0,-0.1
3,NONE,-1.0,-0.1,-1.0,-0.1
3,NONE,-1.0,-0.1,-1.0,-0.1
3,NONE,-1.0,-0.1,-1.0,-0.1
3,NONE,-1.0,-0.1,-1.0,-0.1
3,NONE,-1.0,-0.1,-1.0,-0.1
3,NONE,-1.0,-0.1,-1.0,-0.1
3,NONE,-1.0,-0.1,-1.0,-0.1
3,NONE,-1.0,-0.1,-1.0,-0.1
3,NONE,-1.0,-0.1,-1.0,-0.1
3,NONE,-1.0,-0.1,-1.0,-0.1
3,NONE,-1.0,-0.1,-1.0,-0.1
3,NONE,-1.0,-0.1,-1.0,-0.1
3,NONE,-1.0,-0.1,-1.0,-0.1
3,NONE,-1.0,-0.1,-1.0,-0.1
3,NONE,-1.0,-0.1,-1.0,-0.1
3,NONE,-1.0,-0.1,-1.0,-0.1
3,NONE,-1.0,-0.1,-1.0,-0.1
3,NONE,-1.0,-0.1,-1.0,-0.1
3,NONE,-1.0,-0.1,-1.0,-0.1
3,NONE,-1.0,-0.1,-1.0,-0.1
3,NONE,-1.0,-0.1,-1.0,-0.1
3,NONE,-1.0,-0.1,-1.0,-0.1
3,NONE,-1.0,-0.1,-1.0,-0.1
3,NONE,-1.0,-0.1,-1.0,-0.1
3,NONE,-1.0,-0.1,-1.0,-0.1
3,NONE,-1.0,-0.1,-1.0,-0.1
3,NONE,-1.0,-0.1,-1.0,-0.1
3,NONE,-1.0,-0.1,-1.0,-0.1
3,NONE,-1.0,-0.1,-1.0,-0.1
3,NONE,-1.0,-0.1,-1.0,-0.1
3,NONE,-1.0,-0.1,-1.0,-0.1
3,NONE,-1.0,-0.1,-1.0,-0.1
3,NONE,-1.0,-0.1,-1.0,-0.1
3,NONE,-1.0,-0.1,-1.0,-0.1
3,NONE,-1.0,-0.1,-1.0,-0.1
3,NONE,-1.0,-0.1,-1.0,-0.1
3,NONE,-1.0,-0.1,-1.0,-0.1
3,NONE,-1.0,-0.1,-1.0,-0.1
3,NONE,-1.0,-0.1,-1.0,-0.1
3,NONE,-1.0,-0.1,-1.0,-0.1
2,EV_B13_C008_Mototaxi_Electrica_P04,-1.0,-0.1,7.0,56.47131130928043
1,EV_B13_C008_Mototaxi_Electrica_P04,7.0,75.08883302628172,-1.0,56.47131130928043
1,EV_B13_C008_Mototaxi_Electrica_P04,6.0,75.08883302628172,-1.0,56.47131130928043
1,EV_B13_C008_Mototaxi_Electrica_P04,5.0,75.08883302628172,-1.0,56.47131130928043
1,EV_B13_C008_Mototaxi_Electrica_P04,4.0,75.08883302628172,-1.0,56.47131130928043
1,EV_B13_C008_Mototaxi_Electrica_P04,3.0,75.08883302628172,-1.0,56.47131130928043
1,EV_B13_C008_Mototaxi_Electrica_P04,2.0,75.08883302628172,-1.0,56.47131130928043
1,EV_B13_C008_Mototaxi_Electrica_P04,1.0,75.08883302628172,-1.0,56.47131130928043
1,EV_B13_C008_Mototaxi_Electrica_P04,0.0,75.08883302628172,-1.0,56.47131130928043
3,NONE,-1.0,-0.1,-1.0,-0.1
3,NONE,-1.0,-0.1,-1.0,-0.1
3,NONE,-1.0,-0.1,-1.0,-0.1
3,NONE,-1.0,-0.1,-1.0,-0.1
3,NONE,-1.0,-0.1,-1.0,-0.1
3,NONE,-1.0,-0.1,-1.0,-0.1
3,NONE,-1.0,-0.1,-1.0,-0.1
3,NONE,-1.0,-0.1,-1.0,-0.1
3,NONE,-1.0,-0.1,-1.0,-0.1
3,NONE,-1.0,-0.1,-1.0,-0.1
3,NONE,-1.0,-0.1,-1.0,-0.1
3,NONE,-1.0,-0.1,-1.0,-0.1
3,NONE,-1.0,-0.1,-1.0,-0.1
3,NONE,-1.0,-0.1,-1.0,-0.1
3,NONE,-1.0,-0.1,-1.0,-0.1
3,NONE,-1.0,-0.1,-1.0,-0.1
3,NONE,-1.0,-0.1,-1.0,-0.1
3,NONE,-1.0,-0.1,-1.0,-0.1
2,EV_B13_C008_Mototaxi_Electrica_P05,-1.0,-0.1,10.0,39.964239214910286
1,EV_B13_C008_Mototaxi_Electrica_P05,4.0,77.4346003908106,-1.0,39.964239214910286
1,EV_B13_C008_Mototaxi_Electrica_P05,3.0,77.4346003908106,-1.0,39.964239214910286
1,EV_B13_C008_Mototaxi_Electrica_P05,2.0,77.4346003908106,-1.0,39.964239214910286
1,EV_B13_C008_Mototaxi_Electrica_P05,1.0,77.4346003908106,-1.0,39.964239214910286
1,EV_B13_C008_Mototaxi_Electrica_P05,0.0,77.4346003908106,-1.0,39.964239214910286
3,NONE,-1.0,-0.1,-1.0,-0.1
3,NONE,-1.0,-0.1,-1.0,-0.1
3,NONE,-1.0,-0.1,-1.0,-0.1
3,NONE,-1.0,-0.1,-1.0,-0.1
3,NONE,-1.0,-0.1,-1.0,-0.1
3,NONE,-1.0,-0.1,-1.0,-0.1
3,NONE,-1.0,-0.1,-1.0,-0.1
3,NONE,-1.0,-0.1,-1.0,-0.1
3,NONE,-1.0,-0.1,-1.0,-0.1
3,NONE,-1.0,-0.1,-1.0,-0.1
3,NONE,-1.0,-0.1,-1.0,-0.1
3,NONE,-1.0,-0.1,-1.0,-0.1
3,NONE,-1.0,-0.1,-1.0,-0.1
3,NONE,-1.0,-0.1,-1.0,-0.1
3,NONE,-1.0,-0.1,-1.0,-0.1
3,NONE,-1.0,-0.1,-1.0,-0.1
3,NONE,-1.0,-0.1,-1.0,-0.1
3,NONE,-1.0,-0.1,-1.0,-0.1
3,NONE,-1.0,-0.1,-1.0,-0.1
3,NONE,-1.0,-0.1,-1.0,-0.1
3,NONE,-1.0,-0.1,-1.0,-0.1
3,NONE,-1.0,-0.1,-1.0,-0.1
3,NONE,-1.0,-0.1,-1.0,-0.1
3,NONE,-1.0,-0.1,-1.0,-0.1
3,NONE,-1.0,-0.1,-1.0,-0.1
3,NONE,-1.0,-0.1,-1.0,-0.1
3,NONE,-1.0,-0.1,-1.0,-0.1
3,NONE,-1.0,-0.1,-1.0,-0.1
3,NONE,-1.0,-0.1,-1.0,-0.1
3,NONE,-1.0,-0.1,-1.0,-0.1
3,NONE,-1.0,-0.1,-1.0,-0.1
3,NONE,-1.0,-0.1,-1.0,-0.1
3,NONE,-1.0,-0.1,-1.0,-0.1
3,NONE,-1.0,-0.1,-1.0,-0.1
3,NONE,-1.0,-0.1,-1.0,-0.1
3,NONE,-1.0,-0.1,-1.0,-0.1
3,NONE,-1.0,-0.1,-1.0,-0.1
3,NONE,-1.0,-0.1,-1.0,-0.1
3,NONE,-1.0,-0.1,-1.0,-0.1
3,NONE,-1.0,-0.1,-1.0,-0.1
3,NONE,-1.0,-0.1,-1.0,-0.1
3,NONE,-1.0,-0.1,-1.0,-0.1
3,NONE,-1.0,-0.1,-1.0,-0.1
3,NONE,-1.0,-0.1,-1.0,-0.1
3,NONE,-1.0,-0.1,-1.0,-0.1
3,NONE,-1.0,-0.1,-1.0,-0.1
3,NONE,-1.0,-0.1,-1.0,-0.1
3,NONE,-1.0,-0.1,-1.0,-0.1
3,NONE,-1.0,-0.1,-1.0,-0.1
3,NONE,-1.0,-0.1,-1.0,-0.1
3,NONE,-1.0,-0.1,-1.0,-0.1
3,NONE,-1.0,-0.1,-1.0,-0.1
3,NONE,-1.0,-0.1,-1.0,-0.1
3,NONE,-1.0,-0.1,-1.0,-0.1
3,NONE,-1.0,-0.1,-1.0,-0.1
3,NONE,-1.0,-0.1,-1.0,-0.1
3,NONE,-1.0,-0.1,-1.0,-0.1
3,NONE,-1.0,-0.1,-1.0,-0.1
3,NONE,-1.0,-0.1,-1.0,-0.1
3,NONE,-1.0,-0.1,-1.0,-0.1
3,NONE,-1.0,-0.1,-1.0,-0.1
3,NONE,-1.0,-0.1,-1.0,-0.1
3,NONE,-1.0,-0.1,-1.0,-0.1
3,NONE,-1.0,-0.1,-1.0,-0.1
3,NONE,-1.0,-0.1,-1.0,-0.1
3,NONE,-1.0,-0.1,-1.0,-0.1
3,NONE,-1.0,-0.1,-1.0,-0.1
3,NONE,-1.0,-0.1,-1.0,-0.1
3,NONE,-1.0,-0.1,-1.0,-0.1
3,NONE,-1.0,-0.1,-1.0,-0.1
3,NONE,-1.0,-0.1,-1.0,-0.1
3,NONE,-1.0,-0.1,-1.0,-0.1
3,NONE,-1.0,-0.1,-1.0,-0.1
3,NONE,-1.0,-0.1,-1.0,-0.1
3,NONE,-1.0,-0.1,-1.0,-0.1
3,NONE,-1.0,-0.1,-1.0,-0.1
3,NONE,-1.0,-0.1,-1.0,-0.1
3,NONE,-1.0,-0.1,-1.0,-0.1
3,NONE,-1.0,-0.1,-1.0,-0.1
3,NONE,-1.0,-0.1,-1.0,-0.1
3,NONE,-1.0,-0.1,-1.0,-0.1
3,NONE,-1.0,-0.1,-1.0,-0.1
3,NONE,-1.0,-0.1,-1.0,-0.1
3,NONE,-1.0,-0.1,-1.0,-0.1
3,NONE,-1.0,-0.1,-1.0,-0.1
3,NONE,-1.0,-0.1,-1.0,-0.1
3,NONE,-1.0,-0.1,-1.0,-0.1
3,NONE,-1.0,-0.1,-1.0,-0.1
3,NONE,-1.0,-0.1,-1.0,-0.1
3,NONE,-1.0,-0.1,-1.0,-0.1
2,EV_B13_C008_Mototaxi_Electrica_P06,-1.0,-0.1,10.0,28.804136607307484
1,EV_B13_C008_Mototaxi_Electrica_P06,4.0,85.39056342022046,-1.0,28.804136607307484
1,EV_B13_C008_Mototaxi_Electrica_P06,3.0,85.39056342022046,-1.0,28.804136607307484
1,EV_B13_C008_Mototaxi_Electrica_P06,2.0,85.39056342022046,-1.0,28.804136607307484
1,EV_B13_C008_Mototaxi_Electrica_P06,1.0,85.39056342022046,-1.0,28.804136607307484
1,EV_B13_C008_Mototaxi_Electrica_P06,0.0,85.39056342022046,-1.0,28.804136607307484
3,NONE,-1.0,-0.1,-1.0,-0.1
3,NONE,-1.0,-0.1,-1.0,-0.1
3,NONE,-1.0,-0.1,-1.0,-0.1
3,NONE,-1.0,-0.1,-1.0,-0.1
3,NONE,-1.0,-0.1,-1.0,-0.1
3,NONE,-1.0,-0.1,-1.0,-0.1
3,NONE,-1.0,-0.1,-1.0,-0.1
3,NONE,-1.0,-0.1,-1.0,-0.1
3,NONE,-1.0,-0.1,-1.0,-0.1
3,NONE,-1.0,-0.1,-1.0,-0.1
3,NONE,-1.0,-0.1,-1.0,-0.1
3,NONE,-1.0,-0.1,-1.0,-0.1
3,NONE,-1.0,-0.1,-1.0,-0.1
3,NONE,-1.0,-0.1,-1.0,-0.1
3,NONE,-1.0,-0.1,-1.0,-0.1
3,NONE,-1.0,-0.1,-1.0,-0.1
2,EV_B13_C008_Mototaxi_Electrica_P07,-1.0,-0.1,8.0,37.43296157427805
1,EV_B13_C008_Mototaxi_Electrica_P07,6.0,88.38234950954647,-1.0,37.43296157427805
1,EV_B13_C008_Mototaxi_Electrica_P07,5.0,88.38234950954647,-1.0,37.43296157427805
1,EV_B13_C008_Mototaxi_Electrica_P07,4.0,88.38234950954647,-1.0,37.43296157427805
1,EV_B13_C008_Mototaxi_Electrica_P07,3.0,88.38234950954647,-1.0,37.43296157427805
1,EV_B13_C008_Mototaxi_Electrica_P07,2.0,88.38234950954647,-1.0,37.43296157427805
1,EV_B13_C008_Mototaxi_Electrica_P07,1.0,88.38234950954647,-1.0,37.43296157427805
1,EV_B13_C008_Mototaxi_Electrica_P07,0.0,88.38234950954647,-1.0,37.43296157427805
3,NONE,-1.0,-0.1,-1.0,-0.1
3,NONE,-1.0,-0.1,-1.0,-0.1
3,NONE,-1.0,-0.1,-1.0,-0.1
3,NONE,-1.0,-0.1,-1.0,-0.1
3,NONE,-1.0,-0.1,-1.0,-0.1
3,NONE,-1.0,-0.1,-1.0,-0.1
3,NONE,-1.0,-0.1,-1.0,-0.1
3,NONE,-1.0,-0.1,-1.0,-0.1
3,NONE,-1.0,-0.1,-1.0,-0.1
3,NONE,-1.0,-0.1,-1.0,-0.1
3,NONE,-1.0,-0.1,-1.0,-0.1
3,NONE,-1.0,-0.1,-1.0,-0.1
3,NONE,-1.0,-0.1,-1.0,-0.1
3,NONE,-1.0,-0.1,-1.0,-0.1
3,NONE,-1.0,-0.1,-1.0,-0.1
2,EV_B13_C008_Mototaxi_Electrica_P08,-1.0,-0.1,7.0,47.564652430837356
1,EV_B13_C008_Mototaxi_Electrica_P08,5.0,83.254950965715,-1.0,47.564652430837356
1,EV_B13_C008_Mototaxi_Electrica_P08,4.0,83.254950965715,-1.0,47.564652430837356
1,EV_B13_C008_Mototaxi_Electrica_P08,3.0,83.254950965715,-1.0,47.564652430837356
1,EV_B13_C008_Mototaxi_Electrica_P08,2.0,83.254950965715,-1.0,47.564652430837356
1,EV_B13_C008_Mototaxi_Electrica_P08,1.0,83.254950965715,-1.0,47.564652430837356
1,EV_B13_C008_Mototaxi_Electrica_P08,0.0,83.254950965715,-1.0,47.564652430837356
3,NONE,-1.0,-0.1,-1.0,-0.1
3,NONE,-1.0,-0.1,-1.0,-0.1
3,NONE,-1.0,-0.1,-1.0,-0.1
3,NONE,-1.0,-0.1,-1.0,-0.1
3,NONE,-1.0,-0.1,-1.0,-0.1
3,NONE,-1.0,-0.1,-1.0,-0.1
3,NONE,-1.0,-0.1,-1.0,-0.1
3,NONE,-1.0,-0.1,-1.0,-0.1
3,NONE,-1.0,-0.1,-1.0,-0.1
3,NONE,-1.0,-0.1,-1.0,-0.1
3,NONE,-1.0,-0.1,-1.0,-0.1
3,NONE,-1.0,-0.1,-1.0,-0.1
3,NONE,-1.0,-0.1,-1.0,-0.1
3,NONE,-1.0,-0.1,-1.0,-0.1
3,NONE,-1.0,-0.1,-1.0,-0.1
3,NONE,-1.0,-0.1,-1.0,-0.1
3,NONE,-1.0,-0.1,-1.0,-0.1
3,NONE,-1.0,-0.1,-1.0,-0.1
3,NONE,-1.0,-0.1,-1.0,-0.1
3,NONE,-1.0,-0.1,-1.0,-0.1
2,EV_B13_C008_Mototaxi_Electrica_P09,-1.0,-0.1,10.0,35.10393979092797
1,EV_B13_C008_Mototaxi_Electrica_P09,4.0,80.98965336572337,-1.0,35.10393979092797
1,EV_B13_C008_Mototaxi_Electrica_P09,3.0,80.98965336572337,-1.0,35.10393979092797
1,EV_B13_C008_Mototaxi_Electrica_P09,2.0,80.98965336572337,-1.0,35.10393979092797
1,EV_B13_C008_Mototaxi_Electrica_P09,1.0,80.98965336572337,-1.0,35.10393979092797
1,EV_B13_C008_Mototaxi_Electrica_P09,0.0,80.98965336572337,-1.0,35.10393979092797
3,NONE,-1.0,-0.1,-1.0,-0.1
3,NONE,-1.0,-0.1,-1.0,-0.1
3,NONE,-1.0,-0.1,-1.0,-0.1
3,NONE,-1.0,-0.1,-1.0,-0.1
3,NONE,-1.0,-0.1,-1.0,-0.1
3,NONE,-1.0,-0.1,-1.0,-0.1
3,NONE,-1.0,-0.1,-1.0,-0.1
3,NONE,-1.0,-0.1,-1.0,-0.1
3,NONE,-1.0,-0.1,-1.0,-0.1
3,NONE,-1.0,-0.1,-1.0,-0.1
3,NONE,-1.0,-0.1,-1.0,-0.1
3,NONE,-1.0,-0.1,-1.0,-0.1
3,NONE,-1.0,-0.1,-1.0,-0.1
3,NONE,-1.0,-0.1,-1.0,-0.1
3,NONE,-1.0,-0.1,-1.0,-0.1
3,NONE,-1.0,-0.1,-1.0,-0.1
3,NONE,-1.0,-0.1,-1.0,-0.1
3,NONE,-1.0,-0.1,-1.0,-0.1
3,NONE,-1.0,-0.1,-1.0,-0.1
3,NONE,-1.0,-0.1,-1.0,-0.1
3,NONE,-1.0,-0.1,-1.0,-0.1
3,NONE,-1.0,-0.1,-1.0,-0.1
3,NONE,-1.0,-0.1,-1.0,-0.1
3,NONE,-1.0,-0.1,-1.0,-0.1
3,NONE,-1.0,-0.1,-1.0,-0.1
3,NONE,-1.0,-0.1,-1.0,-0.1
3,NONE,-1.0,-0.1,-1.0,-0.1
3,NONE,-1.0,-0.1,-1.0,-0.1
3,NONE,-1.0,-0.1,-1.0,-0.1
3,NONE,-1.0,-0.1,-1.0,-0.1
3,NONE,-1.0,-0.1,-1.0,-0.1
3,NONE,-1.0,-0.1,-1.0,-0.1
3,NONE,-1.0,-0.1,-1.0,-0.1
3,NONE,-1.0,-0.1,-1.0,-0.1
3,NONE,-1.0,-0.1,-1.0,-0.1
3,NONE,-1.0,-0.1,-1.0,-0.1
3,NONE,-1.0,-0.1,-1.0,-0.1
3,NONE,-1.0,-0.1,-1.0,-0.1
3,NONE,-1.0,-0.1,-1.0,-0.1
3,NONE,-1.0,-0.1,-1.0,-0.1
3,NONE,-1.0,-0.1,-1.0,-0.1
3,NONE,-1.0,-0.1,-1.0,-0.1
3,NONE,-1.0,-0.1,-1.0,-0.1
3,NONE,-1.0,-0.1,-1.0,-0.1
3,NONE,-1.0,-0.1,-1.0,-0.1
3,NONE,-1.0,-0.1,-1.0,-0.1
3,NONE,-1.0,-0.1,-1.0,-0.1
3,NONE,-1.0,-0.1,-1.0,-0.1
3,NONE,-1.0,-0.1,-1.0,-0.1
3,NONE,-1.0,-0.1,-1.0,-0.1
3,NONE,-1.0,-0.1,-1.0,-0.1
3,NONE,-1.0,-0.1,-1.0,-0.1
3,NONE,-1.0,-0.1,-1.0,-0.1
3,NONE,-1.0,-0.1,-1.0,-0.1
3,NONE,-1.0,-0.1,-1.0,-0.1
3,NONE,-1.0,-0.1,-1.0,-0.1
3,NONE,-1.0,-0.1,-1.0,-0.1
3,NONE,-1.0,-0.1,-1.0,-0.1
3,NONE,-1.0,-0.1,-1.0,-0.1
3,NONE,-1.0,-0.1,-1.0,-0.1
3,NONE,-1.0,-0.1,-1.0,-0.1
3,NONE,-1.0,-0.1,-1.0,-0.1
3,NONE,-1.0,-0.1,-1.0,-0.1
2,EV_B13_C008_Mototaxi_Electrica_P10,-1.0,-0.1,7.0,57.417266771434356
1,EV_B13_C008_Mototaxi_Electrica_P10,7.0,83.99290230230491,-1.0,57.417266771434356
1,EV_B13_C008_Mototaxi_Electrica_P10,6.0,83.99290230230491,-1.0,57.417266771434356
1,EV_B13_C008_Mototaxi_Electrica_P10,5.0,83.99290230230491,-1.0,57.417266771434356
1,EV_B13_C008_Mototaxi_Electrica_P10,4.0,83.99290230230491,-1.0,57.417266771434356
1,EV_B13_C008_Mototaxi_Electrica_P10,3.0,83.99290230230491,-1.0,57.417266771434356
1,EV_B13_C008_Mototaxi_Electrica_P10,2.0,83.99290230230491,-1.0,57.417266771434356
1,EV_B13_C008_Mototaxi_Electrica_P10,1.0,83.99290230230491,-1.0,57.417266771434356
1,EV_B13_C008_Mototaxi_Electrica_P10,0.0,83.99290230230491,-1.0,57.417266771434356
3,NONE,-1.0,-0.1,-1.0,-0.1
3,NONE,-1.0,-0.1,-1.0,-0.1
3,NONE,-1.0,-0.1,-1.0,-0.1
3,NONE,-1.0,-0.1,-1.0,-0.1
3,NONE,-1.0,-0.1,-1.0,-0.1
3,NONE,-1.0,-0.1,-1.0,-0.1
3,NONE,-1.0,-0.1,-1.0,-0.1
3,NONE,-1.0,-0.1,-1.0,-0.1
3,NONE,-1.0,-0.1,-1.0,-0.1
3,NONE,-1.0,-0.1,-1.0,-0.1
3,NONE,-1.0,-0.1,-1.0,-0.1
3,NONE,-1.0,-0.1,-1.0,-0.1
3,NONE,-1.0,-0.1,-1.0,-0.1
3,NONE,-1.0,-0.1,-1.0,-0.1
3,NONE,-1.0,-0.1,-1.0,-0.1
3,NONE,-1.0,-0.1,-1.0,-0.1
2,EV_B13_C008_Mototaxi_Electrica_P01,-1.0,-0.1,8.0,26.841466930483712
1,EV_B13_C008_Mototaxi_Electrica_P01,6.0,80.69679845541734,-1.0,26.841466930483712
1,EV_B13_C008_Mototaxi_Electrica_P01,5.0,80.69679845541734,-1.0,26.841466930483712
1,EV_B13_C008_Mototaxi_Electrica_P01,4.0,80.69679845541734,-1.0,26.841466930483712
1,EV_B13_C008_Mototaxi_Electrica_P01,3.0,80.69679845541734,-1.0,26.841466930483712
1,EV_B13_C008_Mototaxi_Electrica_P01,2.0,80.69679845541734,-1.0,26.841466930483712
1,EV_B13_C008_Mototaxi_Electrica_P01,1.0,80.69679845541734,-1.0,26.841466930483712
1,EV_B13_C008_Mototaxi_Electrica_P01,0.0,80.69679845541734,-1.0,26.841466930483712
3,NONE,-1.0,-0.1,-1.0,-0.1
3,NONE,-1.0,-0.1,-1.0,-0.1
3,NONE,-1.0,-0.1,-1.0,-0.1
3,NONE,-1.0,-0.1,-1.0,-0.1
3,NONE,-1.0,-0.1,-1.0,-0.1
3,NONE,-1.0,-0.1,-1.0,-0.1
3,NONE,-1.0,-0.1,-1.0,-0.1
3,NONE,-1.0,-0.1,-1.0,-0.1
3,NONE,-1.0,-0.1,-1.0,-0.1
3,NONE,-1.0,-0.1,-1.0,-0.1
3,NONE,-1.0,-0.1,-1.0,-0.1
3,NONE,-1.0,-0.1,-1.0,-0.1
3,NONE,-1.0,-0.1,-1.0,-0.1
3,NONE,-1.0,-0.1,-1.0,-0.1
3,NONE,-1.0,-0.1,-1.0,-0.1
3,NONE,-1.0,-0.1,-1.0,-0.1
3,NONE,-1.0,-0.1,-1.0,-0.1
3,NONE,-1.0,-0.1,-1.0,-0.1
3,NONE,-1.0,-0.1,-1.0,-0.1
3,NONE,-1.0,-0.1,-1.0,-0.1
3,NONE,-1.0,-0.1,-1.0,-0.1
3,NONE,-1.0,-0.1,-1.0,-0.1
3,NONE,-1.0,-0.1,-1.0,-0.1
3,NONE,-1.0,-0.1,-1.0,-0.1
3,NONE,-1.0,-0.1,-1.0,-0.1
3,NONE,-1.0,-0.1,-1.0,-0.1
3,NONE,-1.0,-0.1,-1.0,-0.1
3,NONE,-1.0,-0.1,-1.0,-0.1
3,NONE,-1.0,-0.1,-1.0,-0.1
3,NONE,-1.0,-0.1,-1.0,-0.1
3,NONE,-1.0,-0.1,-1.0,-0.1
3,NONE,-1.0,-0.1,-1.0,-0.1
3,NONE,-1.0,-0.1,-1.0,-0.1
3,NONE,-1.0,-0.1,-1.0,-0.1
3,NONE,-1.0,-0.1,-1.0,-0.1
3,NONE,-1.0,-0.1,-1.0,-0.1
3,NONE,-1.0,-0.1,-1.0,-0.1
3,NONE,-1.0,-0.1,-1.0,-0.1
3,NONE,-1.0,-0.1,-1.0,-0.1
3,NONE,-1.0,-0.1,-1.0,-0.1
2,EV_B13_C008_Mototaxi_Electrica_P02,-1.0,-0.1,8.0,38.900416432174005
1,EV_B13_C008_Mototaxi_Electrica_P02,6.0,78.69441622578391,-1.0,38.900416432174005
1,EV_B13_C008_Mototaxi_Electrica_P02,5.0,78.69441622578391,-1.0,38.900416432174005
1,EV_B13_C008_Mototaxi_Electrica_P02,4.0,78.69441622578391,-1.0,38.900416432174005
1,EV_B13_C008_Mototaxi_Electrica_P02,3.0,78.69441622578391,-1.0,38.900416432174005
1,EV_B13_C008_Mototaxi_Electrica_P02,2.0,78.69441622578391,-1.0,38.900416432174005
1,EV_B13_C008_Mototaxi_Electrica_P02,1.0,78.69441622578391,-1.0,38.900416432174005
1,EV_B13_C008_Mototaxi_Electrica_P02,0.0,78.69441622578391,-1.0,38.900416432174005
3,NONE,-1.0,-0.1,-1.0,-0.1
3,NONE,-1.0,-0.1,-1.0,-0.1
3,NONE,-1.0,-0.1,-1.0,-0.1
3,NONE,-1.0,-0.1,-1.0,-0.1
3,NONE,-1.0,-0.1,-1.0,-0.1
3,NONE,-1.0,-0.1,-1.0,-0.1
3,NONE,-1.0,-0.1,-1.0,-0.1
3,NONE,-1.0,-0.1,-1.0,-0.1
3,NONE,-1.0,-0.1,-1.0,-0.1
3,NONE,-1.0,-0.1,-1.0,-0.1
3,NONE,-1.0,-0.1,-1.0,-0.1
3,NONE,-1.0,-0.1,-1.0,-0.1
3,NONE,-1.0,-0.1,-1.0,-0.1
3,NONE,-1.0,-0.1,-1.0,-0.1
3,NONE,-1.0,-0.1,-1.0,-0.1
3,NONE,-1.0,-0.1,-1.0,-0.1
2,EV_B13_C008_Mototaxi_Electrica_P03,-1.0,-0.1,8.0,34.168436216525045
1,EV_B13_C008_Mototaxi_Electrica_P03,6.0,87.7484977321533,-1.0,34.168436216525045
1,EV_B13_C008_Mototaxi_Electrica_P03,5.0,87.7484977321533,-1.0,34.168436216525045
1,EV_B13_C008_Mototaxi_Electrica_P03,4.0,87.7484977321533,-1.0,34.168436216525045
1,EV_B13_C008_Mototaxi_Electrica_P03,3.0,87.7484977321533,-1.0,34.168436216525045
1,EV_B13_C008_Mototaxi_Electrica_P03,2.0,87.7484977321533,-1.0,34.168436216525045
1,EV_B13_C008_Mototaxi_Electrica_P03,1.0,87.7484977321533,-1.0,34.168436216525045
1,EV_B13_C008_Mototaxi_Electrica_P03,0.0,87.7484977321533,-1.0,34.168436216525045
3,NONE,-1.0,-0.1,-1.0,-0.1
3,NONE,-1.0,-0.1,-1.0,-0.1
3,NONE,-1.0,-0.1,-1.0,-0.1
3,NONE,-1.0,-0.1,-1.0,-0.1
3,NONE,-1.0,-0.1,-1.0,-0.1
3,NONE,-1.0,-0.1,-1.0,-0.1
3,NONE,-1.0,-0.1,-1.0,-0.1
3,NONE,-1.0,-0.1,-1.0,-0.1
3,NONE,-1.0,-0.1,-1.0,-0.1
3,NONE,-1.0,-0.1,-1.0,-0.1
3,NONE,-1.0,-0.1,-1.0,-0.1
3,NONE,-1.0,-0.1,-1.0,-0.1
3,NONE,-1.0,-0.1,-1.0,-0.1
3,NONE,-1.0,-0.1,-1.0,-0.1
3,NONE,-1.0,-0.1,-1.0,-0.1
3,NONE,-1.0,-0.1,-1.0,-0.1
3,NONE,-1.0,-0.1,-1.0,-0.1
3,NONE,-1.0,-0.1,-1.0,-0.1
3,NONE,-1.0,-0.1,-1.0,-0.1
3,NONE,-1.0,-0.1,-1.0,-0.1
3,NONE,-1.0,-0.1,-1.0,-0.1
3,NONE,-1.0,-0.1,-1.0,-0.1
3,NONE,-1.0,-0.1,-1.0,-0.1
3,NONE,-1.0,-0.1,-1.0,-0.1
3,NONE,-1.0,-0.1,-1.0,-0.1
3,NONE,-1.0,-0.1,-1.0,-0.1
3,NONE,-1.0,-0.1,-1.0,-0.1
3,NONE,-1.0,-0.1,-1.0,-0.1
3,NONE,-1.0,-0.1,-1.0,-0.1
3,NONE,-1.0,-0.1,-1.0,-0.1
3,NONE,-1.0,-0.1,-1.0,-0.1
3,NONE,-1.0,-0.1,-1.0,-0.1
3,NONE,-1.0,-0.1,-1.0,-0.1
3,NONE,-1.0,-0.1,-1.0,-0.1
3,NONE,-1.0,-0.1,-1.0,-0.1
3,NONE,-1.0,-0.1,-1.0,-0.1
3,NONE,-1.0,-0.1,-1.0,-0.1
3,NONE,-1.0,-0.1,-1.0,-0.1
3,NONE,-1.0,-0.1,-1.0,-0.1
3,NONE,-1.0,-0.1,-1.0,-0.1
3,NONE,-1.0,-0.1,-1.0,-0.1
3,NONE,-1.0,-0.1,-1.0,-0.1
3,NONE,-1.0,-0.1,-1.0,-0.1
3,NONE,-1.0,-0.1,-1.0,-0.1
3,NONE,-1.0,-0.1,-1.0,-0.1
3,NONE,-1.0,-0.1,-1.0,-0.1
3,NONE,-1.0,-0.1,-1.0,-0.1
3,NONE,-1.0,-0.1,-1.0,-0.1
3,NONE,-1.0,-0.1,-1.0,-0.1
3,NONE,-1.0,-0.1,-1.0,-0.1
3,NONE,-1.0,-0.1,-1.0,-0.1
3,NONE,-1.0,-0.1,-1.0,-0.1
3,NONE,-1.0,-0.1,-1.0,-0.1
3,NONE,-1.0,-0.1,-1.0,-0.1
3,NONE,-1.0,-0.1,-1.0,-0.1
3,NONE,-1.0,-0.1,-1.0,-0.1
3,NONE,-1.0,-0.1,-1.0,-0.1
3,NONE,-1.0,-0.1,-1.0,-0.1
3,NONE,-1.0,-0.1,-1.0,-0.1
3,NONE,-1.0,-0.1,-1.0,-0.1
3,NONE,-1.0,-0.1,-1.0,-0.1
3,NONE,-1.0,-0.1,-1.0,-0.1
3,NONE,-1.0,-0.1,-1.0,-0.1
3,NONE,-1.0,-0.1,-1.0,-0.1
2,EV_B13_C008_Mototaxi_Electrica_P04,-1.0,-0.1,8.0,40.08523073016613
1,EV_B13_C008_Mototaxi_Electrica_P04,6.0,84.70513156928179,-1.0,40.08523073016613
1,EV_B13_C008_Mototaxi_Electrica_P04,5.0,84.70513156928179,-1.0,40.08523073016613
1,EV_B13_C008_Mototaxi_Electrica_P04,4.0,84.70513156928179,-1.0,40.08523073016613
1,EV_B13_C008_Mototaxi_Electrica_P04,3.0,84.70513156928179,-1.0,40.08523073016613
1,EV_B13_C008_Mototaxi_Electrica_P04,2.0,84.70513156928179,-1.0,40.08523073016613
1,EV_B13_C008_Mototaxi_Electrica_P04,1.0,84.70513156928179,-1.0,40.08523073016613
1,EV_B13_C008_Mototaxi_Electrica_P04,0.0,84.70513156928179,-1.0,40.08523073016613
3,NONE,-1.0,-0.1,-1.0,-0.1
3,NONE,-1.0,-0.1,-1.0,-0.1
3,NONE,-1.0,-0.1,-1.0,-0.1
3,NONE,-1.0,-0.1,-1.0,-0.1
3,NONE,-1.0,-0.1,-1.0,-0.1
3,NONE,-1.0,-0.1,-1.0,-0.1
3,NONE,-1.0,-0.1,-1.0,-0.1
3,NONE,-1.0,-0.1,-1.0,-0.1
3,NONE,-1.0,-0.1,-1.0,-0.1
3,NONE,-1.0,-0.1,-1.0,-0.1
3,NONE,-1.0,-0.1,-1.0,-0.1
3,NONE,-1.0,-0.1,-1.0,-0.1
3,NONE,-1.0,-0.1,-1.0,-0.1
3,NONE,-1.0,-0.1,-1.0,-0.1
3,NONE,-1.0,-0.1,-1.0,-0.1
3,NONE,-1.0,-0.1,-1.0,-0.1
3,NONE,-1.0,-0.1,-1.0,-0.1
2,EV_B13_C008_Mototaxi_Electrica_P05,-1.0,-0.1,9.0,32.07188365388128
1,EV_B13_C008_Mototaxi_Electrica_P05,5.0,69.12307650198865,-1.0,32.07188365388128
1,EV_B13_C008_Mototaxi_Electrica_P05,4.0,69.12307650198865,-1.0,32.07188365388128
1,EV_B13_C008_Mototaxi_Electrica_P05,3.0,69.12307650198865,-1.0,32.07188365388128
1,EV_B13_C008_Mototaxi_Electrica_P05,2.0,69.12307650198865,-1.0,32.07188365388128
1,EV_B13_C008_Mototaxi_Electrica_P05,1.0,69.12307650198865,-1.0,32.07188365388128
1,EV_B13_C008_Mototaxi_Electrica_P05,0.0,69.12307650198865,-1.0,32.07188365388128
3,NONE,-1.0,-0.1,-1.0,-0.1
3,NONE,-1.0,-0.1,-1.0,-0.1
3,NONE,-1.0,-0.1,-1.0,-0.1
3,NONE,-1.0,-0.1,-1.0,-0.1
3,NONE,-1.0,-0.1,-1.0,-0.1
3,NONE,-1.0,-0.1,-1.0,-0.1
3,NONE,-1.0,-0.1,-1.0,-0.1
3,NONE,-1.0,-0.1,-1.0,-0.1
3,NONE,-1.0,-0.1,-1.0,-0.1
3,NONE,-1.0,-0.1,-1.0,-0.1
3,NONE,-1.0,-0.1,-1.0,-0.1
3,NONE,-1.0,-0.1,-1.0,-0.1
3,NONE,-1.0,-0.1,-1.0,-0.1
3,NONE,-1.0,-0.1,-1.0,-0.1
3,NONE,-1.0,-0.1,-1.0,-0.1
2,EV_B13_C008_Mototaxi_Electrica_P06,-1.0,-0.1,7.0,46.39262389616738
1,EV_B13_C008_Mototaxi_Electrica_P06,7.0,83.24566137103244,-1.0,46.39262389616738
1,EV_B13_C008_Mototaxi_Electrica_P06,6.0,83.24566137103244,-1.0,46.39262389616738
1,EV_B13_C008_Mototaxi_Electrica_P06,5.0,83.24566137103244,-1.0,46.39262389616738
1,EV_B13_C008_Mototaxi_Electrica_P06,4.0,83.24566137103244,-1.0,46.39262389616738
1,EV_B13_C008_Mototaxi_Electrica_P06,3.0,83.24566137103244,-1.0,46.39262389616738
1,EV_B13_C008_Mototaxi_Electrica_P06,2.0,83.24566137103244,-1.0,46.39262389616738
1,EV_B13_C008_Mototaxi_Electrica_P06,1.0,83.24566137103244,-1.0,46.39262389616738
1,EV_B13_C008_Mototaxi_Electrica_P06,0.0,83.24566137103244,-1.0,46.39262389616738
3,NONE,-1.0,-0.1,-1.0,-0.1
3,NONE,-1.0,-0.1,-1.0,-0.1
3,NONE,-1.0,-0.1,-1.0,-0.1
3,NONE,-1.0,-0.1,-1.0,-0.1
3,NONE,-1.0,-0.1,-1.0,-0.1
3,NONE,-1.0,-0.1,-1.0,-0.1
3,NONE,-1.0,-0.1,-1.0,-0.1
3,NONE,-1.0,-0.1,-1.0,-0.1
3,NONE,-1.0,-0.1,-1.0,-0.1
3,NONE,-1.0,-0.1,-1.0,-0.1
3,NONE,-1.0,-0.1,-1.0,-0.1
3,NONE,-1.0,-0.1,-1.0,-0.1
3,NONE,-1.0,-0.1,-1.0,-0.1
3,NONE,-1.0,-0.1,-1.0,-0.1
3,NONE,-1.0,-0.1,-1.0,-0.1
3,NONE,-1.0,-0.1,-1.0,-0.1
3,NONE,-1.0,-0.1,-1.0,-0.1
2,EV_B13_C008_Mototaxi_Electrica_P07,-1.0,-0.1,9.0,25.609847613952805
1,EV_B13_C008_Mototaxi_Electrica_P07,5.0,81.61802650039408,-1.0,25.609847613952805
1,EV_B13_C008_Mototaxi_Electrica_P07,4.0,81.61802650039408,-1.0,25.609847613952805
1,EV_B13_C008_Mototaxi_Electrica_P07,3.0,81.61802650039408,-1.0,25.609847613952805
1,EV_B13_C008_Mototaxi_Electrica_P07,2.0,81.61802650039408,-1.0,25.609847613952805
1,EV_B13_C008_Mototaxi_Electrica_P07,1.0,81.61802650039408,-1.0,25.609847613952805
1,EV_B13_C008_Mototaxi_Electrica_P07,0.0,81.61802650039408,-1.0,25.609847613952805
3,NONE,-1.0,-0.1,-1.0,-0.1
3,NONE,-1.0,-0.1,-1.0,-0.1
3,NONE,-1.0,-0.1,-1.0,-0.1
3,NONE,-1.0,-0.1,-1.0,-0.1
3,NONE,-1.0,-0.1,-1.0,-0.1
3,NONE,-1.0,-0.1,-1.0,-0.1
3,NONE,-1.0,-0.1,-1.0,-0.1
3,NONE,-1.0,-0.1,-1.0,-0.1
3,NONE,-1.0,-0.1,-1.0,-0.1
3,NONE,-1.0,-0.1,-1.0,-0.1
3,NONE,-1.0,-0.1,-1.0,-0.1
3,NONE,-1.0,-0.1,-1.0,-0.1
3,NONE,-1.0,-0.1,-1.0,-0.1
3,NONE,-1.0,-0.1,-1.0,-0.1
3,NONE,-1.0,-0.1,-1.0,-0.1
3,NONE,-1.0,-0.1,-1.0,-0.1
3,NONE,-1.0,-0.1,-1.0,-0.1
3,NONE,-1.0,-0.1,-1.0,-0.1
3,NONE,-1.0,-0.1,-1.0,-0.1
3,NONE,-1.0,-0.1,-1.0,-0.1
3,NONE,-1.0,-0.1,-1.0,-0.1
3,NONE,-1.0,-0.1,-1.0,-0.1
3,NONE,-1.0,-0.1,-1.0,-0.1
3,NONE,-1.0,-0.1,-1.0,-0.1
3,NONE,-1.0,-0.1,-1.0,-0.1
3,NONE,-1.0,-0.1,-1.0,-0.1
3,NONE,-1.0,-0.1,-1.0,-0.1
3,NONE,-1.0,-0.1,-1.0,-0.1
3,NONE,-1.0,-0.1,-1.0,-0.1
3,NONE,-1.0,-0.1,-1.0,-0.1
3,NONE,-1.0,-0.1,-1.0,-0.1
3,NONE,-1.0,-0.1,-1.0,-0.1
3,NONE,-1.0,-0.1,-1.0,-0.1
3,NONE,-1.0,-0.1,-1.0,-0.1
3,NONE,-1.0,-0.1,-1.0,-0.1
3,NONE,-1.0,-0.1,-1.0,-0.1
3,NONE,-1.0,-0.1,-1.0,-0.1
3,NONE,-1.0,-0.1,-1.0,-0.1
3,NONE,-1.0,-0.1,-1.0,-0.1
3,NONE,-1.0,-0.1,-1.0,-0.1
3,NONE,-1.0,-0.1,-1.0,-0.1
3,NONE,-1.0,-0.1,-1.0,-0.1
3,NONE,-1.0,-0.1,-1.0,-0.1
3,NONE,-1.0,-0.1,-1.0,-0.1
3,NONE,-1.0,-0.1,-1.0,-0.1
3,NONE,-1.0,-0.1,-1.0,-0.1
3,NONE,-1.0,-0.1,-1.0,-0.1
3,NONE,-1.0,-0.1,-1.0,-0.1
3,NONE,-1.0,-0.1,-1.0,-0.1
3,NONE,-1.0,-0.1,-1.0,-0.1
3,NONE,-1.0,-0.1,-1.0,-0.1
3,NONE,-1.0,-0.1,-1.0,-0.1
3,NONE,-1.0,-0.1,-1.0,-0.1
3,NONE,-1.0,-0.1,-1.0,-0.1
3,NONE,-1.0,-0.1,-1.0,-0.1
3,NONE,-1.0,-0.1,-1.0,-0.1
3,NONE,-1.0,-0.1,-1.0,-0.1
3,NONE,-1.0,-0.1,-1.0,-0.1
3,NONE,-1.0,-0.1,-1.0,-0.1
3,NONE,-1.0,-0.1,-1.0,-0.1
3,NONE,-1.0,-0.1,-1.0,-0.1
3,NONE,-1.0,-0.1,-1.0,-0.1
3,NONE,-1.0,-0.1,-1.0,-0.1
3,NONE,-1.0,-0.1,-1.0,-0.1
3,NONE,-1.0,-0.1,-1.0,-0.1
3,NONE,-1.0,-0.1,-1.0,-0.1
3,NONE,-1.0,-0.1,-1.0,-0.1
3,NONE,-1.0,-0.1,-1.0,-0.1
3,NONE,-1.0,-0.1,-1.0,-0.1
3,NONE,-1.0,-0.1,-1.0,-0.1
3,NONE,-1.0,-0.1,-1.0,-0.1
3,NONE,-1.0,-0.1,-1.0,-0.1
3,NONE,-1.0,-0.1,-1.0,-0.1
3,NONE,-1.0,-0.1,-1.0,-0.1
3,NONE,-1.0,-0.1,-1.0,-0.1
3,NONE,-1.0,-0.1,-1.0,-0.1
3,NONE,-1.0,-0.1,-1.0,-0.1
3,NONE,-1.0,-0.1,-1.0,-0.1
3,NONE,-1.0,-0.1,-1.0,-0.1
3,NONE,-1.0,-0.1,-1.0,-0.1
3,NONE,-1.0,-0.1,-1.0,-0.1
3,NONE,-1.0,-0.1,-1.0,-0.1
3,NONE,-1.0,-0.1,-1.0,-0.1
3,NONE,-1.0,-0.1,-1.0,-0.1
3,NONE,-1.0,-0.1,-1.0,-0.1
3,NONE,-1.0,-0.1,-1.0,-0.1
3,NONE,-1.0,-0.1,-1.0,-0.1
3,NONE,-1.0,-0.1,-1.0,-0.1
3,NONE,-1.0,-0.1,-1.0,-0.1
3,NONE,-1.0,-0.1,-1.0,-0.1
3,NONE,-1.0,-0.1,-1.0,-0.1
3,NONE,-1.0,-0.1,-1.0,-0.1
3,NONE,-1.0,-0.1,-1.0,-0.1
3,NONE,-1.0,-0.1,-1.0,-0.1
3,NONE,-1.0,-0.1,-1.0,-0.1
3,NONE,-1.0,-0.1,-1.0,-0.1
3,NONE,-1.0,-0.1,-1.0,-0.1
3,NONE,-1.0,-0.1,-1.0,-0.1
3,NONE,-1.0,-0.1,-1.0,-0.1
3,NONE,-1.0,-0.1,-1.0,-0.1
3,NONE,-1.0,-0.1,-1.0,-0.1
3,NONE,-1.0,-0.1,-1.0,-0.1
3,NONE,-1.0,-0.1,-1.0,-0.1
3,NONE,-1.0,-0.1,-1.0,-0.1
3,NONE,-1.0,-0.1,-1.0,-0.1
3,NONE,-1.0,-0.1,-1.0,-0.1
3,NONE,-1.0,-0.1,-1.0,-0.1
3,NONE,-1.0,-0.1,-1.0,-0.1
3,NONE,-1.0,-0.1,-1.0,-0.1
3,NONE,-1.0,-0.1,-1.0,-0.1
3,NONE,-1.0,-0.1,-1.0,-0.1
3,NONE,-1.0,-0.1,-1.0,-0.1
3,NONE,-1.0,-0.1,-1.0,-0.1
3,NONE,-1.0,-0.1,-1.0,-0.1
3,NONE,-1.0,-0.1,-1.0,-0.1
3,NONE,-1.0,-0.1,-1.0,-0.1
3,NONE,-1.0,-0.1,-1.0,-0.1
3,NONE,-1.0,-0.1,-1.0,-0.1
3,NONE,-1.0,-0.1,-1.0,-0.1
3,NONE,-1.0,-0.1,-1.0,-0.1
3,NONE,-1.0,-0.1,-1.0,-0.1
3,NONE,-1.0,-0.1,-1.0,-0.1
3,NONE,-1.0,-0.1,-1.0,-0.1
3,NONE,-1.0,-0.1,-1.0,-0.1
3,NONE,-1.0,-0.1,-1.0,-0.1
3,NONE,-1.0,-0.1,-1.0,-0.1
3,NONE,-1.0,-0.1,-1.0,-0.1
3,NONE,-1.0,-0.1,-1.0,-0.1
3,NONE,-1.0,-0.1,-1.0,-0.1
3,NONE,-1.0,-0.1,-1.0,-0.1
3,NONE,-1.0,-0.1,-1.0,-0.1
3,NONE,-1.0,-0.1,-1.0,-0.1
3,NONE,-1.0,-0.1,-1.0,-0.1
3,NONE,-1.0,-0.1,-1.0,-0.1
3,NONE,-1.0,-0.1,-1.0,-0.1
3,NONE,-1.0,-0.1,-1.0,-0.1
3,NONE,-1.0,-0.1,-1.0,-0.1
3,NONE,-1.0,-0.1,-1.0,-0.1
3,NONE,-1.0,-0.1,-1.0,-0.1
3,NONE,-1.0,-0.1,-1.0,-0.1
3,NONE,-1.0,-0.1,-1.0,-0.1
3,NONE,-1.0,-0.1,-1.0,-0.1
3,NONE,-1.0,-0.1,-1.0,-0.1
3,NONE,-1.0,-0.1,-1.0,-0.1
3,NONE,-1.0,-0.1,-1.0,-0.1
3,NONE,-1.0,-0.1,-1.0,-0.1
3,NONE,-1.0,-0.1,-1.0,-0.1
3,NONE,-1.0,-0.1,-1.0,-0.1
3,NONE,-1.0,-0.1,-1.0,-0.1
3,NONE,-1.0,-0.1,-1.0,-0.1
3,NONE,-1.0,-0.1,-1.0,-0.1
3,NONE,-1.0,-0.1,-1.0,-0.1
3,NONE,-1.0,-0.1,-1.0,-0.1
3,NONE,-1.0,-0.1,-1.0,-0.1
3,NONE,-1.0,-0.1,-1.0,-0.1
3,NONE,-1.0,-0.1,-1.0,-0.1
3,NONE,-1.0,-0.1,-1.0,-0.1
3,NONE,-1.0,-0.1,-1.0,-0.1
3,NONE,-1.0,-0.1,-1.0,-0.1
2,EV_B13_C008_Mototaxi_Electrica_P08,-1.0,-0.1,7.0,31.12713428042006
1,EV_B13_C008_Mototaxi_Electrica_P08,7.0,75.50373699780184,-1.0,31.12713428042006
1,EV_B13_C008_Mototaxi_Electrica_P08,6.0,75.50373699780184,-1.0,31.12713428042006
1,EV_B13_C008_Mototaxi_Electrica_P08,5.0,75.50373699780184,-1.0,31.12713428042006
1,EV_B13_C008_Mototaxi_Electrica_P08,4.0,75.50373699780184,-1.0,31.12713428042006
1,EV_B13_C008_Mototaxi_Electrica_P08,3.0,75.50373699780184,-1.0,31.12713428042006
1,EV_B13_C008_Mototaxi_Electrica_P08,2.0,75.50373699780184,-1.0,31.12713428042006
1,EV_B13_C008_Mototaxi_Electrica_P08,1.0,75.50373699780184,-1.0,31.12713428042006
1,EV_B13_C008_Mototaxi_Electrica_P08,0.0,75.50373699780184,-1.0,31.12713428042006
3,NONE,-1.0,-0.1,-1.0,-0.1
3,NONE,-1.0,-0.1,-1.0,-0.1
3,NONE,-1.0,-0.1,-1.0,-0.1
3,NONE,-1.0,-0.1,-1.0,-0.1
3,NONE,-1.0,-0.1,-1.0,-0.1
3,NONE,-1.0,-0.1,-1.0,-0.1
3,NONE,-1.0,-0.1,-1.0,-0.1
3,NONE,-1.0,-0.1,-1.0,-0.1
3,NONE,-1.0,-0.1,-1.0,-0.1
3,NONE,-1.0,-0.1,-1.0,-0.1
3,NONE,-1.0,-0.1,-1.0,-0.1
3,NONE,-1.0,-0.1,-1.0,-0.1
3,NONE,-1.0,-0.1,-1.0,-0.1
3,NONE,-1.0,-0.1,-1.0,-0.1
3,NONE,-1.0,-0.1,-1.0,-0.1
3,NONE,-1.0,-0.1,-1.0,-0.1
3,NONE,-1.0,-0.1,-1.0,-0.1
2,EV_B13_C008_Mototaxi_Electrica_P09,-1.0,-0.1,9.0,47.548770445523466
1,EV_B13_C008_Mototaxi_Electrica_P09,5.0,88.42333179991549,-1.0,47.548770445523466
1,EV_B13_C008_Mototaxi_Electrica_P09,4.0,88.42333179991549,-1.0,47.548770445523466
1,EV_B13_C008_Mototaxi_Electrica_P09,3.0,88.42333179991549,-1.0,47.548770445523466
1,EV_B13_C008_Mototaxi_Electrica_P09,2.0,88.42333179991549,-1.0,47.548770445523466
1,EV_B13_C008_Mototaxi_Electrica_P09,1.0,88.42333179991549,-1.0,47.548770445523466
1,EV_B13_C008_Mototaxi_Electrica_P09,0.0,88.42333179991549,-1.0,47.548770445523466
3,NONE,-1.0,-0.1,-1.0,-0.1
3,NONE,-1.0,-0.1,-1.0,-0.1
3,NONE,-1.0,-0.1,-1.0,-0.1
3,NONE,-1.0,-0.1,-1.0,-0.1
3,NONE,-1.0,-0.1,-1.0,-0.1
3,NONE,-1.0,-0.1,-1.0,-0.1
3,NONE,-1.0,-0.1,-1.0,-0.1
3,NONE,-1.0,-0.1,-1.0,-0.1
3,NONE,-1.0,-0.1,-1.0,-0.1
3,NONE,-1.0,-0.1,-1.0,-0.1
3,NONE,-1.0,-0.1,-1.0,-0.1
3,NONE,-1.0,-0.1,-1.0,-0.1
3,NONE,-1.0,-0.1,-1.0,-0.1
3,NONE,-1.0,-0.1,-1.0,-0.1
3,NONE,-1.0,-0.1,-1.0,-0.1
3,NONE,-1.0,-0.1,-1.0,-0.1
3,NONE,-1.0,-0.1,-1.0,-0.1
3,NONE,-1.0,-0.1,-1.0,-0.1
3,NONE,-1.0,-0.1,-1.0,-0.1
3,NONE,-1.0,-0.1,-1.0,-0.1
3,NONE,-1.0,-0.1,-1.0,-0.1
3,NONE,-1.0,-0.1,-1.0,-0.1
3,NONE,-1.0,-0.1,-1.0,-0.1
3,NONE,-1.0,-0.1,-1.0,-0.1
3,NONE,-1.0,-0.1,-1.0,-0.1
3,NONE,-1.0,-0.1,-1.0,-0.1
3,NONE,-1.0,-0.1,-1.0,-0.1
3,NONE,-1.0,-0.1,-1.0,-0.1
3,NONE,-1.0,-0.1,-1.0,-0.1
3,NONE,-1.0,-0.1,-1.0,-0.1
3,NONE,-1.0,-0.1,-1.0,-0.1
3,NONE,-1.0,-0.1,-1.0,-0.1
3,NONE,-1.0,-0.1,-1.0,-0.1
3,NONE,-1.0,-0.1,-1.0,-0.1
3,NONE,-1.0,-0.1,-1.0,-0.1
3,NONE,-1.0,-0.1,-1.0,-0.1
3,NONE,-1.0,-0.1,-1.0,-0.1
3,NONE,-1.0,-0.1,-1.0,-0.1
3,NONE,-1.0,-0.1,-1.0,-0.1
3,NONE,-1.0,-0.1,-1.0,-0.1
3,NONE,-1.0,-0.1,-1.0,-0.1
3,NONE,-1.0,-0.1,-1.0,-0.1
3,NONE,-1.0,-0.1,-1.0,-0.1
3,NONE,-1.0,-0.1,-1.0,-0.1
3,NONE,-1.0,-0.1,-1.0,-0.1
3,NONE,-1.0,-0.1,-1.0,-0.1
3,NONE,-1.0,-0.1,-1.0,-0.1
3,NONE,-1.0,-0.1,-1.0,-0.1
3,NONE,-1.0,-0.1,-1.0,-0.1
3,NONE,-1.0,-0.1,-1.0,-0.1
3,NONE,-1.0,-0.1,-1.0,-0.1
3,NONE,-1.0,-0.1,-1.0,-0.1
3,NONE,-1.0,-0.1,-1.0,-0.1
3,NONE,-1.0,-0.1,-1.0,-0.1
3,NONE,-1.0,-0.1,-1.0,-0.1
3,NONE,-1.0,-0.1,-1.0,-0.1
3,NONE,-1.0,-0.1,-1.0,-0.1
3,NONE,-1.0,-0.1,-1.0,-0.1
3,NONE,-1.0,-0.1,-1.0,-0.1
3,NONE,-1.0,-0.1,-1.0,-0.1
3,NONE,-1.0,-0.1,-1.0,-0.1
3,NONE,-1.0,-0.1,-1.0,-0.1
3,NONE,-1.0,-0.1,-1.0,-0.1
3,NONE,-1.0,-0.1,-1.0,-0.1
3,NONE,-1.0,-0.1,-1.0,-0.1
2,EV_B13_C008_Mototaxi_Electrica_P10,-1.0,-0.1,9.0,23.478341124729013
1,EV_B13_C008_Mototaxi_Electrica_P10,5.0,80.56177776261855,-1.0,23.478341124729013
1,EV_B13_C008_Mototaxi_Electrica_P10,4.0,80.56177776261855,-1.0,23.478341124729013
1,EV_B13_C008_Mototaxi_Electrica_P10,3.0,80.56177776261855,-1.0,23.478341124729013
1,EV_B13_C008_Mototaxi_Electrica_P10,2.0,80.56177776261855,-1.0,23.478341124729013
1,EV_B13_C008_Mototaxi_Electrica_P10,1.0,80.56177776261855,-1.0,23.478341124729013
1,EV_B13_C008_Mototaxi_Electrica_P10,0.0,80.56177776261855,-1.0,23.478341124729013
3,NONE,-1.0,-0.1,-1.0,-0.1
3,NONE,-1.0,-0.1,-1.0,-0.1
3,NONE,-1.0,-0.1,-1.0,-0.1
3,NONE,-1.0,-0.1,-1.0,-0.1
3,NONE,-1.0,-0.1,-1.0,-0.1
3,NONE,-1.0,-0.1,-1.0,-0.1
3,NONE,-1.0,-0.1,-1.0,-0.1
3,NONE,-1.0,-0.1,-1.0,-0.1
3,NONE,-1.0,-0.1,-1.0,-0.1
3,NONE,-1.0,-0.1,-1.0,-0.1
3,NONE,-1.0,-0.1,-1.0,-0.1
3,NONE,-1.0,-0.1,-1.0,-0.1
3,NONE,-1.0,-0.1,-1.0,-0.1
3,NONE,-1.0,-0.1,-1.0,-0.1
3,NONE,-1.0,-0.1,-1.0,-0.1
3,NONE,-1.0,-0.1,-1.0,-0.1
2,EV_B13_C008_Mototaxi_Electrica_P01,-1.0,-0.1,8.0,37.150465257394316
1,EV_B13_C008_Mototaxi_Electrica_P01,6.0,84.1899549302987,-1.0,37.150465257394316
1,EV_B13_C008_Mototaxi_Electrica_P01,5.0,84.1899549302987,-1.0,37.150465257394316
1,EV_B13_C008_Mototaxi_Electrica_P01,4.0,84.1899549302987,-1.0,37.150465257394316
1,EV_B13_C008_Mototaxi_Electrica_P01,3.0,84.1899549302987,-1.0,37.150465257394316
1,EV_B13_C008_Mototaxi_Electrica_P01,2.0,84.1899549302987,-1.0,37.150465257394316
1,EV_B13_C008_Mototaxi_Electrica_P01,1.0,84.1899549302987,-1.0,37.150465257394316
1,EV_B13_C008_Mototaxi_Electrica_P01,0.0,84.1899549302987,-1.0,37.150465257394316
3,NONE,-1.0,-0.1,-1.0,-0.1
3,NONE,-1.0,-0.1,-1.0,-0.1
3,NONE,-1.0,-0.1,-1.0,-0.1
3,NONE,-1.0,-0.1,-1.0,-0.1
3,NONE,-1.0,-0.1,-1.0,-0.1
3,NONE,-1.0,-0.1,-1.0,-0.1
3,NONE,-1.0,-0.1,-1.0,-0.1
3,NONE,-1.0,-0.1,-1.0,-0.1
3,NONE,-1.0,-0.1,-1.0,-0.1
3,NONE,-1.0,-0.1,-1.0,-0.1
3,NONE,-1.0,-0.1,-1.0,-0.1
3,NONE,-1.0,-0.1,-1.0,-0.1
3,NONE,-1.0,-0.1,-1.0,-0.1
3,NONE,-1.0,-0.1,-1.0,-0.1
3,NONE,-1.0,-0.1,-1.0,-0.1
2,EV_B13_C008_Mototaxi_Electrica_P02,-1.0,-0.1,7.0,32.13780916332302
1,EV_B13_C008_Mototaxi_Electrica_P02,7.0,71.54725612114633,-1.0,32.13780916332302
1,EV_B13_C008_Mototaxi_Electrica_P02,6.0,71.54725612114633,-1.0,32.13780916332302
1,EV_B13_C008_Mototaxi_Electrica_P02,5.0,71.54725612114633,-1.0,32.13780916332302
1,EV_B13_C008_Mototaxi_Electrica_P02,4.0,71.54725612114633,-1.0,32.13780916332302
1,EV_B13_C008_Mototaxi_Electrica_P02,3.0,71.54725612114633,-1.0,32.13780916332302
1,EV_B13_C008_Mototaxi_Electrica_P02,2.0,71.54725612114633,-1.0,32.13780916332302
1,EV_B13_C008_Mototaxi_Electrica_P02,1.0,71.54725612114633,-1.0,32.13780916332302
1,EV_B13_C008_Mototaxi_Electrica_P02,0.0,71.54725612114633,-1.0,32.13780916332302
3,NONE,-1.0,-0.1,-1.0,-0.1
3,NONE,-1.0,-0.1,-1.0,-0.1
3,NONE,-1.0,-0.1,-1.0,-0.1
3,NONE,-1.0,-0.1,-1.0,-0.1
3,NONE,-1.0,-0.1,-1.0,-0.1
3,NONE,-1.0,-0.1,-1.0,-0.1
3,NONE,-1.0,-0.1,-1.0,-0.1
3,NONE,-1.0,-0.1,-1.0,-0.1
3,NONE,-1.0,-0.1,-1.0,-0.1
3,NONE,-1.0,-0.1,-1.0,-0.1
3,NONE,-1.0,-0.1,-1.0,-0.1
3,NONE,-1.0,-0.1,-1.0,-0.1
3,NONE,-1.0,-0.1,-1.0,-0.1
3,NONE,-1.0,-0.1,-1.0,-0.1
3,NONE,-1.0,-0.1,-1.0,-0.1
3,NONE,-1.0,-0.1,-1.0,-0.1
3,NONE,-1.0,-0.1,-1.0,-0.1
3,NONE,-1.0,-0.1,-1.0,-0.1
3,NONE,-1.0,-0.1,-1.0,-0.1
3,NONE,-1.0,-0.1,-1.0,-0.1
3,NONE,-1.0,-0.1,-1.0,-0.1
3,NONE,-1.0,-0.1,-1.0,-0.1
3,NONE,-1.0,-0.1,-1.0,-0.1
3,NONE,-1.0,-0.1,-1.0,-0.1
3,NONE,-1.0,-0.1,-1.0,-0.1
3,NONE,-1.0,-0.1,-1.0,-0.1
3,NONE,-1.0,-0.1,-1.0,-0.1
3,NONE,-1.0,-0.1,-1.0,-0.1
3,NONE,-1.0,-0.1,-1.0,-0.1
3,NONE,-1.0,-0.1,-1.0,-0.1
3,NONE,-1.0,-0.1,-1.0,-0.1
3,NONE,-1.0,-0.1,-1.0,-0.1
3,NONE,-1.0,-0.1,-1.0,-0.1
3,NONE,-1.0,-0.1,-1.0,-0.1
3,NONE,-1.0,-0.1,-1.0,-0.1
3,NONE,-1.0,-0.1,-1.0,-0.1
3,NONE,-1.0,-0.1,-1.0,-0.1
3,NONE,-1.0,-0.1,-1.0,-0.1
3,NONE,-1.0,-0.1,-1.0,-0.1
2,EV_B13_C008_Mototaxi_Electrica_P03,-1.0,-0.1,7.0,43.10907653993603
1,EV_B13_C008_Mototaxi_Electrica_P03,7.0,86.889265197971,-1.0,43.10907653993603
1,EV_B13_C008_Mototaxi_Electrica_P03,6.0,86.889265197971,-1.0,43.10907653993603
1,EV_B13_C008_Mototaxi_Electrica_P03,5.0,86.889265197971,-1.0,43.10907653993603
1,EV_B13_C008_Mototaxi_Electrica_P03,4.0,86.889265197971,-1.0,43.10907653993603
1,EV_B13_C008_Mototaxi_Electrica_P03,3.0,86.889265197971,-1.0,43.10907653993603
1,EV_B13_C008_Mototaxi_Electrica_P03,2.0,86.889265197971,-1.0,43.10907653993603
1,EV_B13_C008_Mototaxi_Electrica_P03,1.0,86.889265197971,-1.0,43.10907653993603
1,EV_B13_C008_Mototaxi_Electrica_P03,0.0,86.889265197971,-1.0,43.10907653993603
3,NONE,-1.0,-0.1,-1.0,-0.1
3,NONE,-1.0,-0.1,-1.0,-0.1
3,NONE,-1.0,-0.1,-1.0,-0.1
3,NONE,-1.0,-0.1,-1.0,-0.1
3,NONE,-1.0,-0.1,-1.0,-0.1
3,NONE,-1.0,-0.1,-1.0,-0.1
3,NONE,-1.0,-0.1,-1.0,-0.1
3,NONE,-1.0,-0.1,-1.0,-0.1
3,NONE,-1.0,-0.1,-1.0,-0.1
3,NONE,-1.0,-0.1,-1.0,-0.1
3,NONE,-1.0,-0.1,-1.0,-0.1
3,NONE,-1.0,-0.1,-1.0,-0.1
3,NONE,-1.0,-0.1,-1.0,-0.1
3,NONE,-1.0,-0.1,-1.0,-0.1
3,NONE,-1.0,-0.1,-1.0,-0.1
3,NONE,-1.0,-0.1,-1.0,-0.1
3,NONE,-1.0,-0.1,-1.0,-0.1
3,NONE,-1.0,-0.1,-1.0,-0.1
3,NONE,-1.0,-0.1,-1.0,-0.1
3,NONE,-1.0,-0.1,-1.0,-0.1
3,NONE,-1.0,-0.1,-1.0,-0.1
3,NONE,-1.0,-0.1,-1.0,-0.1
3,NONE,-1.0,-0.1,-1.0,-0.1
3,NONE,-1.0,-0.1,-1.0,-0.1
3,NONE,-1.0,-0.1,-1.0,-0.1
3,NONE,-1.0,-0.1,-1.0,-0.1
3,NONE,-1.0,-0.1,-1.0,-0.1
3,NONE,-1.0,-0.1,-1.0,-0.1
3,NONE,-1.0,-0.1,-1.0,-0.1
3,NONE,-1.0,-0.1,-1.0,-0.1
3,NONE,-1.0,-0.1,-1.0,-0.1
3,NONE,-1.0,-0.1,-1.0,-0.1
3,NONE,-1.0,-0.1,-1.0,-0.1
3,NONE,-1.0,-0.1,-1.0,-0.1
3,NONE,-1.0,-0.1,-1.0,-0.1
3,NONE,-1.0,-0.1,-1.0,-0.1
3,NONE,-1.0,-0.1,-1.0,-0.1
3,NONE,-1.0,-0.1,-1.0,-0.1
3,NONE,-1.0,-0.1,-1.0,-0.1
3,NONE,-1.0,-0.1,-1.0,-0.1
3,NONE,-1.0,-0.1,-1.0,-0.1
3,NONE,-1.0,-0.1,-1.0,-0.1
3,NONE,-1.0,-0.1,-1.0,-0.1
3,NONE,-1.0,-0.1,-1.0,-0.1
3,NONE,-1.0,-0.1,-1.0,-0.1
3,NONE,-1.0,-0.1,-1.0,-0.1
3,NONE,-1.0,-0.1,-1.0,-0.1
3,NONE,-1.0,-0.1,-1.0,-0.1
3,NONE,-1.0,-0.1,-1.0,-0.1
3,NONE,-1.0,-0.1,-1.0,-0.1
3,NONE,-1.0,-0.1,-1.0,-0.1
3,NONE,-1.0,-0.1,-1.0,-0.1
3,NONE,-1.0,-0.1,-1.0,-0.1
3,NONE,-1.0,-0.1,-1.0,-0.1
3,NONE,-1.0,-0.1,-1.0,-0.1
3,NONE,-1.0,-0.1,-1.0,-0.1
3,NONE,-1.0,-0.1,-1.0,-0.1
3,NONE,-1.0,-0.1,-1.0,-0.1
3,NONE,-1.0,-0.1,-1.0,-0.1
3,NONE,-1.0,-0.1,-1.0,-0.1
3,NONE,-1.0,-0.1,-1.0,-0.1
3,NONE,-1.0,-0.1,-1.0,-0.1
3,NONE,-1.0,-0.1,-1.0,-0.1
3,NONE,-1.0,-0.1,-1.0,-0.1
2,EV_B13_C008_Mototaxi_Electrica_P04,-1.0,-0.1,8.0,50.951385499866134
1,EV_B13_C008_Mototaxi_Electrica_P04,6.0,83.75389528178711,-1.0,50.951385499866134
1,EV_B13_C008_Mototaxi_Electrica_P04,5.0,83.75389528178711,-1.0,50.951385499866134
1,EV_B13_C008_Mototaxi_Electrica_P04,4.0,83.75389528178711,-1.0,50.951385499866134
1,EV_B13_C008_Mototaxi_Electrica_P04,3.0,83.75389528178711,-1.0,50.951385499866134
1,EV_B13_C008_Mototaxi_Electrica_P04,2.0,83.75389528178711,-1.0,50.951385499866134
1,EV_B13_C008_Mototaxi_Electrica_P04,1.0,83.75389528178711,-1.0,50.951385499866134
1,EV_B13_C008_Mototaxi_Electrica_P04,0.0,83.75389528178711,-1.0,50.951385499866134
3,NONE,-1.0,-0.1,-1.0,-0.1
3,NONE,-1.0,-0.1,-1.0,-0.1
3,NONE,-1.0,-0.1,-1.0,-0.1
3,NONE,-1.0,-0.1,-1.0,-0.1
3,NONE,-1.0,-0.1,-1.0,-0.1
3,NONE,-1.0,-0.1,-1.0,-0.1
3,NONE,-1.0,-0.1,-1.0,-0.1
3,NONE,-1.0,-0.1,-1.0,-0.1
3,NONE,-1.0,-0.1,-1.0,-0.1
3,NONE,-1.0,-0.1,-1.0,-0.1
3,NONE,-1.0,-0.1,-1.0,-0.1
3,NONE,-1.0,-0.1,-1.0,-0.1
3,NONE,-1.0,-0.1,-1.0,-0.1
3,NONE,-1.0,-0.1,-1.0,-0.1
3,NONE,-1.0,-0.1,-1.0,-0.1
3,NONE,-1.0,-0.1,-1.0,-0.1
3,NONE,-1.0,-0.1,-1.0,-0.1
3,NONE,-1.0,-0.1,-1.0,-0.1
3,NONE,-1.0,-0.1,-1.0,-0.1
3,NONE,-1.0,-0.1,-1.0,-0.1
3,NONE,-1.0,-0.1,-1.0,-0.1
3,NONE,-1.0,-0.1,-1.0,-0.1
3,NONE,-1.0,-0.1,-1.0,-0.1
3,NONE,-1.0,-0.1,-1.0,-0.1
3,NONE,-1.0,-0.1,-1.0,-0.1
3,NONE,-1.0,-0.1,-1.0,-0.1
3,NONE,-1.0,-0.1,-1.0,-0.1
3,NONE,-1.0,-0.1,-1.0,-0.1
3,NONE,-1.0,-0.1,-1.0,-0.1
3,NONE,-1.0,-0.1,-1.0,-0.1
3,NONE,-1.0,-0.1,-1.0,-0.1
3,NONE,-1.0,-0.1,-1.0,-0.1
3,NONE,-1.0,-0.1,-1.0,-0.1
3,NONE,-1.0,-0.1,-1.0,-0.1
3,NONE,-1.0,-0.1,-1.0,-0.1
3,NONE,-1.0,-0.1,-1.0,-0.1
3,NONE,-1.0,-0.1,-1.0,-0.1
3,NONE,-1.0,-0.1,-1.0,-0.1
3,NONE,-1.0,-0.1,-1.0,-0.1
3,NONE,-1.0,-0.1,-1.0,-0.1
3,NONE,-1.0,-0.1,-1.0,-0.1
2,EV_B13_C008_Mototaxi_Electrica_P05,-1.0,-0.1,9.0,11.874726224547238
1,EV_B13_C008_Mototaxi_Electrica_P05,5.0,82.14192475393853,-1.0,11.874726224547238
1,EV_B13_C008_Mototaxi_Electrica_P05,4.0,82.14192475393853,-1.0,11.874726224547238
1,EV_B13_C008_Mototaxi_Electrica_P05,3.0,82.14192475393853,-1.0,11.874726224547238
1,EV_B13_C008_Mototaxi_Electrica_P05,2.0,82.14192475393853,-1.0,11.874726224547238
1,EV_B13_C008_Mototaxi_Electrica_P05,1.0,82.14192475393853,-1.0,11.874726224547238
1,EV_B13_C008_Mototaxi_Electrica_P05,0.0,82.14192475393853,-1.0,11.874726224547238
3,NONE,-1.0,-0.1,-1.0,-0.1
3,NONE,-1.0,-0.1,-1.0,-0.1
3,NONE,-1.0,-0.1,-1.0,-0.1
3,NONE,-1.0,-0.1,-1.0,-0.1
3,NONE,-1.0,-0.1,-1.0,-0.1
3,NONE,-1.0,-0.1,-1.0,-0.1
3,NONE,-1.0,-0.1,-1.0,-0.1
3,NONE,-1.0,-0.1,-1.0,-0.1
3,NONE,-1.0,-0.1,-1.0,-0.1
3,NONE,-1.0,-0.1,-1.0,-0.1
3,NONE,-1.0,-0.1,-1.0,-0.1
3,NONE,-1.0,-0.1,-1.0,-0.1
3,NONE,-1.0,-0.1,-1.0,-0.1
3,NONE,-1.0,-0.1,-1.0,-0.1
3,NONE,-1.0,-0.1,-1.0,-0.1
3,NONE,-1.0,-0.1,-1.0,-0.1
3,NONE,-1.0,-0.1,-1.0,-0.1
3,NONE,-1.0,-0.1,-1.0,-0.1
3,NONE,-1.0,-0.1,-1.0,-0.1
3,NONE,-1.0,-0.1,-1.0,-0.1
3,NONE,-1.0,-0.1,-1.0,-0.1
3,NONE,-1.0,-0.1,-1.0,-0.1
3,NONE,-1.0,-0.1,-1.0,-0.1
3,NONE,-1.0,-0.1,-1.0,-0.1
3,NONE,-1.0,-0.1,-1.0,-0.1
3,NONE,-1.0,-0.1,-1.0,-0.1
3,NONE,-1.0,-0.1,-1.0,-0.1
3,NONE,-1.0,-0.1,-1.0,-0.1
3,NONE,-1.0,-0.1,-1.0,-0.1
3,NONE,-1.0,-0.1,-1.0,-0.1
3,NONE,-1.0,-0.1,-1.0,-0.1
3,NONE,-1.0,-0.1,-1.0,-0.1
3,NONE,-1.0,-0.1,-1.0,-0.1
3,NONE,-1.0,-0.1,-1.0,-0.1
3,NONE,-1.0,-0.1,-1.0,-0.1
3,NONE,-1.0,-0.1,-1.0,-0.1
3,NONE,-1.0,-0.1,-1.0,-0.1
3,NONE,-1.0,-0.1,-1.0,-0.1
3,NONE,-1.0,-0.1,-1.0,-0.1
2,EV_B13_C008_Mototaxi_Electrica_P06,-1.0,-0.1,7.0,35.63579195426888
1,EV_B13_C008_Mototaxi_Electrica_P06,7.0,91.58289190372436,-1.0,35.63579195426888
1,EV_B13_C008_Mototaxi_Electrica_P06,6.0,91.58289190372436,-1.0,35.63579195426888
1,EV_B13_C008_Mototaxi_Electrica_P06,5.0,91.58289190372436,-1.0,35.63579195426888
1,EV_B13_C008_Mototaxi_Electrica_P06,4.0,91.58289190372436,-1.0,35.63579195426888
1,EV_B13_C008_Mototaxi_Electrica_P06,3.0,91.58289190372436,-1.0,35.63579195426888
1,EV_B13_C008_Mototaxi_Electrica_P06,2.0,91.58289190372436,-1.0,35.63579195426888
1,EV_B13_C008_Mototaxi_Electrica_P06,1.0,91.58289190372436,-1.0,35.63579195426888
1,EV_B13_C008_Mototaxi_Electrica_P06,0.0,91.58289190372436,-1.0,35.63579195426888
3,NONE,-1.0,-0.1,-1.0,-0.1
3,NONE,-1.0,-0.1,-1.0,-0.1
3,NONE,-1.0,-0.1,-1.0,-0.1
3,NONE,-1.0,-0.1,-1.0,-0.1
3,NONE,-1.0,-0.1,-1.0,-0.1
3,NONE,-1.0,-0.1,-1.0,-0.1
3,NONE,-1.0,-0.1,-1.0,-0.1
3,NONE,-1.0,-0.1,-1.0,-0.1
3,NONE,-1.0,-0.1,-1.0,-0.1
3,NONE,-1.0,-0.1,-1.0,-0.1
3,NONE,-1.0,-0.1,-1.0,-0.1
3,NONE,-1.0,-0.1,-1.0,-0.1
3,NONE,-1.0,-0.1,-1.0,-0.1
3,NONE,-1.0,-0.1,-1.0,-0.1
3,NONE,-1.0,-0.1,-1.0,-0.1
3,NONE,-1.0,-0.1,-1.0,-0.1
3,NONE,-1.0,-0.1,-1.0,-0.1
3,NONE,-1.0,-0.1,-1.0,-0.1
3,NONE,-1.0,-0.1,-1.0,-0.1
3,NONE,-1.0,-0.1,-1.0,-0.1
3,NONE,-1.0,-0.1,-1.0,-0.1
3,NONE,-1.0,-0.1,-1.0,-0.1
3,NONE,-1.0,-0.1,-1.0,-0.1
3,NONE,-1.0,-0.1,-1.0,-0.1
3,NONE,-1.0,-0.1,-1.0,-0.1
3,NONE,-1.0,-0.1,-1.0,-0.1
3,NONE,-1.0,-0.1,-1.0,-0.1
3,NONE,-1.0,-0.1,-1.0,-0.1
3,NONE,-1.0,-0.1,-1.0,-0.1
3,NONE,-1.0,-0.1,-1.0,-0.1
3,NONE,-1.0,-0.1,-1.0,-0.1
3,NONE,-1.0,-0.1,-1.0,-0.1
3,NONE,-1.0,-0.1,-1.0,-0.1
3,NONE,-1.0,-0.1,-1.0,-0.1
3,NONE,-1.0,-0.1,-1.0,-0.1
3,NONE,-1.0,-0.1,-1.0,-0.1
3,NONE,-1.0,-0.1,-1.0,-0.1
3,NONE,-1.0,-0.1,-1.0,-0.1
3,NONE,-1.0,-0.1,-1.0,-0.1
3,NONE,-1.0,-0.1,-1.0,-0.1
3,NONE,-1.0,-0.1,-1.0,-0.1
3,NONE,-1.0,-0.1,-1.0,-0.1
3,NONE,-1.0,-0.1,-1.0,-0.1
3,NONE,-1.0,-0.1,-1.0,-0.1
3,NONE,-1.0,-0.1,-1.0,-0.1
3,NONE,-1.0,-0.1,-1.0,-0.1
3,NONE,-1.0,-0.1,-1.0,-0.1
3,NONE,-1.0,-0.1,-1.0,-0.1
3,NONE,-1.0,-0.1,-1.0,-0.1
3,NONE,-1.0,-0.1,-1.0,-0.1
3,NONE,-1.0,-0.1,-1.0,-0.1
3,NONE,-1.0,-0.1,-1.0,-0.1
3,NONE,-1.0,-0.1,-1.0,-0.1
3,NONE,-1.0,-0.1,-1.0,-0.1
3,NONE,-1.0,-0.1,-1.0,-0.1
3,NONE,-1.0,-0.1,-1.0,-0.1
3,NONE,-1.0,-0.1,-1.0,-0.1
3,NONE,-1.0,-0.1,-1.0,-0.1
3,NONE,-1.0,-0.1,-1.0,-0.1
3,NONE,-1.0,-0.1,-1.0,-0.1
3,NONE,-1.0,-0.1,-1.0,-0.1
3,NONE,-1.0,-0.1,-1.0,-0.1
3,NONE,-1.0,-0.1,-1.0,-0.1
3,NONE,-1.0,-0.1,-1.0,-0.1
3,NONE,-1.0,-0.1,-1.0,-0.1
3,NONE,-1.0,-0.1,-1.0,-0.1
3,NONE,-1.0,-0.1,-1.0,-0.1
3,NONE,-1.0,-0.1,-1.0,-0.1
3,NONE,-1.0,-0.1,-1.0,-0.1
3,NONE,-1.0,-0.1,-1.0,-0.1
3,NONE,-1.0,-0.1,-1.0,-0.1
3,NONE,-1.0,-0.1,-1.0,-0.1
3,NONE,-1.0,-0.1,-1.0,-0.1
3,NONE,-1.0,-0.1,-1.0,-0.1
3,NONE,-1.0,-0.1,-1.0,-0.1
3,NONE,-1.0,-0.1,-1.0,-0.1
3,NONE,-1.0,-0.1,-1.0,-0.1
3,NONE,-1.0,-0.1,-1.0,-0.1
3,NONE,-1.0,-0.1,-1.0,-0.1
3,NONE,-1.0,-0.1,-1.0,-0.1
3,NONE,-1.0,-0.1,-1.0,-0.1
3,NONE,-1.0,-0.1,-1.0,-0.1
3,NONE,-1.0,-0.1,-1.0,-0.1
3,NONE,-1.0,-0.1,-1.0,-0.1
3,NONE,-1.0,-0.1,-1.0,-0.1
3,NONE,-1.0,-0.1,-1.0,-0.1
3,NONE,-1.0,-0.1,-1.0,-0.1
3,NONE,-1.0,-0.1,-1.0,-0.1
3,NONE,-1.0,-0.1,-1.0,-0.1
2,EV_B13_C008_Mototaxi_Electrica_P07,-1.0,-0.1,9.0,50.08995370777683
1,EV_B13_C008_Mototaxi_Electrica_P07,5.0,76.82994362690536,-1.0,50.08995370777683
1,EV_B13_C008_Mototaxi_Electrica_P07,4.0,76.82994362690536,-1.0,50.08995370777683
1,EV_B13_C008_Mototaxi_Electrica_P07,3.0,76.82994362690536,-1.0,50.08995370777683
1,EV_B13_C008_Mototaxi_Electrica_P07,2.0,76.82994362690536,-1.0,50.08995370777683
1,EV_B13_C008_Mototaxi_Electrica_P07,1.0,76.82994362690536,-1.0,50.08995370777683
1,EV_B13_C008_Mototaxi_Electrica_P07,0.0,76.82994362690536,-1.0,50.08995370777683
3,NONE,-1.0,-0.1,-1.0,-0.1
3,NONE,-1.0,-0.1,-1.0,-0.1
3,NONE,-1.0,-0.1,-1.0,-0.1
3,NONE,-1.0,-0.1,-1.0,-0.1
3,NONE,-1.0,-0.1,-1.0,-0.1
3,NONE,-1.0,-0.1,-1.0,-0.1
3,NONE,-1.0,-0.1,-1.0,-0.1
3,NONE,-1.0,-0.1,-1.0,-0.1
3,NONE,-1.0,-0.1,-1.0,-0.1
3,NONE,-1.0,-0.1,-1.0,-0.1
3,NONE,-1.0,-0.1,-1.0,-0.1
3,NONE,-1.0,-0.1,-1.0,-0.1
3,NONE,-1.0,-0.1,-1.0,-0.1
3,NONE,-1.0,-0.1,-1.0,-0.1
3,NONE,-1.0,-0.1,-1.0,-0.1
3,NONE,-1.0,-0.1,-1.0,-0.1
3,NONE,-1.0,-0.1,-1.0,-0.1
3,NONE,-1.0,-0.1,-1.0,-0.1
3,NONE,-1.0,-0.1,-1.0,-0.1
3,NONE,-1.0,-0.1,-1.0,-0.1
3,NONE,-1.0,-0.1,-1.0,-0.1
3,NONE,-1.0,-0.1,-1.0,-0.1
3,NONE,-1.0,-0.1,-1.0,-0.1
3,NONE,-1.0,-0.1,-1.0,-0.1
3,NONE,-1.0,-0.1,-1.0,-0.1
3,NONE,-1.0,-0.1,-1.0,-0.1
3,NONE,-1.0,-0.1,-1.0,-0.1
3,NONE,-1.0,-0.1,-1.0,-0.1
3,NONE,-1.0,-0.1,-1.0,-0.1
3,NONE,-1.0,-0.1,-1.0,-0.1
3,NONE,-1.0,-0.1,-1.0,-0.1
3,NONE,-1.0,-0.1,-1.0,-0.1
3,NONE,-1.0,-0.1,-1.0,-0.1
3,NONE,-1.0,-0.1,-1.0,-0.1
3,NONE,-1.0,-0.1,-1.0,-0.1
3,NONE,-1.0,-0.1,-1.0,-0.1
3,NONE,-1.0,-0.1,-1.0,-0.1
3,NONE,-1.0,-0.1,-1.0,-0.1
3,NONE,-1.0,-0.1,-1.0,-0.1
3,NONE,-1.0,-0.1,-1.0,-0.1
2,EV_B13_C008_Mototaxi_Electrica_P08,-1.0,-0.1,8.0,51.153292037249614
1,EV_B13_C008_Mototaxi_Electrica_P08,6.0,77.60271969239494,-1.0,51.153292037249614
1,EV_B13_C008_Mototaxi_Electrica_P08,5.0,77.60271969239494,-1.0,51.153292037249614
1,EV_B13_C008_Mototaxi_Electrica_P08,4.0,77.60271969239494,-1.0,51.153292037249614
1,EV_B13_C008_Mototaxi_Electrica_P08,3.0,77.60271969239494,-1.0,51.153292037249614
1,EV_B13_C008_Mototaxi_Electrica_P08,2.0,77.60271969239494,-1.0,51.153292037249614
1,EV_B13_C008_Mototaxi_Electrica_P08,1.0,77.60271969239494,-1.0,51.153292037249614
1,EV_B13_C008_Mototaxi_Electrica_P08,0.0,77.60271969239494,-1.0,51.153292037249614
3,NONE,-1.0,-0.1,-1.0,-0.1
3,NONE,-1.0,-0.1,-1.0,-0.1
3,NONE,-1.0,-0.1,-1.0,-0.1
3,NONE,-1.0,-0.1,-1.0,-0.1
3,NONE,-1.0,-0.1,-1.0,-0.1
3,NONE,-1.0,-0.1,-1.0,-0.1
3,NONE,-1.0,-0.1,-1.0,-0.1
3,NONE,-1.0,-0.1,-1.0,-0.1
3,NONE,-1.0,-0.1,-1.0,-0.1
3,NONE,-1.0,-0.1,-1.0,-0.1
3,NONE,-1.0,-0.1,-1.0,-0.1
3,NONE,-1.0,-0.1,-1.0,-0.1
3,NONE,-1.0,-0.1,-1.0,-0.1
3,NONE,-1.0,-0.1,-1.0,-0.1
3,NONE,-1.0,-0.1,-1.0,-0.1
3,NONE,-1.0,-0.1,-1.0,-0.1
2,EV_B13_C008_Mototaxi_Electrica_P09,-1.0,-0.1,8.0,46.64047191288513
1,EV_B13_C008_Mototaxi_Electrica_P09,6.0,83.67998731631594,-1.0,46.64047191288513
1,EV_B13_C008_Mototaxi_Electrica_P09,5.0,83.67998731631594,-1.0,46.64047191288513
1,EV_B13_C008_Mototaxi_Electrica_P09,4.0,83.67998731631594,-1.0,46.64047191288513
1,EV_B13_C008_Mototaxi_Electrica_P09,3.0,83.67998731631594,-1.0,46.64047191288513
1,EV_B13_C008_Mototaxi_Electrica_P09,2.0,83.67998731631594,-1.0,46.64047191288513
1,EV_B13_C008_Mototaxi_Electrica_P09,1.0,83.67998731631594,-1.0,46.64047191288513
1,EV_B13_C008_Mototaxi_Electrica_P09,0.0,83.67998731631594,-1.0,46.64047191288513
3,NONE,-1.0,-0.1,-1.0,-0.1
3,NONE,-1.0,-0.1,-1.0,-0.1
3,NONE,-1.0,-0.1,-1.0,-0.1
3,NONE,-1.0,-0.1,-1.0,-0.1
3,NONE,-1.0,-0.1,-1.0,-0.1
3,NONE,-1.0,-0.1,-1.0,-0.1
3,NONE,-1.0,-0.1,-1.0,-0.1
3,NONE,-1.0,-0.1,-1.0,-0.1
3,NONE,-1.0,-0.1,-1.0,-0.1
3,NONE,-1.0,-0.1,-1.0,-0.1
3,NONE,-1.0,-0.1,-1.0,-0.1
3,NONE,-1.0,-0.1,-1.0,-0.1
3,NONE,-1.0,-0.1,-1.0,-0.1
3,NONE,-1.0,-0.1,-1.0,-0.1
3,NONE,-1.0,-0.1,-1.0,-0.1
3,NONE,-1.0,-0.1,-1.0,-0.1
3,NONE,-1.0,-0.1,-1.0,-0.1
3,NONE,-1.0,-0.1,-1.0,-0.1
3,NONE,-1.0,-0.1,-1.0,-0.1
3,NONE,-1.0,-0.1,-1.0,-0.1
3,NONE,-1.0,-0.1,-1.0,-0.1
3,NONE,-1.0,-0.1,-1.0,-0.1
3,NONE,-1.0,-0.1,-1.0,-0.1
3,NONE,-1.0,-0.1,-1.0,-0.1
3,NONE,-1.0,-0.1,-1.0,-0.1
3,NONE,-1.0,-0.1,-1.0,-0.1
3,NONE,-1.0,-0.1,-1.0,-0.1
3,NONE,-1.0,-0.1,-1.0,-0.1
3,NONE,-1.0,-0.1,-1.0,-0.1
3,NONE,-1.0,-0.1,-1.0,-0.1
3,NONE,-1.0,-0.1,-1.0,-0.1
3,NONE,-1.0,-0.1,-1.0,-0.1
3,NONE,-1.0,-0.1,-1.0,-0.1
3,NONE,-1.0,-0.1,-1.0,-0.1
3,NONE,-1.0,-0.1,-1.0,-0.1
3,NONE,-1.0,-0.1,-1.0,-0.1
3,NONE,-1.0,-0.1,-1.0,-0.1
3,NONE,-1.0,-0.1,-1.0,-0.1
3,NONE,-1.0,-0.1,-1.0,-0.1
3,NONE,-1.0,-0.1,-1.0,-0.1
3,NONE,-1.0,-0.1,-1.0,-0.1
3,NONE,-1.0,-0.1,-1.0,-0.1
3,NONE,-1.0,-0.1,-1.0,-0.1
3,NONE,-1.0,-0.1,-1.0,-0.1
3,NONE,-1.0,-0.1,-1.0,-0.1
3,NONE,-1.0,-0.1,-1.0,-0.1
3,NONE,-1.0,-0.1,-1.0,-0.1
3,NONE,-1.0,-0.1,-1.0,-0.1
3,NONE,-1.0,-0.1,-1.0,-0.1
3,NONE,-1.0,-0.1,-1.0,-0.1
3,NONE,-1.0,-0.1,-1.0,-0.1
3,NONE,-1.0,-0.1,-1.0,-0.1
3,NONE,-1.0,-0.1,-1.0,-0.1
3,NONE,-1.0,-0.1,-1.0,-0.1
3,NONE,-1.0,-0.1,-1.0,-0.1
3,NONE,-1.0,-0.1,-1.0,-0.1
3,NONE,-1.0,-0.1,-1.0,-0.1
3,NONE,-1.0,-0.1,-1.0,-0.1
3,NONE,-1.0,-0.1,-1.0,-0.1
3,NONE,-1.0,-0.1,-1.0,-0.1
3,NONE,-1.0,-0.1,-1.0,-0.1
3,NONE,-1.0,-0.1,-1.0,-0.1
3,NONE,-1.0,-0.1,-1.0,-0.1
3,NONE,-1.0,-0.1,-1.0,-0.1
3,NONE,-1.0,-0.1,-1.0,-0.1
2,EV_B13_C008_Mototaxi_Electrica_P10,-1.0,-0.1,9.0,39.30343050885998
1,EV_B13_C008_Mototaxi_Electrica_P10,5.0,82.4223629073258,-1.0,39.30343050885998
1,EV_B13_C008_Mototaxi_Electrica_P10,4.0,82.4223629073258,-1.0,39.30343050885998
1,EV_B13_C008_Mototaxi_Electrica_P10,3.0,82.4223629073258,-1.0,39.30343050885998
1,EV_B13_C008_Mototaxi_Electrica_P10,2.0,82.4223629073258,-1.0,39.30343050885998
1,EV_B13_C008_Mototaxi_Electrica_P10,1.0,82.4223629073258,-1.0,39.30343050885998
1,EV_B13_C008_Mototaxi_Electrica_P10,0.0,82.4223629073258,-1.0,39.30343050885998
3,NONE,-1.0,-0.1,-1.0,-0.1
3,NONE,-1.0,-0.1,-1.0,-0.1
3,NONE,-1.0,-0.1,-1.0,-0.1
3,NONE,-1.0,-0.1,-1.0,-0.1
3,NONE,-1.0,-0.1,-1.0,-0.1
3,NONE,-1.0,-0.1,-1.0,-0.1
3,NONE,-1.0,-0.1,-1.0,-0.1
3,NONE,-1.0,-0.1,-1.0,-0.1
3,NONE,-1.0,-0.1,-1.0,-0.1
3,NONE,-1.0,-0.1,-1.0,-0.1
3,NONE,-1.0,-0.1,-1.0,-0.1
3,NONE,-1.0,-0.1,-1.0,-0.1
3,NONE,-1.0,-0.1,-1.0,-0.1
3,NONE,-1.0,-0.1,-1.0,-0.1
3,NONE,-1.0,-0.1,-1.0,-0.1
3,NONE,-1.0,-0.1,-1.0,-0.1
3,NONE,-1.0,-0.1,-1.0,-0.1
3,NONE,-1.0,-0.1,-1.0,-0.1
3,NONE,-1.0,-0.1,-1.0,-0.1
3,NONE,-1.0,-0.1,-1.0,-0.1
3,NONE,-1.0,-0.1,-1.0,-0.1
3,NONE,-1.0,-0.1,-1.0,-0.1
3,NONE,-1.0,-0.1,-1.0,-0.1
3,NONE,-1.0,-0.1,-1.0,-0.1
3,NONE,-1.0,-0.1,-1.0,-0.1
3,NONE,-1.0,-0.1,-1.0,-0.1
3,NONE,-1.0,-0.1,-1.0,-0.1
3,NONE,-1.0,-0.1,-1.0,-0.1
3,NONE,-1.0,-0.1,-1.0,-0.1
3,NONE,-1.0,-0.1,-1.0,-0.1
3,NONE,-1.0,-0.1,-1.0,-0.1
3,NONE,-1.0,-0.1,-1.0,-0.1
3,NONE,-1.0,-0.1,-1.0,-0.1
3,NONE,-1.0,-0.1,-1.0,-0.1
3,NONE,-1.0,-0.1,-1.0,-0.1
3,NONE,-1.0,-0.1,-1.0,-0.1
3,NONE,-1.0,-0.1,-1.0,-0.1
3,NONE,-1.0,-0.1,-1.0,-0.1
3,NONE,-1.0,-0.1,-1.0,-0.1
2,EV_B13_C008_Mototaxi_Electrica_P01,-1.0,-0.1,7.0,47.44923251309598
1,EV_B13_C008_Mototaxi_Electrica_P01,7.0,88.23103787688905,-1.0,47.44923251309598
1,EV_B13_C008_Mototaxi_Electrica_P01,6.0,88.23103787688905,-1.0,47.44923251309598
1,EV_B13_C008_Mototaxi_Electrica_P01,5.0,88.23103787688905,-1.0,47.44923251309598
1,EV_B13_C008_Mototaxi_Electrica_P01,4.0,88.23103787688905,-1.0,47.44923251309598
1,EV_B13_C008_Mototaxi_Electrica_P01,3.0,88.23103787688905,-1.0,47.44923251309598
1,EV_B13_C008_Mototaxi_Electrica_P01,2.0,88.23103787688905,-1.0,47.44923251309598
1,EV_B13_C008_Mototaxi_Electrica_P01,1.0,88.23103787688905,-1.0,47.44923251309598
1,EV_B13_C008_Mototaxi_Electrica_P01,0.0,88.23103787688905,-1.0,47.44923251309598
3,NONE,-1.0,-0.1,-1.0,-0.1
3,NONE,-1.0,-0.1,-1.0,-0.1
3,NONE,-1.0,-0.1,-1.0,-0.1
3,NONE,-1.0,-0.1,-1.0,-0.1
3,NONE,-1.0,-0.1,-1.0,-0.1
3,NONE,-1.0,-0.1,-1.0,-0.1
3,NONE,-1.0,-0.1,-1.0,-0.1
3,NONE,-1.0,-0.1,-1.0,-0.1
3,NONE,-1.0,-0.1,-1.0,-0.1
3,NONE,-1.0,-0.1,-1.0,-0.1
3,NONE,-1.0,-0.1,-1.0,-0.1
3,NONE,-1.0,-0.1,-1.0,-0.1
3,NONE,-1.0,-0.1,-1.0,-0.1
3,NONE,-1.0,-0.1,-1.0,-0.1
3,NONE,-1.0,-0.1,-1.0,-0.1
3,NONE,-1.0,-0.1,-1.0,-0.1
3,NONE,-1.0,-0.1,-1.0,-0.1
3,NONE,-1.0,-0.1,-1.0,-0.1
3,NONE,-1.0,-0.1,-1.0,-0.1
3,NONE,-1.0,-0.1,-1.0,-0.1
3,NONE,-1.0,-0.1,-1.0,-0.1
3,NONE,-1.0,-0.1,-1.0,-0.1
3,NONE,-1.0,-0.1,-1.0,-0.1
3,NONE,-1.0,-0.1,-1.0,-0.1
3,NONE,-1.0,-0.1,-1.0,-0.1
3,NONE,-1.0,-0.1,-1.0,-0.1
3,NONE,-1.0,-0.1,-1.0,-0.1
3,NONE,-1.0,-0.1,-1.0,-0.1
3,NONE,-1.0,-0.1,-1.0,-0.1
3,NONE,-1.0,-0.1,-1.0,-0.1
3,NONE,-1.0,-0.1,-1.0,-0.1
3,NONE,-1.0,-0.1,-1.0,-0.1
3,NONE,-1.0,-0.1,-1.0,-0.1
3,NONE,-1.0,-0.1,-1.0,-0.1
3,NONE,-1.0,-0.1,-1.0,-0.1
3,NONE,-1.0,-0.1,-1.0,-0.1
3,NONE,-1.0,-0.1,-1.0,-0.1
3,NONE,-1.0,-0.1,-1.0,-0.1
3,NONE,-1.0,-0.1,-1.0,-0.1
3,NONE,-1.0,-0.1,-1.0,-0.1
3,NONE,-1.0,-0.1,-1.0,-0.1
2,EV_B13_C008_Mototaxi_Electrica_P02,-1.0,-0.1,9.0,21.59332524968837
1,EV_B13_C008_Mototaxi_Electrica_P02,5.0,88.96505220488491,-1.0,21.59332524968837
1,EV_B13_C008_Mototaxi_Electrica_P02,4.0,88.96505220488491,-1.0,21.59332524968837
1,EV_B13_C008_Mototaxi_Electrica_P02,3.0,88.96505220488491,-1.0,21.59332524968837
1,EV_B13_C008_Mototaxi_Electrica_P02,2.0,88.96505220488491,-1.0,21.59332524968837
1,EV_B13_C008_Mototaxi_Electrica_P02,1.0,88.96505220488491,-1.0,21.59332524968837
1,EV_B13_C008_Mototaxi_Electrica_P02,0.0,88.96505220488491,-1.0,21.59332524968837
3,NONE,-1.0,-0.1,-1.0,-0.1
3,NONE,-1.0,-0.1,-1.0,-0.1
3,NONE,-1.0,-0.1,-1.0,-0.1
3,NONE,-1.0,-0.1,-1.0,-0.1
3,NONE,-1.0,-0.1,-1.0,-0.1
3,NONE,-1.0,-0.1,-1.0,-0.1
3,NONE,-1.0,-0.1,-1.0,-0.1
3,NONE,-1.0,-0.1,-1.0,-0.1
3,NONE,-1.0,-0.1,-1.0,-0.1
3,NONE,-1.0,-0.1,-1.0,-0.1
3,NONE,-1.0,-0.1,-1.0,-0.1
3,NONE,-1.0,-0.1,-1.0,-0.1
3,NONE,-1.0,-0.1,-1.0,-0.1
3,NONE,-1.0,-0.1,-1.0,-0.1
3,NONE,-1.0,-0.1,-1.0,-0.1
3,NONE,-1.0,-0.1,-1.0,-0.1
3,NONE,-1.0,-0.1,-1.0,-0.1
3,NONE,-1.0,-0.1,-1.0,-0.1
3,NONE,-1.0,-0.1,-1.0,-0.1
3,NONE,-1.0,-0.1,-1.0,-0.1
3,NONE,-1.0,-0.1,-1.0,-0.1
3,NONE,-1.0,-0.1,-1.0,-0.1
3,NONE,-1.0,-0.1,-1.0,-0.1
3,NONE,-1.0,-0.1,-1.0,-0.1
3,NONE,-1.0,-0.1,-1.0,-0.1
3,NONE,-1.0,-0.1,-1.0,-0.1
3,NONE,-1.0,-0.1,-1.0,-0.1
3,NONE,-1.0,-0.1,-1.0,-0.1
3,NONE,-1.0,-0.1,-1.0,-0.1
3,NONE,-1.0,-0.1,-1.0,-0.1
3,NONE,-1.0,-0.1,-1.0,-0.1
3,NONE,-1.0,-0.1,-1.0,-0.1
3,NONE,-1.0,-0.1,-1.0,-0.1
3,NONE,-1.0,-0.1,-1.0,-0.1
3,NONE,-1.0,-0.1,-1.0,-0.1
3,NONE,-1.0,-0.1,-1.0,-0.1
3,NONE,-1.0,-0.1,-1.0,-0.1
3,NONE,-1.0,-0.1,-1.0,-0.1
3,NONE,-1.0,-0.1,-1.0,-0.1
3,NONE,-1.0,-0.1,-1.0,-0.1
3,NONE,-1.0,-0.1,-1.0,-0.1
3,NONE,-1.0,-0.1,-1.0,-0.1
3,NONE,-1.0,-0.1,-1.0,-0.1
3,NONE,-1.0,-0.1,-1.0,-0.1
3,NONE,-1.0,-0.1,-1.0,-0.1
3,NONE,-1.0,-0.1,-1.0,-0.1
3,NONE,-1.0,-0.1,-1.0,-0.1
3,NONE,-1.0,-0.1,-1.0,-0.1
3,NONE,-1.0,-0.1,-1.0,-0.1
3,NONE,-1.0,-0.1,-1.0,-0.1
3,NONE,-1.0,-0.1,-1.0,-0.1
3,NONE,-1.0,-0.1,-1.0,-0.1
3,NONE,-1.0,-0.1,-1.0,-0.1
3,NONE,-1.0,-0.1,-1.0,-0.1
3,NONE,-1.0,-0.1,-1.0,-0.1
3,NONE,-1.0,-0.1,-1.0,-0.1
3,NONE,-1.0,-0.1,-1.0,-0.1
3,NONE,-1.0,-0.1,-1.0,-0.1
3,NONE,-1.0,-0.1,-1.0,-0.1
3,NONE,-1.0,-0.1,-1.0,-0.1
3,NONE,-1.0,-0.1,-1.0,-0.1
3,NONE,-1.0,-0.1,-1.0,-0.1
3,NONE,-1.0,-0.1,-1.0,-0.1
2,EV_B13_C008_Mototaxi_Electrica_P03,-1.0,-0.1,7.0,50.94438666409498
1,EV_B13_C008_Mototaxi_Electrica_P03,7.0,88.17335250573156,-1.0,50.94438666409498
1,EV_B13_C008_Mototaxi_Electrica_P03,6.0,88.17335250573156,-1.0,50.94438666409498
1,EV_B13_C008_Mototaxi_Electrica_P03,5.0,88.17335250573156,-1.0,50.94438666409498
1,EV_B13_C008_Mototaxi_Electrica_P03,4.0,88.17335250573156,-1.0,50.94438666409498
1,EV_B13_C008_Mototaxi_Electrica_P03,3.0,88.17335250573156,-1.0,50.94438666409498
1,EV_B13_C008_Mototaxi_Electrica_P03,2.0,88.17335250573156,-1.0,50.94438666409498
1,EV_B13_C008_Mototaxi_Electrica_P03,1.0,88.17335250573156,-1.0,50.94438666409498
1,EV_B13_C008_Mototaxi_Electrica_P03,0.0,88.17335250573156,-1.0,50.94438666409498
3,NONE,-1.0,-0.1,-1.0,-0.1
3,NONE,-1.0,-0.1,-1.0,-0.1
3,NONE,-1.0,-0.1,-1.0,-0.1
3,NONE,-1.0,-0.1,-1.0,-0.1
3,NONE,-1.0,-0.1,-1.0,-0.1
3,NONE,-1.0,-0.1,-1.0,-0.1
3,NONE,-1.0,-0.1,-1.0,-0.1
3,NONE,-1.0,-0.1,-1.0,-0.1
3,NONE,-1.0,-0.1,-1.0,-0.1
3,NONE,-1.0,-0.1,-1.0,-0.1
3,NONE,-1.0,-0.1,-1.0,-0.1
3,NONE,-1.0,-0.1,-1.0,-0.1
3,NONE,-1.0,-0.1,-1.0,-0.1
3,NONE,-1.0,-0.1,-1.0,-0.1
3,NONE,-1.0,-0.1,-1.0,-0.1
2,EV_B13_C008_Mototaxi_Electrica_P04,-1.0,-0.1,7.0,36.046347212935096
1,EV_B13_C008_Mototaxi_Electrica_P04,7.0,73.3668251731002,-1.0,36.046347212935096
1,EV_B13_C008_Mototaxi_Electrica_P04,6.0,73.3668251731002,-1.0,36.046347212935096
1,EV_B13_C008_Mototaxi_Electrica_P04,5.0,73.3668251731002,-1.0,36.046347212935096
1,EV_B13_C008_Mototaxi_Electrica_P04,4.0,73.3668251731002,-1.0,36.046347212935096
1,EV_B13_C008_Mototaxi_Electrica_P04,3.0,73.3668251731002,-1.0,36.046347212935096
1,EV_B13_C008_Mototaxi_Electrica_P04,2.0,73.3668251731002,-1.0,36.046347212935096
1,EV_B13_C008_Mototaxi_Electrica_P04,1.0,73.3668251731002,-1.0,36.046347212935096
1,EV_B13_C008_Mototaxi_Electrica_P04,0.0,73.3668251731002,-1.0,36.046347212935096
3,NONE,-1.0,-0.1,-1.0,-0.1
3,NONE,-1.0,-0.1,-1.0,-0.1
3,NONE,-1.0,-0.1,-1.0,-0.1
3,NONE,-1.0,-0.1,-1.0,-0.1
3,NONE,-1.0,-0.1,-1.0,-0.1
3,NONE,-1.0,-0.1,-1.0,-0.1
3,NONE,-1.0,-0.1,-1.0,-0.1
3,NONE,-1.0,-0.1,-1.0,-0.1
3,NONE,-1.0,-0.1,-1.0,-0.1
3,NONE,-1.0,-0.1,-1.0,-0.1
3,NONE,-1.0,-0.1,-1.0,-0.1
3,NONE,-1.0,-0.1,-1.0,-0.1
3,NONE,-1.0,-0.1,-1.0,-0.1
3,NONE,-1.0,-0.1,-1.0,-0.1
3,NONE,-1.0,-0.1,-1.0,-0.1
3,NONE,-1.0,-0.1,-1.0,-0.1
3,NONE,-1.0,-0.1,-1.0,-0.1
3,NONE,-1.0,-0.1,-1.0,-0.1
2,EV_B13_C008_Mototaxi_Electrica_P05,-1.0,-0.1,10.0,26.32762972531664
1,EV_B13_C008_Mototaxi_Electrica_P05,4.0,84.01335563444934,-1.0,26.32762972531664
1,EV_B13_C008_Mototaxi_Electrica_P05,3.0,84.01335563444934,-1.0,26.32762972531664
1,EV_B13_C008_Mototaxi_Electrica_P05,2.0,84.01335563444934,-1.0,26.32762972531664
1,EV_B13_C008_Mototaxi_Electrica_P05,1.0,84.01335563444934,-1.0,26.32762972531664
1,EV_B13_C008_Mototaxi_Electrica_P05,0.0,84.01335563444934,-1.0,26.32762972531664
3,NONE,-1.0,-0.1,-1.0,-0.1
3,NONE,-1.0,-0.1,-1.0,-0.1
3,NONE,-1.0,-0.1,-1.0,-0.1
3,NONE,-1.0,-0.1,-1.0,-0.1
3,NONE,-1.0,-0.1,-1.0,-0.1
3,NONE,-1.0,-0.1,-1.0,-0.1
3,NONE,-1.0,-0.1,-1.0,-0.1
3,NONE,-1.0,-0.1,-1.0,-0.1
3,NONE,-1.0,-0.1,-1.0,-0.1
3,NONE,-1.0,-0.1,-1.0,-0.1
3,NONE,-1.0,-0.1,-1.0,-0.1
3,NONE,-1.0,-0.1,-1.0,-0.1
3,NONE,-1.0,-0.1,-1.0,-0.1
3,NONE,-1.0,-0.1,-1.0,-0.1
3,NONE,-1.0,-0.1,-1.0,-0.1
3,NONE,-1.0,-0.1,-1.0,-0.1
3,NONE,-1.0,-0.1,-1.0,-0.1
3,NONE,-1.0,-0.1,-1.0,-0.1
3,NONE,-1.0,-0.1,-1.0,-0.1
3,NONE,-1.0,-0.1,-1.0,-0.1
3,NONE,-1.0,-0.1,-1.0,-0.1
3,NONE,-1.0,-0.1,-1.0,-0.1
3,NONE,-1.0,-0.1,-1.0,-0.1
3,NONE,-1.0,-0.1,-1.0,-0.1
3,NONE,-1.0,-0.1,-1.0,-0.1
3,NONE,-1.0,-0.1,-1.0,-0.1
3,NONE,-1.0,-0.1,-1.0,-0.1
3,NONE,-1.0,-0.1,-1.0,-0.1
3,NONE,-1.0,-0.1,-1.0,-0.1
3,NONE,-1.0,-0.1,-1.0,-0.1
3,NONE,-1.0,-0.1,-1.0,-0.1
3,NONE,-1.0,-0.1,-1.0,-0.1
3,NONE,-1.0,-0.1,-1.0,-0.1
3,NONE,-1.0,-0.1,-1.0,-0.1
3,NONE,-1.0,-0.1,-1.0,-0.1
3,NONE,-1.0,-0.1,-1.0,-0.1
3,NONE,-1.0,-0.1,-1.0,-0.1
3,NONE,-1.0,-0.1,-1.0,-0.1
3,NONE,-1.0,-0.1,-1.0,-0.1
3,NONE,-1.0,-0.1,-1.0,-0.1
3,NONE,-1.0,-0.1,-1.0,-0.1
3,NONE,-1.0,-0.1,-1.0,-0.1
3,NONE,-1.0,-0.1,-1.0,-0.1
3,NONE,-1.0,-0.1,-1.0,-0.1
3,NONE,-1.0,-0.1,-1.0,-0.1
3,NONE,-1.0,-0.1,-1.0,-0.1
3,NONE,-1.0,-0.1,-1.0,-0.1
3,NONE,-1.0,-0.1,-1.0,-0.1
3,NONE,-1.0,-0.1,-1.0,-0.1
3,NONE,-1.0,-0.1,-1.0,-0.1
3,NONE,-1.0,-0.1,-1.0,-0.1
3,NONE,-1.0,-0.1,-1.0,-0.1
3,NONE,-1.0,-0.1,-1.0,-0.1
3,NONE,-1.0,-0.1,-1.0,-0.1
3,NONE,-1.0,-0.1,-1.0,-0.1
3,NONE,-1.0,-0.1,-1.0,-0.1
3,NONE,-1.0,-0.1,-1.0,-0.1
3,NONE,-1.0,-0.1,-1.0,-0.1
3,NONE,-1.0,-0.1,-1.0,-0.1
3,NONE,-1.0,-0.1,-1.0,-0.1
3,NONE,-1.0,-0.1,-1.0,-0.1
3,NONE,-1.0,-0.1,-1.0,-0.1
3,NONE,-1.0,-0.1,-1.0,-0.1
3,NONE,-1.0,-0.1,-1.0,-0.1
3,NONE,-1.0,-0.1,-1.0,-0.1
3,NONE,-1.0,-0.1,-1.0,-0.1
3,NONE,-1.0,-0.1,-1.0,-0.1
3,NONE,-1.0,-0.1,-1.0,-0.1
3,NONE,-1.0,-0.1,-1.0,-0.1
3,NONE,-1.0,-0.1,-1.0,-0.1
3,NONE,-1.0,-0.1,-1.0,-0.1
3,NONE,-1.0,-0.1,-1.0,-0.1
3,NONE,-1.0,-0.1,-1.0,-0.1
3,NONE,-1.0,-0.1,-1.0,-0.1
3,NONE,-1.0,-0.1,-1.0,-0.1
3,NONE,-1.0,-0.1,-1.0,-0.1
3,NONE,-1.0,-0.1,-1.0,-0.1
3,NONE,-1.0,-0.1,-1.0,-0.1
3,NONE,-1.0,-0.1,-1.0,-0.1
3,NONE,-1.0,-0.1,-1.0,-0.1
3,NONE,-1.0,-0.1,-1.0,-0.1
3,NONE,-1.0,-0.1,-1.0,-0.1
3,NONE,-1.0,-0.1,-1.0,-0.1
3,NONE,-1.0,-0.1,-1.0,-0.1
3,NONE,-1.0,-0.1,-1.0,-0.1
3,NONE,-1.0,-0.1,-1.0,-0.1
3,NONE,-1.0,-0.1,-1.0,-0.1
3,NONE,-1.0,-0.1,-1.0,-0.1
3,NONE,-1.0,-0.1,-1.0,-0.1
3,NONE,-1.0,-0.1,-1.0,-0.1
3,NONE,-1.0,-0.1,-1.0,-0.1
3,NONE,-1.0,-0.1,-1.0,-0.1
3,NONE,-1.0,-0.1,-1.0,-0.1
3,NONE,-1.0,-0.1,-1.0,-0.1
3,NONE,-1.0,-0.1,-1.0,-0.1
3,NONE,-1.0,-0.1,-1.0,-0.1
3,NONE,-1.0,-0.1,-1.0,-0.1
3,NONE,-1.0,-0.1,-1.0,-0.1
3,NONE,-1.0,-0.1,-1.0,-0.1
3,NONE,-1.0,-0.1,-1.0,-0.1
3,NONE,-1.0,-0.1,-1.0,-0.1
3,NONE,-1.0,-0.1,-1.0,-0.1
3,NONE,-1.0,-0.1,-1.0,-0.1
3,NONE,-1.0,-0.1,-1.0,-0.1
3,NONE,-1.0,-0.1,-1.0,-0.1
3,NONE,-1.0,-0.1,-1.0,-0.1
3,NONE,-1.0,-0.1,-1.0,-0.1
3,NONE,-1.0,-0.1,-1.0,-0.1
3,NONE,-1.0,-0.1,-1.0,-0.1
3,NONE,-1.0,-0.1,-1.0,-0.1
3,NONE,-1.0,-0.1,-1.0,-0.1
3,NONE,-1.0,-0.1,-1.0,-0.1
3,NONE,-1.0,-0.1,-1.0,-0.1
3,NONE,-1.0,-0.1,-1.0,-0.1
3,NONE,-1.0,-0.1,-1.0,-0.1
3,NONE,-1.0,-0.1,-1.0,-0.1
3,NONE,-1.0,-0.1,-1.0,-0.1
3,NONE,-1.0,-0.1,-1.0,-0.1
3,NONE,-1.0,-0.1,-1.0,-0.1
3,NONE,-1.0,-0.1,-1.0,-0.1
3,NONE,-1.0,-0.1,-1.0,-0.1
3,NONE,-1.0,-0.1,-1.0,-0.1
3,NONE,-1.0,-0.1,-1.0,-0.1
3,NONE,-1.0,-0.1,-1.0,-0.1
3,NONE,-1.0,-0.1,-1.0,-0.1
3,NONE,-1.0,-0.1,-1.0,-0.1
3,NONE,-1.0,-0.1,-1.0,-0.1
3,NONE,-1.0,-0.1,-1.0,-0.1
3,NONE,-1.0,-0.1,-1.0,-0.1
3,NONE,-1.0,-0.1,-1.0,-0.1
3,NONE,-1.0,-0.1,-1.0,-0.1
3,NONE,-1.0,-0.1,-1.0,-0.1
3,NONE,-1.0,-0.1,-1.0,-0.1
3,NONE,-1.0,-0.1,-1.0,-0.1
3,NONE,-1.0,-0.1,-1.0,-0.1
3,NONE,-1.0,-0.1,-1.0,-0.1
3,NONE,-1.0,-0.1,-1.0,-0.1
3,NONE,-1.0,-0.1,-1.0,-0.1
2,EV_B13_C008_Mototaxi_Electrica_P06,-1.0,-0.1,10.0,45.17691307854042
1,EV_B13_C008_Mototaxi_Electrica_P06,4.0,94.9454738858544,-1.0,45.17691307854042
1,EV_B13_C008_Mototaxi_Electrica_P06,3.0,94.9454738858544,-1.0,45.17691307854042
1,EV_B13_C008_Mototaxi_Electrica_P06,2.0,94.9454738858544,-1.0,45.17691307854042
1,EV_B13_C008_Mototaxi_Electrica_P06,1.0,94.9454738858544,-1.0,45.17691307854042
1,EV_B13_C008_Mototaxi_Electrica_P06,0.0,94.9454738858544,-1.0,45.17691307854042
3,NONE,-1.0,-0.1,-1.0,-0.1
3,NONE,-1.0,-0.1,-1.0,-0.1
3,NONE,-1.0,-0.1,-1.0,-0.1
3,NONE,-1.0,-0.1,-1.0,-0.1
3,NONE,-1.0,-0.1,-1.0,-0.1
3,NONE,-1.0,-0.1,-1.0,-0.1
3,NONE,-1.0,-0.1,-1.0,-0.1
3,NONE,-1.0,-0.1,-1.0,-0.1
3,NONE,-1.0,-0.1,-1.0,-0.1
3,NONE,-1.0,-0.1,-1.0,-0.1
3,NONE,-1.0,-0.1,-1.0,-0.1
3,NONE,-1.0,-0.1,-1.0,-0.1
3,NONE,-1.0,-0.1,-1.0,-0.1
3,NONE,-1.0,-0.1,-1.0,-0.1
3,NONE,-1.0,-0.1,-1.0,-0.1
3,NONE,-1.0,-0.1,-1.0,-0.1
3,NONE,-1.0,-0.1,-1.0,-0.1
3,NONE,-1.0,-0.1,-1.0,-0.1
3,NONE,-1.0,-0.1,-1.0,-0.1
3,NONE,-1.0,-0.1,-1.0,-0.1
3,NONE,-1.0,-0.1,-1.0,-0.1
3,NONE,-1.0,-0.1,-1.0,-0.1
3,NONE,-1.0,-0.1,-1.0,-0.1
3,NONE,-1.0,-0.1,-1.0,-0.1
3,NONE,-1.0,-0.1,-1.0,-0.1
3,NONE,-1.0,-0.1,-1.0,-0.1
3,NONE,-1.0,-0.1,-1.0,-0.1
3,NONE,-1.0,-0.1,-1.0,-0.1
3,NONE,-1.0,-0.1,-1.0,-0.1
3,NONE,-1.0,-0.1,-1.0,-0.1
3,NONE,-1.0,-0.1,-1.0,-0.1
3,NONE,-1.0,-0.1,-1.0,-0.1
3,NONE,-1.0,-0.1,-1.0,-0.1
3,NONE,-1.0,-0.1,-1.0,-0.1
3,NONE,-1.0,-0.1,-1.0,-0.1
3,NONE,-1.0,-0.1,-1.0,-0.1
3,NONE,-1.0,-0.1,-1.0,-0.1
3,NONE,-1.0,-0.1,-1.0,-0.1
3,NONE,-1.0,-0.1,-1.0,-0.1
3,NONE,-1.0,-0.1,-1.0,-0.1
2,EV_B13_C008_Mototaxi_Electrica_P07,-1.0,-0.1,8.0,32.66368679962172
1,EV_B13_C008_Mototaxi_Electrica_P07,5.0,80.57288276487273,-1.0,32.66368679962172
1,EV_B13_C008_Mototaxi_Electrica_P07,4.0,80.57288276487273,-1.0,32.66368679962172
1,EV_B13_C008_Mototaxi_Electrica_P07,3.0,80.57288276487273,-1.0,32.66368679962172
1,EV_B13_C008_Mototaxi_Electrica_P07,2.0,80.57288276487273,-1.0,32.66368679962172
1,EV_B13_C008_Mototaxi_Electrica_P07,1.0,80.57288276487273,-1.0,32.66368679962172
1,EV_B13_C008_Mototaxi_Electrica_P07,0.0,80.57288276487273,-1.0,32.66368679962172
3,NONE,-1.0,-0.1,-1.0,-0.1
3,NONE,-1.0,-0.1,-1.0,-0.1
3,NONE,-1.0,-0.1,-1.0,-0.1
3,NONE,-1.0,-0.1,-1.0,-0.1
3,NONE,-1.0,-0.1,-1.0,-0.1
3,NONE,-1.0,-0.1,-1.0,-0.1
3,NONE,-1.0,-0.1,-1.0,-0.1
3,NONE,-1.0,-0.1,-1.0,-0.1
3,NONE,-1.0,-0.1,-1.0,-0.1
3,NONE,-1.0,-0.1,-1.0,-0.1
3,NONE,-1.0,-0.1,-1.0,-0.1
3,NONE,-1.0,-0.1,-1.0,-0.1
3,NONE,-1.0,-0.1,-1.0,-0.1
3,NONE,-1.0,-0.1,-1.0,-0.1
3,NONE,-1.0,-0.1,-1.0,-0.1
3,NONE,-1.0,-0.1,-1.0,-0.1
2,EV_B13_C008_Mototaxi_Electrica_P08,-1.0,-0.1,7.0,54.61285401685626
1,EV_B13_C008_Mototaxi_Electrica_P08,7.0,82.41899369838468,-1.0,54.61285401685626
1,EV_B13_C008_Mototaxi_Electrica_P08,6.0,82.41899369838468,-1.0,54.61285401685626
1,EV_B13_C008_Mototaxi_Electrica_P08,5.0,82.41899369838468,-1.0,54.61285401685626
1,EV_B13_C008_Mototaxi_Electrica_P08,4.0,82.41899369838468,-1.0,54.61285401685626
1,EV_B13_C008_Mototaxi_Electrica_P08,3.0,82.41899369838468,-1.0,54.61285401685626
1,EV_B13_C008_Mototaxi_Electrica_P08,2.0,82.41899369838468,-1.0,54.61285401685626
1,EV_B13_C008_Mototaxi_Electrica_P08,1.0,82.41899369838468,-1.0,54.61285401685626
1,EV_B13_C008_Mototaxi_Electrica_P08,0.0,82.41899369838468,-1.0,54.61285401685626
3,NONE,-1.0,-0.1,-1.0,-0.1
3,NONE,-1.0,-0.1,-1.0,-0.1
3,NONE,-1.0,-0.1,-1.0,-0.1
3,NONE,-1.0,-0.1,-1.0,-0.1
3,NONE,-1.0,-0.1,-1.0,-0.1
3,NONE,-1.0,-0.1,-1.0,-0.1
3,NONE,-1.0,-0.1,-1.0,-0.1
3,NONE,-1.0,-0.1,-1.0,-0.1
3,NONE,-1.0,-0.1,-1.0,-0.1
3,NONE,-1.0,-0.1,-1.0,-0.1
3,NONE,-1.0,-0.1,-1.0,-0.1
3,NONE,-1.0,-0.1,-1.0,-0.1
3,NONE,-1.0,-0.1,-1.0,-0.1
3,NONE,-1.0,-0.1,-1.0,-0.1
3,NONE,-1.0,-0.1,-1.0,-0.1
3,NONE,-1.0,-0.1,-1.0,-0.1
3,NONE,-1.0,-0.1,-1.0,-0.1
3,NONE,-1.0,-0.1,-1.0,-0.1
3,NONE,-1.0,-0.1,-1.0,-0.1
3,NONE,-1.0,-0.1,-1.0,-0.1
3,NONE,-1.0,-0.1,-1.0,-0.1
3,NONE,-1.0,-0.1,-1.0,-0.1
3,NONE,-1.0,-0.1,-1.0,-0.1
3,NONE,-1.0,-0.1,-1.0,-0.1
3,NONE,-1.0,-0.1,-1.0,-0.1
3,NONE,-1.0,-0.1,-1.0,-0.1
3,NONE,-1.0,-0.1,-1.0,-0.1
3,NONE,-1.0,-0.1,-1.0,-0.1
3,NONE,-1.0,-0.1,-1.0,-0.1
3,NONE,-1.0,-0.1,-1.0,-0.1
3,NONE,-1.0,-0.1,-1.0,-0.1
3,NONE,-1.0,-0.1,-1.0,-0.1
3,NONE,-1.0,-0.1,-1.0,-0.1
3,NONE,-1.0,-0.1,-1.0,-0.1
3,NONE,-1.0,-0.1,-1.0,-0.1
3,NONE,-1.0,-0.1,-1.0,-0.1
3,NONE,-1.0,-0.1,-1.0,-0.1
3,NONE,-1.0,-0.1,-1.0,-0.1
3,NONE,-1.0,-0.1,-1.0,-0.1
3,NONE,-1.0,-0.1,-1.0,-0.1
3,NONE,-1.0,-0.1,-1.0,-0.1
3,NONE,-1.0,-0.1,-1.0,-0.1
3,NONE,-1.0,-0.1,-1.0,-0.1
3,NONE,-1.0,-0.1,-1.0,-0.1
3,NONE,-1.0,-0.1,-1.0,-0.1
3,NONE,-1.0,-0.1,-1.0,-0.1
3,NONE,-1.0,-0.1,-1.0,-0.1
3,NONE,-1.0,-0.1,-1.0,-0.1
3,NONE,-1.0,-0.1,-1.0,-0.1
3,NONE,-1.0,-0.1,-1.0,-0.1
3,NONE,-1.0,-0.1,-1.0,-0.1
3,NONE,-1.0,-0.1,-1.0,-0.1
3,NONE,-1.0,-0.1,-1.0,-0.1
3,NONE,-1.0,-0.1,-1.0,-0.1
3,NONE,-1.0,-0.1,-1.0,-0.1
3,NONE,-1.0,-0.1,-1.0,-0.1
3,NONE,-1.0,-0.1,-1.0,-0.1
3,NONE,-1.0,-0.1,-1.0,-0.1
3,NONE,-1.0,-0.1,-1.0,-0.1
3,NONE,-1.0,-0.1,-1.0,-0.1
3,NONE,-1.0,-0.1,-1.0,-0.1
3,NONE,-1.0,-0.1,-1.0,-0.1
3,NONE,-1.0,-0.1,-1.0,-0.1
3,NONE,-1.0,-0.1,-1.0,-0.1
2,EV_B13_C008_Mototaxi_Electrica_P09,-1.0,-0.1,8.0,27.342042644809148
1,EV_B13_C008_Mototaxi_Electrica_P09,6.0,85.9412285546803,-1.0,27.342042644809148
1,EV_B13_C008_Mototaxi_Electrica_P09,5.0,85.9412285546803,-1.0,27.342042644809148
1,EV_B13_C008_Mototaxi_Electrica_P09,4.0,85.9412285546803,-1.0,27.342042644809148
1,EV_B13_C008_Mototaxi_Electrica_P09,3.0,85.9412285546803,-1.0,27.342042644809148
1,EV_B13_C008_Mototaxi_Electrica_P09,2.0,85.9412285546803,-1.0,27.342042644809148
1,EV_B13_C008_Mototaxi_Electrica_P09,1.0,85.9412285546803,-1.0,27.342042644809148
1,EV_B13_C008_Mototaxi_Electrica_P09,0.0,85.9412285546803,-1.0,27.342042644809148
3,NONE,-1.0,-0.1,-1.0,-0.1
3,NONE,-1.0,-0.1,-1.0,-0.1
3,NONE,-1.0,-0.1,-1.0,-0.1
3,NONE,-1.0,-0.1,-1.0,-0.1
3,NONE,-1.0,-0.1,-1.0,-0.1
3,NONE,-1.0,-0.1,-1.0,-0.1
3,NONE,-1.0,-0.1,-1.0,-0.1
3,NONE,-1.0,-0.1,-1.0,-0.1
3,NONE,-1.0,-0.1,-1.0,-0.1
3,NONE,-1.0,-0.1,-1.0,-0.1
3,NONE,-1.0,-0.1,-1.0,-0.1
3,NONE,-1.0,-0.1,-1.0,-0.1
3,NONE,-1.0,-0.1,-1.0,-0.1
3,NONE,-1.0,-0.1,-1.0,-0.1
3,NONE,-1.0,-0.1,-1.0,-0.1
2,EV_B13_C008_Mototaxi_Electrica_P10,-1.0,-0.1,7.0,36.933688426448164
1,EV_B13_C008_Mototaxi_Electrica_P10,7.0,71.41673204082932,-1.0,36.933688426448164
1,EV_B13_C008_Mototaxi_Electrica_P10,6.0,71.41673204082932,-1.0,36.933688426448164
1,EV_B13_C008_Mototaxi_Electrica_P10,5.0,71.41673204082932,-1.0,36.933688426448164
1,EV_B13_C008_Mototaxi_Electrica_P10,4.0,71.41673204082932,-1.0,36.933688426448164
1,EV_B13_C008_Mototaxi_Electrica_P10,3.0,71.41673204082932,-1.0,36.933688426448164
1,EV_B13_C008_Mototaxi_Electrica_P10,2.0,71.41673204082932,-1.0,36.933688426448164
1,EV_B13_C008_Mototaxi_Electrica_P10,1.0,71.41673204082932,-1.0,36.933688426448164
1,EV_B13_C008_Mototaxi_Electrica_P10,0.0,71.41673204082932,-1.0,36.933688426448164
3,NONE,-1.0,-0.1,-1.0,-0.1
3,NONE,-1.0,-0.1,-1.0,-0.1
3,NONE,-1.0,-0.1,-1.0,-0.1
3,NONE,-1.0,-0.1,-1.0,-0.1
3,NONE,-1.0,-0.1,-1.0,-0.1
3,NONE,-1.0,-0.1,-1.0,-0.1
3,NONE,-1.0,-0.1,-1.0,-0.1
3,NONE,-1.0,-0.1,-1.0,-0.1
3,NONE,-1.0,-0.1,-1.0,-0.1
3,NONE,-1.0,-0.1,-1.0,-0.1
3,NONE,-1.0,-0.1,-1.0,-0.1
3,NONE,-1.0,-0.1,-1.0,-0.1
3,NONE,-1.0,-0.1,-1.0,-0.1
3,NONE,-1.0,-0.1,-1.0,-0.1
3,NONE,-1.0,-0.1,-1.0,-0.1
3,NONE,-1.0,-0.1,-1.0,-0.1
3,NONE,-1.0,-0.1,-1.0,-0.1
2,EV_B13_C008_Mototaxi_Electrica_P01,-1.0,-0.1,9.0,30.447476618344055
1,EV_B13_C008_Mototaxi_Electrica_P01,5.0,83.10054246734276,-1.0,30.447476618344055
1,EV_B13_C008_Mototaxi_Electrica_P01,4.0,83.10054246734276,-1.0,30.447476618344055
1,EV_B13_C008_Mototaxi_Electrica_P01,3.0,83.10054246734276,-1.0,30.447476618344055
1,EV_B13_C008_Mototaxi_Electrica_P01,2.0,83.10054246734276,-1.0,30.447476618344055
1,EV_B13_C008_Mototaxi_Electrica_P01,1.0,83.10054246734276,-1.0,30.447476618344055
1,EV_B13_C008_Mototaxi_Electrica_P01,0.0,83.10054246734276,-1.0,30.447476618344055
3,NONE,-1.0,-0.1,-1.0,-0.1
3,NONE,-1.0,-0.1,-1.0,-0.1
3,NONE,-1.0,-0.1,-1.0,-0.1
3,NONE,-1.0,-0.1,-1.0,-0.1
3,NONE,-1.0,-0.1,-1.0,-0.1
3,NONE,-1.0,-0.1,-1.0,-0.1
3,NONE,-1.0,-0.1,-1.0,-0.1
3,NONE,-1.0,-0.1,-1.0,-0.1
3,NONE,-1.0,-0.1,-1.0,-0.1
3,NONE,-1.0,-0.1,-1.0,-0.1
3,NONE,-1.0,-0.1,-1.0,-0.1
3,NONE,-1.0,-0.1,-1.0,-0.1
3,NONE,-1.0,-0.1,-1.0,-0.1
3,NONE,-1.0,-0.1,-1.0,-0.1
3,NONE,-1.0,-0.1,-1.0,-0.1
3,NONE,-1.0,-0.1,-1.0,-0.1
2,EV_B13_C008_Mototaxi_Electrica_P02,-1.0,-0.1,8.0,48.27142387429228
1,EV_B13_C008_Mototaxi_Electrica_P02,6.0,83.44636485374917,-1.0,48.27142387429228
1,EV_B13_C008_Mototaxi_Electrica_P02,5.0,83.44636485374917,-1.0,48.27142387429228
1,EV_B13_C008_Mototaxi_Electrica_P02,4.0,83.44636485374917,-1.0,48.27142387429228
1,EV_B13_C008_Mototaxi_Electrica_P02,3.0,83.44636485374917,-1.0,48.27142387429228
1,EV_B13_C008_Mototaxi_Electrica_P02,2.0,83.44636485374917,-1.0,48.27142387429228
1,EV_B13_C008_Mototaxi_Electrica_P02,1.0,83.44636485374917,-1.0,48.27142387429228
1,EV_B13_C008_Mototaxi_Electrica_P02,0.0,83.44636485374917,-1.0,48.27142387429228
3,NONE,-1.0,-0.1,-1.0,-0.1
3,NONE,-1.0,-0.1,-1.0,-0.1
3,NONE,-1.0,-0.1,-1.0,-0.1
3,NONE,-1.0,-0.1,-1.0,-0.1
3,NONE,-1.0,-0.1,-1.0,-0.1
3,NONE,-1.0,-0.1,-1.0,-0.1
3,NONE,-1.0,-0.1,-1.0,-0.1
3,NONE,-1.0,-0.1,-1.0,-0.1
3,NONE,-1.0,-0.1,-1.0,-0.1
3,NONE,-1.0,-0.1,-1.0,-0.1
3,NONE,-1.0,-0.1,-1.0,-0.1
3,NONE,-1.0,-0.1,-1.0,-0.1
3,NONE,-1.0,-0.1,-1.0,-0.1
3,NONE,-1.0,-0.1,-1.0,-0.1
3,NONE,-1.0,-0.1,-1.0,-0.1
3,NONE,-1.0,-0.1,-1.0,-0.1
3,NONE,-1.0,-0.1,-1.0,-0.1
3,NONE,-1.0,-0.1,-1.0,-0.1
3,NONE,-1.0,-0.1,-1.0,-0.1
3,NONE,-1.0,-0.1,-1.0,-0.1
3,NONE,-1.0,-0.1,-1.0,-0.1
3,NONE,-1.0,-0.1,-1.0,-0.1
3,NONE,-1.0,-0.1,-1.0,-0.1
3,NONE,-1.0,-0.1,-1.0,-0.1
3,NONE,-1.0,-0.1,-1.0,-0.1
3,NONE,-1.0,-0.1,-1.0,-0.1
3,NONE,-1.0,-0.1,-1.0,-0.1
3,NONE,-1.0,-0.1,-1.0,-0.1
3,NONE,-1.0,-0.1,-1.0,-0.1
3,NONE,-1.0,-0.1,-1.0,-0.1
3,NONE,-1.0,-0.1,-1.0,-0.1
3,NONE,-1.0,-0.1,-1.0,-0.1
3,NONE,-1.0,-0.1,-1.0,-0.1
3,NONE,-1.0,-0.1,-1.0,-0.1
3,NONE,-1.0,-0.1,-1.0,-0.1
3,NONE,-1.0,-0.1,-1.0,-0.1
3,NONE,-1.0,-0.1,-1.0,-0.1
3,NONE,-1.0,-0.1,-1.0,-0.1
3,NONE,-1.0,-0.1,-1.0,-0.1
3,NONE,-1.0,-0.1,-1.0,-0.1
3,NONE,-1.0,-0.1,-1.0,-0.1
3,NONE,-1.0,-0.1,-1.0,-0.1
3,NONE,-1.0,-0.1,-1.0,-0.1
3,NONE,-1.0,-0.1,-1.0,-0.1
3,NONE,-1.0,-0.1,-1.0,-0.1
3,NONE,-1.0,-0.1,-1.0,-0.1
3,NONE,-1.0,-0.1,-1.0,-0.1
3,NONE,-1.0,-0.1,-1.0,-0.1
3,NONE,-1.0,-0.1,-1.0,-0.1
3,NONE,-1.0,-0.1,-1.0,-0.1
3,NONE,-1.0,-0.1,-1.0,-0.1
3,NONE,-1.0,-0.1,-1.0,-0.1
3,NONE,-1.0,-0.1,-1.0,-0.1
3,NONE,-1.0,-0.1,-1.0,-0.1
3,NONE,-1.0,-0.1,-1.0,-0.1
3,NONE,-1.0,-0.1,-1.0,-0.1
3,NONE,-1.0,-0.1,-1.0,-0.1
3,NONE,-1.0,-0.1,-1.0,-0.1
3,NONE,-1.0,-0.1,-1.0,-0.1
3,NONE,-1.0,-0.1,-1.0,-0.1
3,NONE,-1.0,-0.1,-1.0,-0.1
3,NONE,-1.0,-0.1,-1.0,-0.1
3,NONE,-1.0,-0.1,-1.0,-0.1
3,NONE,-1.0,-0.1,-1.0,-0.1
3,NONE,-1.0,-0.1,-1.0,-0.1
3,NONE,-1.0,-0.1,-1.0,-0.1
3,NONE,-1.0,-0.1,-1.0,-0.1
3,NONE,-1.0,-0.1,-1.0,-0.1
3,NONE,-1.0,-0.1,-1.0,-0.1
3,NONE,-1.0,-0.1,-1.0,-0.1
3,NONE,-1.0,-0.1,-1.0,-0.1
3,NONE,-1.0,-0.1,-1.0,-0.1
3,NONE,-1.0,-0.1,-1.0,-0.1
3,NONE,-1.0,-0.1,-1.0,-0.1
3,NONE,-1.0,-0.1,-1.0,-0.1
3,NONE,-1.0,-0.1,-1.0,-0.1
3,NONE,-1.0,-0.1,-1.0,-0.1
3,NONE,-1.0,-0.1,-1.0,-0.1
3,NONE,-1.0,-0.1,-1.0,-0.1
3,NONE,-1.0,-0.1,-1.0,-0.1
3,NONE,-1.0,-0.1,-1.0,-0.1
3,NONE,-1.0,-0.1,-1.0,-0.1
3,NONE,-1.0,-0.1,-1.0,-0.1
3,NONE,-1.0,-0.1,-1.0,-0.1
3,NONE,-1.0,-0.1,-1.0,-0.1
3,NONE,-1.0,-0.1,-1.0,-0.1
3,NONE,-1.0,-0.1,-1.0,-0.1
3,NONE,-1.0,-0.1,-1.0,-0.1
3,NONE,-1.0,-0.1,-1.0,-0.1
3,NONE,-1.0,-0.1,-1.0,-0.1
3,NONE,-1.0,-0.1,-1.0,-0.1
3,NONE,-1.0,-0.1,-1.0,-0.1
3,NONE,-1.0,-0.1,-1.0,-0.1
3,NONE,-1.0,-0.1,-1.0,-0.1
3,NONE,-1.0,-0.1,-1.0,-0.1
3,NONE,-1.0,-0.1,-1.0,-0.1
3,NONE,-1.0,-0.1,-1.0,-0.1
3,NONE,-1.0,-0.1,-1.0,-0.1
3,NONE,-1.0,-0.1,-1.0,-0.1
3,NONE,-1.0,-0.1,-1.0,-0.1
3,NONE,-1.0,-0.1,-1.0,-0.1
3,NONE,-1.0,-0.1,-1.0,-0.1
3,NONE,-1.0,-0.1,-1.0,-0.1
3,NONE,-1.0,-0.1,-1.0,-0.1
3,NONE,-1.0,-0.1,-1.0,-0.1
3,NONE,-1.0,-0.1,-1.0,-0.1
3,NONE,-1.0,-0.1,-1.0,-0.1
3,NONE,-1.0,-0.1,-1.0,-0.1
3,NONE,-1.0,-0.1,-1.0,-0.1
3,NONE,-1.0,-0.1,-1.0,-0.1
3,NONE,-1.0,-0.1,-1.0,-0.1
3,NONE,-1.0,-0.1,-1.0,-0.1
3,NONE,-1.0,-0.1,-1.0,-0.1
2,EV_B13_C008_Mototaxi_Electrica_P03,-1.0,-0.1,9.0,11.829166065571286
1,EV_B13_C008_Mototaxi_Electrica_P03,5.0,76.70103272510367,-1.0,11.829166065571286
1,EV_B13_C008_Mototaxi_Electrica_P03,4.0,76.70103272510367,-1.0,11.829166065571286
1,EV_B13_C008_Mototaxi_Electrica_P03,3.0,76.70103272510367,-1.0,11.829166065571286
1,EV_B13_C008_Mototaxi_Electrica_P03,2.0,76.70103272510367,-1.0,11.829166065571286
1,EV_B13_C008_Mototaxi_Electrica_P03,1.0,76.70103272510367,-1.0,11.829166065571286
1,EV_B13_C008_Mototaxi_Electrica_P03,0.0,76.70103272510367,-1.0,11.829166065571286
3,NONE,-1.0,-0.1,-1.0,-0.1
3,NONE,-1.0,-0.1,-1.0,-0.1
3,NONE,-1.0,-0.1,-1.0,-0.1
3,NONE,-1.0,-0.1,-1.0,-0.1
3,NONE,-1.0,-0.1,-1.0,-0.1
3,NONE,-1.0,-0.1,-1.0,-0.1
3,NONE,-1.0,-0.1,-1.0,-0.1
3,NONE,-1.0,-0.1,-1.0,-0.1
3,NONE,-1.0,-0.1,-1.0,-0.1
3,NONE,-1.0,-0.1,-1.0,-0.1
3,NONE,-1.0,-0.1,-1.0,-0.1
3,NONE,-1.0,-0.1,-1.0,-0.1
3,NONE,-1.0,-0.1,-1.0,-0.1
3,NONE,-1.0,-0.1,-1.0,-0.1
3,NONE,-1.0,-0.1,-1.0,-0.1
3,NONE,-1.0,-0.1,-1.0,-0.1
2,EV_B13_C008_Mototaxi_Electrica_P04,-1.0,-0.1,8.0,39.41556234001419
1,EV_B13_C008_Mototaxi_Electrica_P04,6.0,78.74973440369078,-1.0,39.41556234001419
1,EV_B13_C008_Mototaxi_Electrica_P04,5.0,78.74973440369078,-1.0,39.41556234001419
1,EV_B13_C008_Mototaxi_Electrica_P04,4.0,78.74973440369078,-1.0,39.41556234001419
1,EV_B13_C008_Mototaxi_Electrica_P04,3.0,78.74973440369078,-1.0,39.41556234001419
1,EV_B13_C008_Mototaxi_Electrica_P04,2.0,78.74973440369078,-1.0,39.41556234001419
1,EV_B13_C008_Mototaxi_Electrica_P04,1.0,78.74973440369078,-1.0,39.41556234001419
1,EV_B13_C008_Mototaxi_Electrica_P04,0.0,78.74973440369078,-1.0,39.41556234001419
3,NONE,-1.0,-0.1,-1.0,-0.1
3,NONE,-1.0,-0.1,-1.0,-0.1
3,NONE,-1.0,-0.1,-1.0,-0.1
3,NONE,-1.0,-0.1,-1.0,-0.1
3,NONE,-1.0,-0.1,-1.0,-0.1
3,NONE,-1.0,-0.1,-1.0,-0.1
3,NONE,-1.0,-0.1,-1.0,-0.1
3,NONE,-1.0,-0.1,-1.0,-0.1
3,NONE,-1.0,-0.1,-1.0,-0.1
3,NONE,-1.0,-0.1,-1.0,-0.1
3,NONE,-1.0,-0.1,-1.0,-0.1
3,NONE,-1.0,-0.1,-1.0,-0.1
3,NONE,-1.0,-0.1,-1.0,-0.1
3,NONE,-1.0,-0.1,-1.0,-0.1
3,NONE,-1.0,-0.1,-1.0,-0.1
2,EV_B13_C008_Mototaxi_Electrica_P05,-1.0,-0.1,7.0,48.33567284478203
1,EV_B13_C008_Mototaxi_Electrica_P05,7.0,75.36222077559505,-1.0,48.33567284478203
1,EV_B13_C008_Mototaxi_Electrica_P05,6.0,75.36222077559505,-1.0,48.33567284478203
1,EV_B13_C008_Mototaxi_Electrica_P05,5.0,75.36222077559505,-1.0,48.33567284478203
1,EV_B13_C008_Mototaxi_Electrica_P05,4.0,75.36222077559505,-1.0,48.33567284478203
1,EV_B13_C008_Mototaxi_Electrica_P05,3.0,75.36222077559505,-1.0,48.33567284478203
1,EV_B13_C008_Mototaxi_Electrica_P05,2.0,75.36222077559505,-1.0,48.33567284478203
1,EV_B13_C008_Mototaxi_Electrica_P05,1.0,75.36222077559505,-1.0,48.33567284478203
1,EV_B13_C008_Mototaxi_Electrica_P05,0.0,75.36222077559505,-1.0,48.33567284478203
3,NONE,-1.0,-0.1,-1.0,-0.1
3,NONE,-1.0,-0.1,-1.0,-0.1
3,NONE,-1.0,-0.1,-1.0,-0.1
3,NONE,-1.0,-0.1,-1.0,-0.1
3,NONE,-1.0,-0.1,-1.0,-0.1
3,NONE,-1.0,-0.1,-1.0,-0.1
3,NONE,-1.0,-0.1,-1.0,-0.1
3,NONE,-1.0,-0.1,-1.0,-0.1
3,NONE,-1.0,-0.1,-1.0,-0.1
3,NONE,-1.0,-0.1,-1.0,-0.1
3,NONE,-1.0,-0.1,-1.0,-0.1
3,NONE,-1.0,-0.1,-1.0,-0.1
3,NONE,-1.0,-0.1,-1.0,-0.1
3,NONE,-1.0,-0.1,-1.0,-0.1
3,NONE,-1.0,-0.1,-1.0,-0.1
3,NONE,-1.0,-0.1,-1.0,-0.1
2,EV_B13_C008_Mototaxi_Electrica_P06,-1.0,-0.1,8.0,19.27640359757254
1,EV_B13_C008_Mototaxi_Electrica_P06,6.0,82.03477647385071,-1.0,19.27640359757254
1,EV_B13_C008_Mototaxi_Electrica_P06,5.0,82.03477647385071,-1.0,19.27640359757254
1,EV_B13_C008_Mototaxi_Electrica_P06,4.0,82.03477647385071,-1.0,19.27640359757254
1,EV_B13_C008_Mototaxi_Electrica_P06,3.0,82.03477647385071,-1.0,19.27640359757254
1,EV_B13_C008_Mototaxi_Electrica_P06,2.0,82.03477647385071,-1.0,19.27640359757254
1,EV_B13_C008_Mototaxi_Electrica_P06,1.0,82.03477647385071,-1.0,19.27640359757254
1,EV_B13_C008_Mototaxi_Electrica_P06,0.0,82.03477647385071,-1.0,19.27640359757254
3,NONE,-1.0,-0.1,-1.0,-0.1
3,NONE,-1.0,-0.1,-1.0,-0.1
3,NONE,-1.0,-0.1,-1.0,-0.1
3,NONE,-1.0,-0.1,-1.0,-0.1
3,NONE,-1.0,-0.1,-1.0,-0.1
3,NONE,-1.0,-0.1,-1.0,-0.1
3,NONE,-1.0,-0.1,-1.0,-0.1
3,NONE,-1.0,-0.1,-1.0,-0.1
3,NONE,-1.0,-0.1,-1.0,-0.1
3,NONE,-1.0,-0.1,-1.0,-0.1
3,NONE,-1.0,-0.1,-1.0,-0.1
3,NONE,-1.0,-0.1,-1.0,-0.1
3,NONE,-1.0,-0.1,-1.0,-0.1
3,NONE,-1.0,-0.1,-1.0,-0.1
3,NONE,-1.0,-0.1,-1.0,-0.1
3,NONE,-1.0,-0.1,-1.0,-0.1
3,NONE,-1.0,-0.1,-1.0,-0.1
3,NONE,-1.0,-0.1,-1.0,-0.1
3,NONE,-1.0,-0.1,-1.0,-0.1
3,NONE,-1.0,-0.1,-1.0,-0.1
3,NONE,-1.0,-0.1,-1.0,-0.1
3,NONE,-1.0,-0.1,-1.0,-0.1
3,NONE,-1.0,-0.1,-1.0,-0.1
3,NONE,-1.0,-0.1,-1.0,-0.1
3,NONE,-1.0,-0.1,-1.0,-0.1
3,NONE,-1.0,-0.1,-1.0,-0.1
3,NONE,-1.0,-0.1,-1.0,-0.1
3,NONE,-1.0,-0.1,-1.0,-0.1
3,NONE,-1.0,-0.1,-1.0,-0.1
3,NONE,-1.0,-0.1,-1.0,-0.1
3,NONE,-1.0,-0.1,-1.0,-0.1
3,NONE,-1.0,-0.1,-1.0,-0.1
3,NONE,-1.0,-0.1,-1.0,-0.1
3,NONE,-1.0,-0.1,-1.0,-0.1
3,NONE,-1.0,-0.1,-1.0,-0.1
3,NONE,-1.0,-0.1,-1.0,-0.1
3,NONE,-1.0,-0.1,-1.0,-0.1
3,NONE,-1.0,-0.1,-1.0,-0.1
3,NONE,-1.0,-0.1,-1.0,-0.1
3,NONE,-1.0,-0.1,-1.0,-0.1
3,NONE,-1.0,-0.1,-1.0,-0.1
3,NONE,-1.0,-0.1,-1.0,-0.1
3,NONE,-1.0,-0.1,-1.0,-0.1
3,NONE,-1.0,-0.1,-1.0,-0.1
3,NONE,-1.0,-0.1,-1.0,-0.1
3,NONE,-1.0,-0.1,-1.0,-0.1
3,NONE,-1.0,-0.1,-1.0,-0.1
3,NONE,-1.0,-0.1,-1.0,-0.1
3,NONE,-1.0,-0.1,-1.0,-0.1
3,NONE,-1.0,-0.1,-1.0,-0.1
3,NONE,-1.0,-0.1,-1.0,-0.1
3,NONE,-1.0,-0.1,-1.0,-0.1
3,NONE,-1.0,-0.1,-1.0,-0.1
3,NONE,-1.0,-0.1,-1.0,-0.1
3,NONE,-1.0,-0.1,-1.0,-0.1
3,NONE,-1.0,-0.1,-1.0,-0.1
3,NONE,-1.0,-0.1,-1.0,-0.1
3,NONE,-1.0,-0.1,-1.0,-0.1
3,NONE,-1.0,-0.1,-1.0,-0.1
3,NONE,-1.0,-0.1,-1.0,-0.1
3,NONE,-1.0,-0.1,-1.0,-0.1
3,NONE,-1.0,-0.1,-1.0,-0.1
3,NONE,-1.0,-0.1,-1.0,-0.1
3,NONE,-1.0,-0.1,-1.0,-0.1
3,NONE,-1.0,-0.1,-1.0,-0.1
3,NONE,-1.0,-0.1,-1.0,-0.1
3,NONE,-1.0,-0.1,-1.0,-0.1
3,NONE,-1.0,-0.1,-1.0,-0.1
3,NONE,-1.0,-0.1,-1.0,-0.1
3,NONE,-1.0,-0.1,-1.0,-0.1
3,NONE,-1.0,-0.1,-1.0,-0.1
3,NONE,-1.0,-0.1,-1.0,-0.1
3,NONE,-1.0,-0.1,-1.0,-0.1
3,NONE,-1.0,-0.1,-1.0,-0.1
3,NONE,-1.0,-0.1,-1.0,-0.1
3,NONE,-1.0,-0.1,-1.0,-0.1
3,NONE,-1.0,-0.1,-1.0,-0.1
3,NONE,-1.0,-0.1,-1.0,-0.1
3,NONE,-1.0,-0.1,-1.0,-0.1
3,NONE,-1.0,-0.1,-1.0,-0.1
3,NONE,-1.0,-0.1,-1.0,-0.1
3,NONE,-1.0,-0.1,-1.0,-0.1
3,NONE,-1.0,-0.1,-1.0,-0.1
3,NONE,-1.0,-0.1,-1.0,-0.1
3,NONE,-1.0,-0.1,-1.0,-0.1
3,NONE,-1.0,-0.1,-1.0,-0.1
3,NONE,-1.0,-0.1,-1.0,-0.1
3,NONE,-1.0,-0.1,-1.0,-0.1
2,EV_B13_C008_Mototaxi_Electrica_P07,-1.0,-0.1,8.0,29.88293566832302
1,EV_B13_C008_Mototaxi_Electrica_P07,6.0,77.54867870295247,-1.0,29.88293566832302
1,EV_B13_C008_Mototaxi_Electrica_P07,5.0,77.54867870295247,-1.0,29.88293566832302
1,EV_B13_C008_Mototaxi_Electrica_P07,4.0,77.54867870295247,-1.0,29.88293566832302
1,EV_B13_C008_Mototaxi_Electrica_P07,3.0,77.54867870295247,-1.0,29.88293566832302
1,EV_B13_C008_Mototaxi_Electrica_P07,2.0,77.54867870295247,-1.0,29.88293566832302
1,EV_B13_C008_Mototaxi_Electrica_P07,1.0,77.54867870295247,-1.0,29.88293566832302
1,EV_B13_C008_Mototaxi_Electrica_P07,0.0,77.54867870295247,-1.0,29.88293566832302
3,NONE,-1.0,-0.1,-1.0,-0.1
3,NONE,-1.0,-0.1,-1.0,-0.1
3,NONE,-1.0,-0.1,-1.0,-0.1
3,NONE,-1.0,-0.1,-1.0,-0.1
3,NONE,-1.0,-0.1,-1.0,-0.1
3,NONE,-1.0,-0.1,-1.0,-0.1
3,NONE,-1.0,-0.1,-1.0,-0.1
3,NONE,-1.0,-0.1,-1.0,-0.1
3,NONE,-1.0,-0.1,-1.0,-0.1
3,NONE,-1.0,-0.1,-1.0,-0.1
3,NONE,-1.0,-0.1,-1.0,-0.1
3,NONE,-1.0,-0.1,-1.0,-0.1
3,NONE,-1.0,-0.1,-1.0,-0.1
3,NONE,-1.0,-0.1,-1.0,-0.1
3,NONE,-1.0,-0.1,-1.0,-0.1
3,NONE,-1.0,-0.1,-1.0,-0.1
3,NONE,-1.0,-0.1,-1.0,-0.1
3,NONE,-1.0,-0.1,-1.0,-0.1
3,NONE,-1.0,-0.1,-1.0,-0.1
3,NONE,-1.0,-0.1,-1.0,-0.1
3,NONE,-1.0,-0.1,-1.0,-0.1
3,NONE,-1.0,-0.1,-1.0,-0.1
3,NONE,-1.0,-0.1,-1.0,-0.1
3,NONE,-1.0,-0.1,-1.0,-0.1
3,NONE,-1.0,-0.1,-1.0,-0.1
3,NONE,-1.0,-0.1,-1.0,-0.1
3,NONE,-1.0,-0.1,-1.0,-0.1
3,NONE,-1.0,-0.1,-1.0,-0.1
3,NONE,-1.0,-0.1,-1.0,-0.1
3,NONE,-1.0,-0.1,-1.0,-0.1
3,NONE,-1.0,-0.1,-1.0,-0.1
3,NONE,-1.0,-0.1,-1.0,-0.1
3,NONE,-1.0,-0.1,-1.0,-0.1
3,NONE,-1.0,-0.1,-1.0,-0.1
3,NONE,-1.0,-0.1,-1.0,-0.1
3,NONE,-1.0,-0.1,-1.0,-0.1
3,NONE,-1.0,-0.1,-1.0,-0.1
3,NONE,-1.0,-0.1,-1.0,-0.1
3,NONE,-1.0,-0.1,-1.0,-0.1
3,NONE,-1.0,-0.1,-1.0,-0.1
2,EV_B13_C008_Mototaxi_Electrica_P08,-1.0,-0.1,8.0,31.074444837094845
1,EV_B13_C008_Mototaxi_Electrica_P08,6.0,86.1724083190011,-1.0,31.074444837094845
1,EV_B13_C008_Mototaxi_Electrica_P08,5.0,86.1724083190011,-1.0,31.074444837094845
1,EV_B13_C008_Mototaxi_Electrica_P08,4.0,86.1724083190011,-1.0,31.074444837094845
1,EV_B13_C008_Mototaxi_Electrica_P08,3.0,86.1724083190011,-1.0,31.074444837094845
1,EV_B13_C008_Mototaxi_Electrica_P08,2.0,86.1724083190011,-1.0,31.074444837094845
1,EV_B13_C008_Mototaxi_Electrica_P08,1.0,86.1724083190011,-1.0,31.074444837094845
1,EV_B13_C008_Mototaxi_Electrica_P08,0.0,86.1724083190011,-1.0,31.074444837094845
3,NONE,-1.0,-0.1,-1.0,-0.1
3,NONE,-1.0,-0.1,-1.0,-0.1
3,NONE,-1.0,-0.1,-1.0,-0.1
3,NONE,-1.0,-0.1,-1.0,-0.1
3,NONE,-1.0,-0.1,-1.0,-0.1
3,NONE,-1.0,-0.1,-1.0,-0.1
3,NONE,-1.0,-0.1,-1.0,-0.1
3,NONE,-1.0,-0.1,-1.0,-0.1
3,NONE,-1.0,-0.1,-1.0,-0.1
3,NONE,-1.0,-0.1,-1.0,-0.1
3,NONE,-1.0,-0.1,-1.0,-0.1
3,NONE,-1.0,-0.1,-1.0,-0.1
3,NONE,-1.0,-0.1,-1.0,-0.1
3,NONE,-1.0,-0.1,-1.0,-0.1
3,NONE,-1.0,-0.1,-1.0,-0.1
3,NONE,-1.0,-0.1,-1.0,-0.1
3,NONE,-1.0,-0.1,-1.0,-0.1
3,NONE,-1.0,-0.1,-1.0,-0.1
3,NONE,-1.0,-0.1,-1.0,-0.1
3,NONE,-1.0,-0.1,-1.0,-0.1
3,NONE,-1.0,-0.1,-1.0,-0.1
3,NONE,-1.0,-0.1,-1.0,-0.1
3,NONE,-1.0,-0.1,-1.0,-0.1
3,NONE,-1.0,-0.1,-1.0,-0.1
3,NONE,-1.0,-0.1,-1.0,-0.1
3,NONE,-1.0,-0.1,-1.0,-0.1
3,NONE,-1.0,-0.1,-1.0,-0.1
3,NONE,-1.0,-0.1,-1.0,-0.1
3,NONE,-1.0,-0.1,-1.0,-0.1
3,NONE,-1.0,-0.1,-1.0,-0.1
3,NONE,-1.0,-0.1,-1.0,-0.1
3,NONE,-1.0,-0.1,-1.0,-0.1
3,NONE,-1.0,-0.1,-1.0,-0.1
3,NONE,-1.0,-0.1,-1.0,-0.1
3,NONE,-1.0,-0.1,-1.0,-0.1
3,NONE,-1.0,-0.1,-1.0,-0.1
3,NONE,-1.0,-0.1,-1.0,-0.1
3,NONE,-1.0,-0.1,-1.0,-0.1
3,NONE,-1.0,-0.1,-1.0,-0.1
3,NONE,-1.0,-0.1,-1.0,-0.1
3,NONE,-1.0,-0.1,-1.0,-0.1
3,NONE,-1.0,-0.1,-1.0,-0.1
3,NONE,-1.0,-0.1,-1.0,-0.1
3,NONE,-1.0,-0.1,-1.0,-0.1
3,NONE,-1.0,-0.1,-1.0,-0.1
3,NONE,-1.0,-0.1,-1.0,-0.1
3,NONE,-1.0,-0.1,-1.0,-0.1
3,NONE,-1.0,-0.1,-1.0,-0.1
3,NONE,-1.0,-0.1,-1.0,-0.1
3,NONE,-1.0,-0.1,-1.0,-0.1
3,NONE,-1.0,-0.1,-1.0,-0.1
3,NONE,-1.0,-0.1,-1.0,-0.1
3,NONE,-1.0,-0.1,-1.0,-0.1
3,NONE,-1.0,-0.1,-1.0,-0.1
3,NONE,-1.0,-0.1,-1.0,-0.1
3,NONE,-1.0,-0.1,-1.0,-0.1
3,NONE,-1.0,-0.1,-1.0,-0.1
3,NONE,-1.0,-0.1,-1.0,-0.1
3,NONE,-1.0,-0.1,-1.0,-0.1
3,NONE,-1.0,-0.1,-1.0,-0.1
3,NONE,-1.0,-0.1,-1.0,-0.1
3,NONE,-1.0,-0.1,-1.0,-0.1
3,NONE,-1.0,-0.1,-1.0,-0.1
3,NONE,-1.0,-0.1,-1.0,-0.1
3,NONE,-1.0,-0.1,-1.0,-0.1
3,NONE,-1.0,-0.1,-1.0,-0.1
3,NONE,-1.0,-0.1,-1.0,-0.1
3,NONE,-1.0,-0.1,-1.0,-0.1
3,NONE,-1.0,-0.1,-1.0,-0.1
3,NONE,-1.0,-0.1,-1.0,-0.1
3,NONE,-1.0,-0.1,-1.0,-0.1
3,NONE,-1.0,-0.1,-1.0,-0.1
3,NONE,-1.0,-0.1,-1.0,-0.1
3,NONE,-1.0,-0.1,-1.0,-0.1
3,NONE,-1.0,-0.1,-1.0,-0.1
3,NONE,-1.0,-0.1,-1.0,-0.1
3,NONE,-1.0,-0.1,-1.0,-0.1
3,NONE,-1.0,-0.1,-1.0,-0.1
3,NONE,-1.0,-0.1,-1.0,-0.1
3,NONE,-1.0,-0.1,-1.0,-0.1
3,NONE,-1.0,-0.1,-1.0,-0.1
3,NONE,-1.0,-0.1,-1.0,-0.1
3,NONE,-1.0,-0.1,-1.0,-0.1
3,NONE,-1.0,-0.1,-1.0,-0.1
3,NONE,-1.0,-0.1,-1.0,-0.1
3,NONE,-1.0,-0.1,-1.0,-0.1
3,NONE,-1.0,-0.1,-1.0,-0.1
2,EV_B13_C008_Mototaxi_Electrica_P09,-1.0,-0.1,7.0,41.10720521336337
1,EV_B13_C008_Mototaxi_Electrica_P09,7.0,71.10077507650448,-1.0,41.10720521336337
1,EV_B13_C008_Mototaxi_Electrica_P09,6.0,71.10077507650448,-1.0,41.10720521336337
1,EV_B13_C008_Mototaxi_Electrica_P09,5.0,71.10077507650448,-1.0,41.10720521336337
1,EV_B13_C008_Mototaxi_Electrica_P09,4.0,71.10077507650448,-1.0,41.10720521336337
1,EV_B13_C008_Mototaxi_Electrica_P09,3.0,71.10077507650448,-1.0,41.10720521336337
1,EV_B13_C008_Mototaxi_Electrica_P09,2.0,71.10077507650448,-1.0,41.10720521336337
1,EV_B13_C008_Mototaxi_Electrica_P09,1.0,71.10077507650448,-1.0,41.10720521336337
1,EV_B13_C008_Mototaxi_Electrica_P09,0.0,71.10077507650448,-1.0,41.10720521336337
3,NONE,-1.0,-0.1,-1.0,-0.1
3,NONE,-1.0,-0.1,-1.0,-0.1
3,NONE,-1.0,-0.1,-1.0,-0.1
3,NONE,-1.0,-0.1,-1.0,-0.1
3,NONE,-1.0,-0.1,-1.0,-0.1
3,NONE,-1.0,-0.1,-1.0,-0.1
3,NONE,-1.0,-0.1,-1.0,-0.1
3,NONE,-1.0,-0.1,-1.0,-0.1
3,NONE,-1.0,-0.1,-1.0,-0.1
3,NONE,-1.0,-0.1,-1.0,-0.1
3,NONE,-1.0,-0.1,-1.0,-0.1
3,NONE,-1.0,-0.1,-1.0,-0.1
3,NONE,-1.0,-0.1,-1.0,-0.1
3,NONE,-1.0,-0.1,-1.0,-0.1
3,NONE,-1.0,-0.1,-1.0,-0.1
2,EV_B13_C008_Mototaxi_Electrica_P10,-1.0,-0.1,7.0,35.100763849955385
1,EV_B13_C008_Mototaxi_Electrica_P10,7.0,86.1361304424183,-1.0,35.100763849955385
1,EV_B13_C008_Mototaxi_Electrica_P10,6.0,86.1361304424183,-1.0,35.100763849955385
1,EV_B13_C008_Mototaxi_Electrica_P10,5.0,86.1361304424183,-1.0,35.100763849955385
1,EV_B13_C008_Mototaxi_Electrica_P10,4.0,86.1361304424183,-1.0,35.100763849955385
1,EV_B13_C008_Mototaxi_Electrica_P10,3.0,86.1361304424183,-1.0,35.100763849955385
1,EV_B13_C008_Mototaxi_Electrica_P10,2.0,86.1361304424183,-1.0,35.100763849955385
1,EV_B13_C008_Mototaxi_Electrica_P10,1.0,86.1361304424183,-1.0,35.100763849955385
1,EV_B13_C008_Mototaxi_Electrica_P10,0.0,86.1361304424183,-1.0,35.100763849955385
3,NONE,-1.0,-0.1,-1.0,-0.1
3,NONE,-1.0,-0.1,-1.0,-0.1
3,NONE,-1.0,-0.1,-1.0,-0.1
3,NONE,-1.0,-0.1,-1.0,-0.1
3,NONE,-1.0,-0.1,-1.0,-0.1
3,NONE,-1.0,-0.1,-1.0,-0.1
3,NONE,-1.0,-0.1,-1.0,-0.1
3,NONE,-1.0,-0.1,-1.0,-0.1
3,NONE,-1.0,-0.1,-1.0,-0.1
3,NONE,-1.0,-0.1,-1.0,-0.1
3,NONE,-1.0,-0.1,-1.0,-0.1
3,NONE,-1.0,-0.1,-1.0,-0.1
3,NONE,-1.0,-0.1,-1.0,-0.1
3,NONE,-1.0,-0.1,-1.0,-0.1
3,NONE,-1.0,-0.1,-1.0,-0.1
3,NONE,-1.0,-0.1,-1.0,-0.1
2,EV_B13_C008_Mototaxi_Electrica_P01,-1.0,-0.1,8.0,24.669169200441345
1,EV_B13_C008_Mototaxi_Electrica_P01,6.0,82.8254726586542,-1.0,24.669169200441345
1,EV_B13_C008_Mototaxi_Electrica_P01,5.0,82.8254726586542,-1.0,24.669169200441345
1,EV_B13_C008_Mototaxi_Electrica_P01,4.0,82.8254726586542,-1.0,24.669169200441345
1,EV_B13_C008_Mototaxi_Electrica_P01,3.0,82.8254726586542,-1.0,24.669169200441345
1,EV_B13_C008_Mototaxi_Electrica_P01,2.0,82.8254726586542,-1.0,24.669169200441345
1,EV_B13_C008_Mototaxi_Electrica_P01,1.0,82.8254726586542,-1.0,24.669169200441345
1,EV_B13_C008_Mototaxi_Electrica_P01,0.0,82.8254726586542,-1.0,24.669169200441345
3,NONE,-1.0,-0.1,-1.0,-0.1
3,NONE,-1.0,-0.1,-1.0,-0.1
3,NONE,-1.0,-0.1,-1.0,-0.1
3,NONE,-1.0,-0.1,-1.0,-0.1
3,NONE,-1.0,-0.1,-1.0,-0.1
3,NONE,-1.0,-0.1,-1.0,-0.1
3,NONE,-1.0,-0.1,-1.0,-0.1
3,NONE,-1.0,-0.1,-1.0,-0.1
3,NONE,-1.0,-0.1,-1.0,-0.1
3,NONE,-1.0,-0.1,-1.0,-0.1
3,NONE,-1.0,-0.1,-1.0,-0.1
3,NONE,-1.0,-0.1,-1.0,-0.1
3,NONE,-1.0,-0.1,-1.0,-0.1
3,NONE,-1.0,-0.1,-1.0,-0.1
3,NONE,-1.0,-0.1,-1.0,-0.1
2,EV_B13_C008_Mototaxi_Electrica_P02,-1.0,-0.1,7.0,31.553106010349975
1,EV_B13_C008_Mototaxi_Electrica_P02,7.0,80.79656704347566,-1.0,31.553106010349975
1,EV_B13_C008_Mototaxi_Electrica_P02,6.0,80.79656704347566,-1.0,31.553106010349975
1,EV_B13_C008_Mototaxi_Electrica_P02,5.0,80.79656704347566,-1.0,31.553106010349975
1,EV_B13_C008_Mototaxi_Electrica_P02,4.0,80.79656704347566,-1.0,31.553106010349975
1,EV_B13_C008_Mototaxi_Electrica_P02,3.0,80.79656704347566,-1.0,31.553106010349975
1,EV_B13_C008_Mototaxi_Electrica_P02,2.0,80.79656704347566,-1.0,31.553106010349975
1,EV_B13_C008_Mototaxi_Electrica_P02,1.0,80.79656704347566,-1.0,31.553106010349975
1,EV_B13_C008_Mototaxi_Electrica_P02,0.0,80.79656704347566,-1.0,31.553106010349975
3,NONE,-1.0,-0.1,-1.0,-0.1
3,NONE,-1.0,-0.1,-1.0,-0.1
3,NONE,-1.0,-0.1,-1.0,-0.1
3,NONE,-1.0,-0.1,-1.0,-0.1
3,NONE,-1.0,-0.1,-1.0,-0.1
3,NONE,-1.0,-0.1,-1.0,-0.1
3,NONE,-1.0,-0.1,-1.0,-0.1
3,NONE,-1.0,-0.1,-1.0,-0.1
3,NONE,-1.0,-0.1,-1.0,-0.1
3,NONE,-1.0,-0.1,-1.0,-0.1
3,NONE,-1.0,-0.1,-1.0,-0.1
3,NONE,-1.0,-0.1,-1.0,-0.1
3,NONE,-1.0,-0.1,-1.0,-0.1
3,NONE,-1.0,-0.1,-1.0,-0.1
3,NONE,-1.0,-0.1,-1.0,-0.1
3,NONE,-1.0,-0.1,-1.0,-0.1
3,NONE,-1.0,-0.1,-1.0,-0.1
3,NONE,-1.0,-0.1,-1.0,-0.1
3,NONE,-1.0,-0.1,-1.0,-0.1
3,NONE,-1.0,-0.1,-1.0,-0.1
3,NONE,-1.0,-0.1,-1.0,-0.1
3,NONE,-1.0,-0.1,-1.0,-0.1
3,NONE,-1.0,-0.1,-1.0,-0.1
3,NONE,-1.0,-0.1,-1.0,-0.1
3,NONE,-1.0,-0.1,-1.0,-0.1
3,NONE,-1.0,-0.1,-1.0,-0.1
3,NONE,-1.0,-0.1,-1.0,-0.1
3,NONE,-1.0,-0.1,-1.0,-0.1
3,NONE,-1.0,-0.1,-1.0,-0.1
3,NONE,-1.0,-0.1,-1.0,-0.1
3,NONE,-1.0,-0.1,-1.0,-0.1
3,NONE,-1.0,-0.1,-1.0,-0.1
3,NONE,-1.0,-0.1,-1.0,-0.1
3,NONE,-1.0,-0.1,-1.0,-0.1
3,NONE,-1.0,-0.1,-1.0,-0.1
3,NONE,-1.0,-0.1,-1.0,-0.1
3,NONE,-1.0,-0.1,-1.0,-0.1
3,NONE,-1.0,-0.1,-1.0,-0.1
3,NONE,-1.0,-0.1,-1.0,-0.1
3,NONE,-1.0,-0.1,-1.0,-0.1
3,NONE,-1.0,-0.1,-1.0,-0.1
3,NONE,-1.0,-0.1,-1.0,-0.1
3,NONE,-1.0,-0.1,-1.0,-0.1
3,NONE,-1.0,-0.1,-1.0,-0.1
3,NONE,-1.0,-0.1,-1.0,-0.1
3,NONE,-1.0,-0.1,-1.0,-0.1
3,NONE,-1.0,-0.1,-1.0,-0.1
3,NONE,-1.0,-0.1,-1.0,-0.1
3,NONE,-1.0,-0.1,-1.0,-0.1
3,NONE,-1.0,-0.1,-1.0,-0.1
3,NONE,-1.0,-0.1,-1.0,-0.1
3,NONE,-1.0,-0.1,-1.0,-0.1
3,NONE,-1.0,-0.1,-1.0,-0.1
3,NONE,-1.0,-0.1,-1.0,-0.1
3,NONE,-1.0,-0.1,-1.0,-0.1
3,NONE,-1.0,-0.1,-1.0,-0.1
3,NONE,-1.0,-0.1,-1.0,-0.1
3,NONE,-1.0,-0.1,-1.0,-0.1
3,NONE,-1.0,-0.1,-1.0,-0.1
3,NONE,-1.0,-0.1,-1.0,-0.1
3,NONE,-1.0,-0.1,-1.0,-0.1
3,NONE,-1.0,-0.1,-1.0,-0.1
3,NONE,-1.0,-0.1,-1.0,-0.1
3,NONE,-1.0,-0.1,-1.0,-0.1
3,NONE,-1.0,-0.1,-1.0,-0.1
3,NONE,-1.0,-0.1,-1.0,-0.1
3,NONE,-1.0,-0.1,-1.0,-0.1
3,NONE,-1.0,-0.1,-1.0,-0.1
3,NONE,-1.0,-0.1,-1.0,-0.1
3,NONE,-1.0,-0.1,-1.0,-0.1
3,NONE,-1.0,-0.1,-1.0,-0.1
3,NONE,-1.0,-0.1,-1.0,-0.1
3,NONE,-1.0,-0.1,-1.0,-0.1
3,NONE,-1.0,-0.1,-1.0,-0.1
3,NONE,-1.0,-0.1,-1.0,-0.1
3,NONE,-1.0,-0.1,-1.0,-0.1
3,NONE,-1.0,-0.1,-1.0,-0.1
3,NONE,-1.0,-0.1,-1.0,-0.1
3,NONE,-1.0,-0.1,-1.0,-0.1
3,NONE,-1.0,-0.1,-1.0,-0.1
3,NONE,-1.0,-0.1,-1.0,-0.1
3,NONE,-1.0,-0.1,-1.0,-0.1
3,NONE,-1.0,-0.1,-1.0,-0.1
3,NONE,-1.0,-0.1,-1.0,-0.1
3,NONE,-1.0,-0.1,-1.0,-0.1
3,NONE,-1.0,-0.1,-1.0,-0.1
3,NONE,-1.0,-0.1,-1.0,-0.1
2,EV_B13_C008_Mototaxi_Electrica_P03,-1.0,-0.1,7.0,36.98356102421225
1,EV_B13_C008_Mototaxi_Electrica_P03,7.0,91.16669145678428,-1.0,36.98356102421225
1,EV_B13_C008_Mototaxi_Electrica_P03,6.0,91.16669145678428,-1.0,36.98356102421225
1,EV_B13_C008_Mototaxi_Electrica_P03,5.0,91.16669145678428,-1.0,36.98356102421225
1,EV_B13_C008_Mototaxi_Electrica_P03,4.0,91.16669145678428,-1.0,36.98356102421225
1,EV_B13_C008_Mototaxi_Electrica_P03,3.0,91.16669145678428,-1.0,36.98356102421225
1,EV_B13_C008_Mototaxi_Electrica_P03,2.0,91.16669145678428,-1.0,36.98356102421225
1,EV_B13_C008_Mototaxi_Electrica_P03,1.0,91.16669145678428,-1.0,36.98356102421225
1,EV_B13_C008_Mototaxi_Electrica_P03,0.0,91.16669145678428,-1.0,36.98356102421225
3,NONE,-1.0,-0.1,-1.0,-0.1
3,NONE,-1.0,-0.1,-1.0,-0.1
3,NONE,-1.0,-0.1,-1.0,-0.1
3,NONE,-1.0,-0.1,-1.0,-0.1
3,NONE,-1.0,-0.1,-1.0,-0.1
3,NONE,-1.0,-0.1,-1.0,-0.1
3,NONE,-1.0,-0.1,-1.0,-0.1
3,NONE,-1.0,-0.1,-1.0,-0.1
3,NONE,-1.0,-0.1,-1.0,-0.1
3,NONE,-1.0,-0.1,-1.0,-0.1
3,NONE,-1.0,-0.1,-1.0,-0.1
3,NONE,-1.0,-0.1,-1.0,-0.1
3,NONE,-1.0,-0.1,-1.0,-0.1
3,NONE,-1.0,-0.1,-1.0,-0.1
3,NONE,-1.0,-0.1,-1.0,-0.1
3,NONE,-1.0,-0.1,-1.0,-0.1
3,NONE,-1.0,-0.1,-1.0,-0.1
3,NONE,-1.0,-0.1,-1.0,-0.1
3,NONE,-1.0,-0.1,-1.0,-0.1
3,NONE,-1.0,-0.1,-1.0,-0.1
3,NONE,-1.0,-0.1,-1.0,-0.1
3,NONE,-1.0,-0.1,-1.0,-0.1
3,NONE,-1.0,-0.1,-1.0,-0.1
3,NONE,-1.0,-0.1,-1.0,-0.1
3,NONE,-1.0,-0.1,-1.0,-0.1
3,NONE,-1.0,-0.1,-1.0,-0.1
3,NONE,-1.0,-0.1,-1.0,-0.1
3,NONE,-1.0,-0.1,-1.0,-0.1
3,NONE,-1.0,-0.1,-1.0,-0.1
3,NONE,-1.0,-0.1,-1.0,-0.1
3,NONE,-1.0,-0.1,-1.0,-0.1
3,NONE,-1.0,-0.1,-1.0,-0.1
3,NONE,-1.0,-0.1,-1.0,-0.1
3,NONE,-1.0,-0.1,-1.0,-0.1
3,NONE,-1.0,-0.1,-1.0,-0.1
3,NONE,-1.0,-0.1,-1.0,-0.1
3,NONE,-1.0,-0.1,-1.0,-0.1
3,NONE,-1.0,-0.1,-1.0,-0.1
3,NONE,-1.0,-0.1,-1.0,-0.1
3,NONE,-1.0,-0.1,-1.0,-0.1
3,NONE,-1.0,-0.1,-1.0,-0.1
3,NONE,-1.0,-0.1,-1.0,-0.1
3,NONE,-1.0,-0.1,-1.0,-0.1
3,NONE,-1.0,-0.1,-1.0,-0.1
3,NONE,-1.0,-0.1,-1.0,-0.1
3,NONE,-1.0,-0.1,-1.0,-0.1
3,NONE,-1.0,-0.1,-1.0,-0.1
3,NONE,-1.0,-0.1,-1.0,-0.1
3,NONE,-1.0,-0.1,-1.0,-0.1
3,NONE,-1.0,-0.1,-1.0,-0.1
3,NONE,-1.0,-0.1,-1.0,-0.1
3,NONE,-1.0,-0.1,-1.0,-0.1
3,NONE,-1.0,-0.1,-1.0,-0.1
3,NONE,-1.0,-0.1,-1.0,-0.1
3,NONE,-1.0,-0.1,-1.0,-0.1
3,NONE,-1.0,-0.1,-1.0,-0.1
3,NONE,-1.0,-0.1,-1.0,-0.1
3,NONE,-1.0,-0.1,-1.0,-0.1
3,NONE,-1.0,-0.1,-1.0,-0.1
3,NONE,-1.0,-0.1,-1.0,-0.1
3,NONE,-1.0,-0.1,-1.0,-0.1
3,NONE,-1.0,-0.1,-1.0,-0.1
3,NONE,-1.0,-0.1,-1.0,-0.1
3,NONE,-1.0,-0.1,-1.0,-0.1
2,EV_B13_C008_Mototaxi_Electrica_P04,-1.0,-0.1,8.0,17.384291091618266
1,EV_B13_C008_Mototaxi_Electrica_P04,6.0,84.94427418950418,-1.0,17.384291091618266
1,EV_B13_C008_Mototaxi_Electrica_P04,5.0,84.94427418950418,-1.0,17.384291091618266
1,EV_B13_C008_Mototaxi_Electrica_P04,4.0,84.94427418950418,-1.0,17.384291091618266
1,EV_B13_C008_Mototaxi_Electrica_P04,3.0,84.94427418950418,-1.0,17.384291091618266
1,EV_B13_C008_Mototaxi_Electrica_P04,2.0,84.94427418950418,-1.0,17.384291091618266
1,EV_B13_C008_Mototaxi_Electrica_P04,1.0,84.94427418950418,-1.0,17.384291091618266
1,EV_B13_C008_Mototaxi_Electrica_P04,0.0,84.94427418950418,-1.0,17.384291091618266
3,NONE,-1.0,-0.1,-1.0,-0.1
3,NONE,-1.0,-0.1,-1.0,-0.1
3,NONE,-1.0,-0.1,-1.0,-0.1
3,NONE,-1.0,-0.1,-1.0,-0.1
3,NONE,-1.0,-0.1,-1.0,-0.1
3,NONE,-1.0,-0.1,-1.0,-0.1
3,NONE,-1.0,-0.1,-1.0,-0.1
3,NONE,-1.0,-0.1,-1.0,-0.1
3,NONE,-1.0,-0.1,-1.0,-0.1
3,NONE,-1.0,-0.1,-1.0,-0.1
3,NONE,-1.0,-0.1,-1.0,-0.1
3,NONE,-1.0,-0.1,-1.0,-0.1
3,NONE,-1.0,-0.1,-1.0,-0.1
3,NONE,-1.0,-0.1,-1.0,-0.1
3,NONE,-1.0,-0.1,-1.0,-0.1
2,EV_B13_C008_Mototaxi_Electrica_P05,-1.0,-0.1,7.0,33.86783743676804
1,EV_B13_C008_Mototaxi_Electrica_P05,6.0,70.23084778920574,-1.0,33.86783743676804
1,EV_B13_C008_Mototaxi_Electrica_P05,5.0,70.23084778920574,-1.0,33.86783743676804
1,EV_B13_C008_Mototaxi_Electrica_P05,4.0,70.23084778920574,-1.0,33.86783743676804
1,EV_B13_C008_Mototaxi_Electrica_P05,3.0,70.23084778920574,-1.0,33.86783743676804
1,EV_B13_C008_Mototaxi_Electrica_P05,2.0,70.23084778920574,-1.0,33.86783743676804
1,EV_B13_C008_Mototaxi_Electrica_P05,1.0,70.23084778920574,-1.0,33.86783743676804
1,EV_B13_C008_Mototaxi_Electrica_P05,0.0,70.23084778920574,-1.0,33.86783743676804
3,NONE,-1.0,-0.1,-1.0,-0.1
3,NONE,-1.0,-0.1,-1.0,-0.1
3,NONE,-1.0,-0.1,-1.0,-0.1
3,NONE,-1.0,-0.1,-1.0,-0.1
3,NONE,-1.0,-0.1,-1.0,-0.1
3,NONE,-1.0,-0.1,-1.0,-0.1
3,NONE,-1.0,-0.1,-1.0,-0.1
3,NONE,-1.0,-0.1,-1.0,-0.1
3,NONE,-1.0,-0.1,-1.0,-0.1
3,NONE,-1.0,-0.1,-1.0,-0.1
3,NONE,-1.0,-0.1,-1.0,-0.1
3,NONE,-1.0,-0.1,-1.0,-0.1
3,NONE,-1.0,-0.1,-1.0,-0.1
3,NONE,-1.0,-0.1,-1.0,-0.1
3,NONE,-1.0,-0.1,-1.0,-0.1
3,NONE,-1.0,-0.1,-1.0,-0.1
3,NONE,-1.0,-0.1,-1.0,-0.1
3,NONE,-1.0,-0.1,-1.0,-0.1
3,NONE,-1.0,-0.1,-1.0,-0.1
3,NONE,-1.0,-0.1,-1.0,-0.1
3,NONE,-1.0,-0.1,-1.0,-0.1
3,NONE,-1.0,-0.1,-1.0,-0.1
3,NONE,-1.0,-0.1,-1.0,-0.1
3,NONE,-1.0,-0.1,-1.0,-0.1
3,NONE,-1.0,-0.1,-1.0,-0.1
3,NONE,-1.0,-0.1,-1.0,-0.1
3,NONE,-1.0,-0.1,-1.0,-0.1
3,NONE,-1.0,-0.1,-1.0,-0.1
3,NONE,-1.0,-0.1,-1.0,-0.1
3,NONE,-1.0,-0.1,-1.0,-0.1
3,NONE,-1.0,-0.1,-1.0,-0.1
3,NONE,-1.0,-0.1,-1.0,-0.1
3,NONE,-1.0,-0.1,-1.0,-0.1
3,NONE,-1.0,-0.1,-1.0,-0.1
3,NONE,-1.0,-0.1,-1.0,-0.1
3,NONE,-1.0,-0.1,-1.0,-0.1
3,NONE,-1.0,-0.1,-1.0,-0.1
3,NONE,-1.0,-0.1,-1.0,-0.1
3,NONE,-1.0,-0.1,-1.0,-0.1
3,NONE,-1.0,-0.1,-1.0,-0.1
3,NONE,-1.0,-0.1,-1.0,-0.1
3,NONE,-1.0,-0.1,-1.0,-0.1
3,NONE,-1.0,-0.1,-1.0,-0.1
3,NONE,-1.0,-0.1,-1.0,-0.1
3,NONE,-1.0,-0.1,-1.0,-0.1
3,NONE,-1.0,-0.1,-1.0,-0.1
3,NONE,-1.0,-0.1,-1.0,-0.1
3,NONE,-1.0,-0.1,-1.0,-0.1
3,NONE,-1.0,-0.1,-1.0,-0.1
3,NONE,-1.0,-0.1,-1.0,-0.1
3,NONE,-1.0,-0.1,-1.0,-0.1
3,NONE,-1.0,-0.1,-1.0,-0.1
3,NONE,-1.0,-0.1,-1.0,-0.1
3,NONE,-1.0,-0.1,-1.0,-0.1
3,NONE,-1.0,-0.1,-1.0,-0.1
3,NONE,-1.0,-0.1,-1.0,-0.1
3,NONE,-1.0,-0.1,-1.0,-0.1
3,NONE,-1.0,-0.1,-1.0,-0.1
3,NONE,-1.0,-0.1,-1.0,-0.1
3,NONE,-1.0,-0.1,-1.0,-0.1
3,NONE,-1.0,-0.1,-1.0,-0.1
3,NONE,-1.0,-0.1,-1.0,-0.1
3,NONE,-1.0,-0.1,-1.0,-0.1
3,NONE,-1.0,-0.1,-1.0,-0.1
3,NONE,-1.0,-0.1,-1.0,-0.1
3,NONE,-1.0,-0.1,-1.0,-0.1
3,NONE,-1.0,-0.1,-1.0,-0.1
3,NONE,-1.0,-0.1,-1.0,-0.1
3,NONE,-1.0,-0.1,-1.0,-0.1
3,NONE,-1.0,-0.1,-1.0,-0.1
3,NONE,-1.0,-0.1,-1.0,-0.1
3,NONE,-1.0,-0.1,-1.0,-0.1
3,NONE,-1.0,-0.1,-1.0,-0.1
3,NONE,-1.0,-0.1,-1.0,-0.1
3,NONE,-1.0,-0.1,-1.0,-0.1
3,NONE,-1.0,-0.1,-1.0,-0.1
3,NONE,-1.0,-0.1,-1.0,-0.1
3,NONE,-1.0,-0.1,-1.0,-0.1
3,NONE,-1.0,-0.1,-1.0,-0.1
3,NONE,-1.0,-0.1,-1.0,-0.1
3,NONE,-1.0,-0.1,-1.0,-0.1
3,NONE,-1.0,-0.1,-1.0,-0.1
3,NONE,-1.0,-0.1,-1.0,-0.1
3,NONE,-1.0,-0.1,-1.0,-0.1
3,NONE,-1.0,-0.1,-1.0,-0.1
3,NONE,-1.0,-0.1,-1.0,-0.1
3,NONE,-1.0,-0.1,-1.0,-0.1
3,NONE,-1.0,-0.1,-1.0,-0.1
2,EV_B13_C008_Mototaxi_Electrica_P06,-1.0,-0.1,7.0,48.33734400965379
1,EV_B13_C008_Mototaxi_Electrica_P06,7.0,85.9005871543725,-1.0,48.33734400965379
1,EV_B13_C008_Mototaxi_Electrica_P06,6.0,85.9005871543725,-1.0,48.33734400965379
1,EV_B13_C008_Mototaxi_Electrica_P06,5.0,85.9005871543725,-1.0,48.33734400965379
1,EV_B13_C008_Mototaxi_Electrica_P06,4.0,85.9005871543725,-1.0,48.33734400965379
1,EV_B13_C008_Mototaxi_Electrica_P06,3.0,85.9005871543725,-1.0,48.33734400965379
1,EV_B13_C008_Mototaxi_Electrica_P06,2.0,85.9005871543725,-1.0,48.33734400965379
1,EV_B13_C008_Mototaxi_Electrica_P06,1.0,85.9005871543725,-1.0,48.33734400965379
1,EV_B13_C008_Mototaxi_Electrica_P06,0.0,85.9005871543725,-1.0,48.33734400965379
3,NONE,-1.0,-0.1,-1.0,-0.1
3,NONE,-1.0,-0.1,-1.0,-0.1
3,NONE,-1.0,-0.1,-1.0,-0.1
3,NONE,-1.0,-0.1,-1.0,-0.1
3,NONE,-1.0,-0.1,-1.0,-0.1
3,NONE,-1.0,-0.1,-1.0,-0.1
3,NONE,-1.0,-0.1,-1.0,-0.1
3,NONE,-1.0,-0.1,-1.0,-0.1
3,NONE,-1.0,-0.1,-1.0,-0.1
3,NONE,-1.0,-0.1,-1.0,-0.1
3,NONE,-1.0,-0.1,-1.0,-0.1
3,NONE,-1.0,-0.1,-1.0,-0.1
3,NONE,-1.0,-0.1,-1.0,-0.1
3,NONE,-1.0,-0.1,-1.0,-0.1
3,NONE,-1.0,-0.1,-1.0,-0.1
3,NONE,-1.0,-0.1,-1.0,-0.1
3,NONE,-1.0,-0.1,-1.0,-0.1
3,NONE,-1.0,-0.1,-1.0,-0.1
3,NONE,-1.0,-0.1,-1.0,-0.1
3,NONE,-1.0,-0.1,-1.0,-0.1
3,NONE,-1.0,-0.1,-1.0,-0.1
3,NONE,-1.0,-0.1,-1.0,-0.1
3,NONE,-1.0,-0.1,-1.0,-0.1
3,NONE,-1.0,-0.1,-1.0,-0.1
3,NONE,-1.0,-0.1,-1.0,-0.1
3,NONE,-1.0,-0.1,-1.0,-0.1
3,NONE,-1.0,-0.1,-1.0,-0.1
3,NONE,-1.0,-0.1,-1.0,-0.1
3,NONE,-1.0,-0.1,-1.0,-0.1
3,NONE,-1.0,-0.1,-1.0,-0.1
3,NONE,-1.0,-0.1,-1.0,-0.1
3,NONE,-1.0,-0.1,-1.0,-0.1
3,NONE,-1.0,-0.1,-1.0,-0.1
3,NONE,-1.0,-0.1,-1.0,-0.1
3,NONE,-1.0,-0.1,-1.0,-0.1
3,NONE,-1.0,-0.1,-1.0,-0.1
3,NONE,-1.0,-0.1,-1.0,-0.1
3,NONE,-1.0,-0.1,-1.0,-0.1
3,NONE,-1.0,-0.1,-1.0,-0.1
3,NONE,-1.0,-0.1,-1.0,-0.1
3,NONE,-1.0,-0.1,-1.0,-0.1
3,NONE,-1.0,-0.1,-1.0,-0.1
2,EV_B13_C008_Mototaxi_Electrica_P07,-1.0,-0.1,10.0,12.447058497054524
1,EV_B13_C008_Mototaxi_Electrica_P07,4.0,84.16446893794627,-1.0,12.447058497054524
1,EV_B13_C008_Mototaxi_Electrica_P07,3.0,84.16446893794627,-1.0,12.447058497054524
1,EV_B13_C008_Mototaxi_Electrica_P07,2.0,84.16446893794627,-1.0,12.447058497054524
1,EV_B13_C008_Mototaxi_Electrica_P07,1.0,84.16446893794627,-1.0,12.447058497054524
1,EV_B13_C008_Mototaxi_Electrica_P07,0.0,84.16446893794627,-1.0,12.447058497054524
3,NONE,-1.0,-0.1,-1.0,-0.1
3,NONE,-1.0,-0.1,-1.0,-0.1
3,NONE,-1.0,-0.1,-1.0,-0.1
3,NONE,-1.0,-0.1,-1.0,-0.1
3,NONE,-1.0,-0.1,-1.0,-0.1
3,NONE,-1.0,-0.1,-1.0,-0.1
3,NONE,-1.0,-0.1,-1.0,-0.1
3,NONE,-1.0,-0.1,-1.0,-0.1
3,NONE,-1.0,-0.1,-1.0,-0.1
3,NONE,-1.0,-0.1,-1.0,-0.1
3,NONE,-1.0,-0.1,-1.0,-0.1
3,NONE,-1.0,-0.1,-1.0,-0.1
3,NONE,-1.0,-0.1,-1.0,-0.1
3,NONE,-1.0,-0.1,-1.0,-0.1
3,NONE,-1.0,-0.1,-1.0,-0.1
3,NONE,-1.0,-0.1,-1.0,-0.1
3,NONE,-1.0,-0.1,-1.0,-0.1
3,NONE,-1.0,-0.1,-1.0,-0.1
3,NONE,-1.0,-0.1,-1.0,-0.1
3,NONE,-1.0,-0.1,-1.0,-0.1
3,NONE,-1.0,-0.1,-1.0,-0.1
3,NONE,-1.0,-0.1,-1.0,-0.1
3,NONE,-1.0,-0.1,-1.0,-0.1
3,NONE,-1.0,-0.1,-1.0,-0.1
3,NONE,-1.0,-0.1,-1.0,-0.1
3,NONE,-1.0,-0.1,-1.0,-0.1
3,NONE,-1.0,-0.1,-1.0,-0.1
3,NONE,-1.0,-0.1,-1.0,-0.1
3,NONE,-1.0,-0.1,-1.0,-0.1
3,NONE,-1.0,-0.1,-1.0,-0.1
3,NONE,-1.0,-0.1,-1.0,-0.1
3,NONE,-1.0,-0.1,-1.0,-0.1
3,NONE,-1.0,-0.1,-1.0,-0.1
3,NONE,-1.0,-0.1,-1.0,-0.1
3,NONE,-1.0,-0.1,-1.0,-0.1
3,NONE,-1.0,-0.1,-1.0,-0.1
3,NONE,-1.0,-0.1,-1.0,-0.1
3,NONE,-1.0,-0.1,-1.0,-0.1
3,NONE,-1.0,-0.1,-1.0,-0.1
3,NONE,-1.0,-0.1,-1.0,-0.1
3,NONE,-1.0,-0.1,-1.0,-0.1
3,NONE,-1.0,-0.1,-1.0,-0.1
3,NONE,-1.0,-0.1,-1.0,-0.1
3,NONE,-1.0,-0.1,-1.0,-0.1
3,NONE,-1.0,-0.1,-1.0,-0.1
3,NONE,-1.0,-0.1,-1.0,-0.1
3,NONE,-1.0,-0.1,-1.0,-0.1
3,NONE,-1.0,-0.1,-1.0,-0.1
3,NONE,-1.0,-0.1,-1.0,-0.1
3,NONE,-1.0,-0.1,-1.0,-0.1
3,NONE,-1.0,-0.1,-1.0,-0.1
3,NONE,-1.0,-0.1,-1.0,-0.1
3,NONE,-1.0,-0.1,-1.0,-0.1
3,NONE,-1.0,-0.1,-1.0,-0.1
3,NONE,-1.0,-0.1,-1.0,-0.1
3,NONE,-1.0,-0.1,-1.0,-0.1
3,NONE,-1.0,-0.1,-1.0,-0.1
3,NONE,-1.0,-0.1,-1.0,-0.1
3,NONE,-1.0,-0.1,-1.0,-0.1
3,NONE,-1.0,-0.1,-1.0,-0.1
3,NONE,-1.0,-0.1,-1.0,-0.1
3,NONE,-1.0,-0.1,-1.0,-0.1
3,NONE,-1.0,-0.1,-1.0,-0.1
3,NONE,-1.0,-0.1,-1.0,-0.1
3,NONE,-1.0,-0.1,-1.0,-0.1
3,NONE,-1.0,-0.1,-1.0,-0.1
3,NONE,-1.0,-0.1,-1.0,-0.1
3,NONE,-1.0,-0.1,-1.0,-0.1
3,NONE,-1.0,-0.1,-1.0,-0.1
3,NONE,-1.0,-0.1,-1.0,-0.1
3,NONE,-1.0,-0.1,-1.0,-0.1
3,NONE,-1.0,-0.1,-1.0,-0.1
3,NONE,-1.0,-0.1,-1.0,-0.1
3,NONE,-1.0,-0.1,-1.0,-0.1
3,NONE,-1.0,-0.1,-1.0,-0.1
3,NONE,-1.0,-0.1,-1.0,-0.1
3,NONE,-1.0,-0.1,-1.0,-0.1
3,NONE,-1.0,-0.1,-1.0,-0.1
3,NONE,-1.0,-0.1,-1.0,-0.1
3,NONE,-1.0,-0.1,-1.0,-0.1
3,NONE,-1.0,-0.1,-1.0,-0.1
3,NONE,-1.0,-0.1,-1.0,-0.1
3,NONE,-1.0,-0.1,-1.0,-0.1
3,NONE,-1.0,-0.1,-1.0,-0.1
3,NONE,-1.0,-0.1,-1.0,-0.1
3,NONE,-1.0,-0.1,-1.0,-0.1
3,NONE,-1.0,-0.1,-1.0,-0.1
3,NONE,-1.0,-0.1,-1.0,-0.1
3,NONE,-1.0,-0.1,-1.0,-0.1
3,NONE,-1.0,-0.1,-1.0,-0.1
3,NONE,-1.0,-0.1,-1.0,-0.1
3,NONE,-1.0,-0.1,-1.0,-0.1
3,NONE,-1.0,-0.1,-1.0,-0.1
3,NONE,-1.0,-0.1,-1.0,-0.1
3,NONE,-1.0,-0.1,-1.0,-0.1
3,NONE,-1.0,-0.1,-1.0,-0.1
3,NONE,-1.0,-0.1,-1.0,-0.1
3,NONE,-1.0,-0.1,-1.0,-0.1
3,NONE,-1.0,-0.1,-1.0,-0.1
3,NONE,-1.0,-0.1,-1.0,-0.1
3,NONE,-1.0,-0.1,-1.0,-0.1
3,NONE,-1.0,-0.1,-1.0,-0.1
3,NONE,-1.0,-0.1,-1.0,-0.1
3,NONE,-1.0,-0.1,-1.0,-0.1
3,NONE,-1.0,-0.1,-1.0,-0.1
3,NONE,-1.0,-0.1,-1.0,-0.1
3,NONE,-1.0,-0.1,-1.0,-0.1
3,NONE,-1.0,-0.1,-1.0,-0.1
3,NONE,-1.0,-0.1,-1.0,-0.1
3,NONE,-1.0,-0.1,-1.0,-0.1
3,NONE,-1.0,-0.1,-1.0,-0.1
2,EV_B13_C008_Mototaxi_Electrica_P08,-1.0,-0.1,7.0,7.300241679656327
1,EV_B13_C008_Mototaxi_Electrica_P08,7.0,85.7499420312855,-1.0,7.300241679656327
1,EV_B13_C008_Mototaxi_Electrica_P08,6.0,85.7499420312855,-1.0,7.300241679656327
1,EV_B13_C008_Mototaxi_Electrica_P08,5.0,85.7499420312855,-1.0,7.300241679656327
1,EV_B13_C008_Mototaxi_Electrica_P08,4.0,85.7499420312855,-1.0,7.300241679656327
1,EV_B13_C008_Mototaxi_Electrica_P08,3.0,85.7499420312855,-1.0,7.300241679656327
1,EV_B13_C008_Mototaxi_Electrica_P08,2.0,85.7499420312855,-1.0,7.300241679656327
1,EV_B13_C008_Mototaxi_Electrica_P08,1.0,85.7499420312855,-1.0,7.300241679656327
1,EV_B13_C008_Mototaxi_Electrica_P08,0.0,85.7499420312855,-1.0,7.300241679656327
3,NONE,-1.0,-0.1,-1.0,-0.1
3,NONE,-1.0,-0.1,-1.0,-0.1
3,NONE,-1.0,-0.1,-1.0,-0.1
3,NONE,-1.0,-0.1,-1.0,-0.1
3,NONE,-1.0,-0.1,-1.0,-0.1
3,NONE,-1.0,-0.1,-1.0,-0.1
3,NONE,-1.0,-0.1,-1.0,-0.1
3,NONE,-1.0,-0.1,-1.0,-0.1
3,NONE,-1.0,-0.1,-1.0,-0.1
3,NONE,-1.0,-0.1,-1.0,-0.1
3,NONE,-1.0,-0.1,-1.0,-0.1
3,NONE,-1.0,-0.1,-1.0,-0.1
3,NONE,-1.0,-0.1,-1.0,-0.1
3,NONE,-1.0,-0.1,-1.0,-0.1
3,NONE,-1.0,-0.1,-1.0,-0.1
3,NONE,-1.0,-0.1,-1.0,-0.1
3,NONE,-1.0,-0.1,-1.0,-0.1
3,NONE,-1.0,-0.1,-1.0,-0.1
3,NONE,-1.0,-0.1,-1.0,-0.1
3,NONE,-1.0,-0.1,-1.0,-0.1
3,NONE,-1.0,-0.1,-1.0,-0.1
3,NONE,-1.0,-0.1,-1.0,-0.1
3,NONE,-1.0,-0.1,-1.0,-0.1
3,NONE,-1.0,-0.1,-1.0,-0.1
3,NONE,-1.0,-0.1,-1.0,-0.1
3,NONE,-1.0,-0.1,-1.0,-0.1
3,NONE,-1.0,-0.1,-1.0,-0.1
3,NONE,-1.0,-0.1,-1.0,-0.1
3,NONE,-1.0,-0.1,-1.0,-0.1
3,NONE,-1.0,-0.1,-1.0,-0.1
3,NONE,-1.0,-0.1,-1.0,-0.1
3,NONE,-1.0,-0.1,-1.0,-0.1
3,NONE,-1.0,-0.1,-1.0,-0.1
3,NONE,-1.0,-0.1,-1.0,-0.1
3,NONE,-1.0,-0.1,-1.0,-0.1
3,NONE,-1.0,-0.1,-1.0,-0.1
3,NONE,-1.0,-0.1,-1.0,-0.1
3,NONE,-1.0,-0.1,-1.0,-0.1
3,NONE,-1.0,-0.1,-1.0,-0.1
3,NONE,-1.0,-0.1,-1.0,-0.1
3,NONE,-1.0,-0.1,-1.0,-0.1
3,NONE,-1.0,-0.1,-1.0,-0.1
3,NONE,-1.0,-0.1,-1.0,-0.1
3,NONE,-1.0,-0.1,-1.0,-0.1
3,NONE,-1.0,-0.1,-1.0,-0.1
3,NONE,-1.0,-0.1,-1.0,-0.1
3,NONE,-1.0,-0.1,-1.0,-0.1
3,NONE,-1.0,-0.1,-1.0,-0.1
3,NONE,-1.0,-0.1,-1.0,-0.1
3,NONE,-1.0,-0.1,-1.0,-0.1
3,NONE,-1.0,-0.1,-1.0,-0.1
3,NONE,-1.0,-0.1,-1.0,-0.1
3,NONE,-1.0,-0.1,-1.0,-0.1
3,NONE,-1.0,-0.1,-1.0,-0.1
3,NONE,-1.0,-0.1,-1.0,-0.1
3,NONE,-1.0,-0.1,-1.0,-0.1
3,NONE,-1.0,-0.1,-1.0,-0.1
3,NONE,-1.0,-0.1,-1.0,-0.1
3,NONE,-1.0,-0.1,-1.0,-0.1
3,NONE,-1.0,-0.1,-1.0,-0.1
3,NONE,-1.0,-0.1,-1.0,-0.1
3,NONE,-1.0,-0.1,-1.0,-0.1
3,NONE,-1.0,-0.1,-1.0,-0.1
3,NONE,-1.0,-0.1,-1.0,-0.1
3,NONE,-1.0,-0.1,-1.0,-0.1
3,NONE,-1.0,-0.1,-1.0,-0.1
3,NONE,-1.0,-0.1,-1.0,-0.1
3,NONE,-1.0,-0.1,-1.0,-0.1
3,NONE,-1.0,-0.1,-1.0,-0.1
3,NONE,-1.0,-0.1,-1.0,-0.1
3,NONE,-1.0,-0.1,-1.0,-0.1
3,NONE,-1.0,-0.1,-1.0,-0.1
3,NONE,-1.0,-0.1,-1.0,-0.1
3,NONE,-1.0,-0.1,-1.0,-0.1
3,NONE,-1.0,-0.1,-1.0,-0.1
3,NONE,-1.0,-0.1,-1.0,-0.1
3,NONE,-1.0,-0.1,-1.0,-0.1
3,NONE,-1.0,-0.1,-1.0,-0.1
3,NONE,-1.0,-0.1,-1.0,-0.1
3,NONE,-1.0,-0.1,-1.0,-0.1
3,NONE,-1.0,-0.1,-1.0,-0.1
3,NONE,-1.0,-0.1,-1.0,-0.1
3,NONE,-1.0,-0.1,-1.0,-0.1
3,NONE,-1.0,-0.1,-1.0,-0.1
3,NONE,-1.0,-0.1,-1.0,-0.1
3,NONE,-1.0,-0.1,-1.0,-0.1
3,NONE,-1.0,-0.1,-1.0,-0.1
3,NONE,-1.0,-0.1,-1.0,-0.1
3,NONE,-1.0,-0.1,-1.0,-0.1
3,NONE,-1.0,-0.1,-1.0,-0.1
3,NONE,-1.0,-0.1,-1.0,-0.1
3,NONE,-1.0,-0.1,-1.0,-0.1
3,NONE,-1.0,-0.1,-1.0,-0.1
3,NONE,-1.0,-0.1,-1.0,-0.1
3,NONE,-1.0,-0.1,-1.0,-0.1
3,NONE,-1.0,-0.1,-1.0,-0.1
3,NONE,-1.0,-0.1,-1.0,-0.1
3,NONE,-1.0,-0.1,-1.0,-0.1
3,NONE,-1.0,-0.1,-1.0,-0.1
3,NONE,-1.0,-0.1,-1.0,-0.1
3,NONE,-1.0,-0.1,-1.0,-0.1
3,NONE,-1.0,-0.1,-1.0,-0.1
3,NONE,-1.0,-0.1,-1.0,-0.1
3,NONE,-1.0,-0.1,-1.0,-0.1
3,NONE,-1.0,-0.1,-1.0,-0.1
3,NONE,-1.0,-0.1,-1.0,-0.1
3,NONE,-1.0,-0.1,-1.0,-0.1
3,NONE,-1.0,-0.1,-1.0,-0.1
3,NONE,-1.0,-0.1,-1.0,-0.1
3,NONE,-1.0,-0.1,-1.0,-0.1
3,NONE,-1.0,-0.1,-1.0,-0.1
3,NONE,-1.0,-0.1,-1.0,-0.1
3,NONE,-1.0,-0.1,-1.0,-0.1
3,NONE,-1.0,-0.1,-1.0,-0.1
3,NONE,-1.0,-0.1,-1.0,-0.1
3,NONE,-1.0,-0.1,-1.0,-0.1
3,NONE,-1.0,-0.1,-1.0,-0.1
3,NONE,-1.0,-0.1,-1.0,-0.1
3,NONE,-1.0,-0.1,-1.0,-0.1
3,NONE,-1.0,-0.1,-1.0,-0.1
3,NONE,-1.0,-0.1,-1.0,-0.1
3,NONE,-1.0,-0.1,-1.0,-0.1
3,NONE,-1.0,-0.1,-1.0,-0.1
3,NONE,-1.0,-0.1,-1.0,-0.1
3,NONE,-1.0,-0.1,-1.0,-0.1
3,NONE,-1.0,-0.1,-1.0,-0.1
3,NONE,-1.0,-0.1,-1.0,-0.1
3,NONE,-1.0,-0.1,-1.0,-0.1
3,NONE,-1.0,-0.1,-1.0,-0.1
3,NONE,-1.0,-0.1,-1.0,-0.1
3,NONE,-1.0,-0.1,-1.0,-0.1
3,NONE,-1.0,-0.1,-1.0,-0.1
3,NONE,-1.0,-0.1,-1.0,-0.1
3,NONE,-1.0,-0.1,-1.0,-0.1
3,NONE,-1.0,-0.1,-1.0,-0.1
2,EV_B13_C008_Mototaxi_Electrica_P09,-1.0,-0.1,7.0,38.55169835011113
1,EV_B13_C008_Mototaxi_Electrica_P09,7.0,81.21485219685869,-1.0,38.55169835011113
1,EV_B13_C008_Mototaxi_Electrica_P09,6.0,81.21485219685869,-1.0,38.55169835011113
1,EV_B13_C008_Mototaxi_Electrica_P09,5.0,81.21485219685869,-1.0,38.55169835011113
1,EV_B13_C008_Mototaxi_Electrica_P09,4.0,81.21485219685869,-1.0,38.55169835011113
1,EV_B13_C008_Mototaxi_Electrica_P09,3.0,81.21485219685869,-1.0,38.55169835011113
1,EV_B13_C008_Mototaxi_Electrica_P09,2.0,81.21485219685869,-1.0,38.55169835011113
1,EV_B13_C008_Mototaxi_Electrica_P09,1.0,81.21485219685869,-1.0,38.55169835011113
1,EV_B13_C008_Mototaxi_Electrica_P09,0.0,81.21485219685869,-1.0,38.55169835011113
3,NONE,-1.0,-0.1,-1.0,-0.1
3,NONE,-1.0,-0.1,-1.0,-0.1
3,NONE,-1.0,-0.1,-1.0,-0.1
3,NONE,-1.0,-0.1,-1.0,-0.1
3,NONE,-1.0,-0.1,-1.0,-0.1
3,NONE,-1.0,-0.1,-1.0,-0.1
3,NONE,-1.0,-0.1,-1.0,-0.1
3,NONE,-1.0,-0.1,-1.0,-0.1
3,NONE,-1.0,-0.1,-1.0,-0.1
3,NONE,-1.0,-0.1,-1.0,-0.1
3,NONE,-1.0,-0.1,-1.0,-0.1
3,NONE,-1.0,-0.1,-1.0,-0.1
3,NONE,-1.0,-0.1,-1.0,-0.1
3,NONE,-1.0,-0.1,-1.0,-0.1
3,NONE,-1.0,-0.1,-1.0,-0.1
3,NONE,-1.0,-0.1,-1.0,-0.1
3,NONE,-1.0,-0.1,-1.0,-0.1
3,NONE,-1.0,-0.1,-1.0,-0.1
3,NONE,-1.0,-0.1,-1.0,-0.1
3,NONE,-1.0,-0.1,-1.0,-0.1
3,NONE,-1.0,-0.1,-1.0,-0.1
3,NONE,-1.0,-0.1,-1.0,-0.1
3,NONE,-1.0,-0.1,-1.0,-0.1
3,NONE,-1.0,-0.1,-1.0,-0.1
3,NONE,-1.0,-0.1,-1.0,-0.1
3,NONE,-1.0,-0.1,-1.0,-0.1
3,NONE,-1.0,-0.1,-1.0,-0.1
3,NONE,-1.0,-0.1,-1.0,-0.1
3,NONE,-1.0,-0.1,-1.0,-0.1
3,NONE,-1.0,-0.1,-1.0,-0.1
3,NONE,-1.0,-0.1,-1.0,-0.1
3,NONE,-1.0,-0.1,-1.0,-0.1
3,NONE,-1.0,-0.1,-1.0,-0.1
3,NONE,-1.0,-0.1,-1.0,-0.1
3,NONE,-1.0,-0.1,-1.0,-0.1
3,NONE,-1.0,-0.1,-1.0,-0.1
3,NONE,-1.0,-0.1,-1.0,-0.1
3,NONE,-1.0,-0.1,-1.0,-0.1
3,NONE,-1.0,-0.1,-1.0,-0.1
3,NONE,-1.0,-0.1,-1.0,-0.1
2,EV_B13_C008_Mototaxi_Electrica_P10,-1.0,-0.1,8.0,41.76289717740018
1,EV_B13_C008_Mototaxi_Electrica_P10,6.0,89.84355515354723,-1.0,41.76289717740018
1,EV_B13_C008_Mototaxi_Electrica_P10,5.0,89.84355515354723,-1.0,41.76289717740018
1,EV_B13_C008_Mototaxi_Electrica_P10,4.0,89.84355515354723,-1.0,41.76289717740018
1,EV_B13_C008_Mototaxi_Electrica_P10,3.0,89.84355515354723,-1.0,41.76289717740018
1,EV_B13_C008_Mototaxi_Electrica_P10,2.0,89.84355515354723,-1.0,41.76289717740018
1,EV_B13_C008_Mototaxi_Electrica_P10,1.0,89.84355515354723,-1.0,41.76289717740018
1,EV_B13_C008_Mototaxi_Electrica_P10,0.0,89.84355515354723,-1.0,41.76289717740018
3,NONE,-1.0,-0.1,-1.0,-0.1
3,NONE,-1.0,-0.1,-1.0,-0.1
3,NONE,-1.0,-0.1,-1.0,-0.1
3,NONE,-1.0,-0.1,-1.0,-0.1
3,NONE,-1.0,-0.1,-1.0,-0.1
3,NONE,-1.0,-0.1,-1.0,-0.1
3,NONE,-1.0,-0.1,-1.0,-0.1
3,NONE,-1.0,-0.1,-1.0,-0.1
3,NONE,-1.0,-0.1,-1.0,-0.1
3,NONE,-1.0,-0.1,-1.0,-0.1
3,NONE,-1.0,-0.1,-1.0,-0.1
3,NONE,-1.0,-0.1,-1.0,-0.1
3,NONE,-1.0,-0.1,-1.0,-0.1
3,NONE,-1.0,-0.1,-1.0,-0.1
3,NONE,-1.0,-0.1,-1.0,-0.1
3,NONE,-1.0,-0.1,-1.0,-0.1
2,EV_B13_C008_Mototaxi_Electrica_P01,-1.0,-0.1,8.0,26.97063841317849
1,EV_B13_C008_Mototaxi_Electrica_P01,6.0,66.61187612753204,-1.0,26.97063841317849
1,EV_B13_C008_Mototaxi_Electrica_P01,5.0,66.61187612753204,-1.0,26.97063841317849
1,EV_B13_C008_Mototaxi_Electrica_P01,4.0,66.61187612753204,-1.0,26.97063841317849
1,EV_B13_C008_Mototaxi_Electrica_P01,3.0,66.61187612753204,-1.0,26.97063841317849
1,EV_B13_C008_Mototaxi_Electrica_P01,2.0,66.61187612753204,-1.0,26.97063841317849
1,EV_B13_C008_Mototaxi_Electrica_P01,1.0,66.61187612753204,-1.0,26.97063841317849
1,EV_B13_C008_Mototaxi_Electrica_P01,0.0,66.61187612753204,-1.0,26.97063841317849
3,NONE,-1.0,-0.1,-1.0,-0.1
3,NONE,-1.0,-0.1,-1.0,-0.1
3,NONE,-1.0,-0.1,-1.0,-0.1
3,NONE,-1.0,-0.1,-1.0,-0.1
3,NONE,-1.0,-0.1,-1.0,-0.1
3,NONE,-1.0,-0.1,-1.0,-0.1
3,NONE,-1.0,-0.1,-1.0,-0.1
3,NONE,-1.0,-0.1,-1.0,-0.1
3,NONE,-1.0,-0.1,-1.0,-0.1
3,NONE,-1.0,-0.1,-1.0,-0.1
3,NONE,-1.0,-0.1,-1.0,-0.1
3,NONE,-1.0,-0.1,-1.0,-0.1
3,NONE,-1.0,-0.1,-1.0,-0.1
3,NONE,-1.0,-0.1,-1.0,-0.1
3,NONE,-1.0,-0.1,-1.0,-0.1
3,NONE,-1.0,-0.1,-1.0,-0.1
3,NONE,-1.0,-0.1,-1.0,-0.1
2,EV_B13_C008_Mototaxi_Electrica_P02,-1.0,-0.1,9.0,27.269635579756514
1,EV_B13_C008_Mototaxi_Electrica_P02,5.0,79.01679532359613,-1.0,27.269635579756514
1,EV_B13_C008_Mototaxi_Electrica_P02,4.0,79.01679532359613,-1.0,27.269635579756514
1,EV_B13_C008_Mototaxi_Electrica_P02,3.0,79.01679532359613,-1.0,27.269635579756514
1,EV_B13_C008_Mototaxi_Electrica_P02,2.0,79.01679532359613,-1.0,27.269635579756514
1,EV_B13_C008_Mototaxi_Electrica_P02,1.0,79.01679532359613,-1.0,27.269635579756514
1,EV_B13_C008_Mototaxi_Electrica_P02,0.0,79.01679532359613,-1.0,27.269635579756514
3,NONE,-1.0,-0.1,-1.0,-0.1
3,NONE,-1.0,-0.1,-1.0,-0.1
3,NONE,-1.0,-0.1,-1.0,-0.1
3,NONE,-1.0,-0.1,-1.0,-0.1
3,NONE,-1.0,-0.1,-1.0,-0.1
3,NONE,-1.0,-0.1,-1.0,-0.1
3,NONE,-1.0,-0.1,-1.0,-0.1
3,NONE,-1.0,-0.1,-1.0,-0.1
3,NONE,-1.0,-0.1,-1.0,-0.1
3,NONE,-1.0,-0.1,-1.0,-0.1
3,NONE,-1.0,-0.1,-1.0,-0.1
3,NONE,-1.0,-0.1,-1.0,-0.1
3,NONE,-1.0,-0.1,-1.0,-0.1
3,NONE,-1.0,-0.1,-1.0,-0.1
3,NONE,-1.0,-0.1,-1.0,-0.1
3,NONE,-1.0,-0.1,-1.0,-0.1
3,NONE,-1.0,-0.1,-1.0,-0.1
3,NONE,-1.0,-0.1,-1.0,-0.1
3,NONE,-1.0,-0.1,-1.0,-0.1
3,NONE,-1.0,-0.1,-1.0,-0.1
3,NONE,-1.0,-0.1,-1.0,-0.1
3,NONE,-1.0,-0.1,-1.0,-0.1
3,NONE,-1.0,-0.1,-1.0,-0.1
3,NONE,-1.0,-0.1,-1.0,-0.1
3,NONE,-1.0,-0.1,-1.0,-0.1
3,NONE,-1.0,-0.1,-1.0,-0.1
3,NONE,-1.0,-0.1,-1.0,-0.1
3,NONE,-1.0,-0.1,-1.0,-0.1
3,NONE,-1.0,-0.1,-1.0,-0.1
3,NONE,-1.0,-0.1,-1.0,-0.1
3,NONE,-1.0,-0.1,-1.0,-0.1
3,NONE,-1.0,-0.1,-1.0,-0.1
3,NONE,-1.0,-0.1,-1.0,-0.1
3,NONE,-1.0,-0.1,-1.0,-0.1
3,NONE,-1.0,-0.1,-1.0,-0.1
3,NONE,-1.0,-0.1,-1.0,-0.1
3,NONE,-1.0,-0.1,-1.0,-0.1
3,NONE,-1.0,-0.1,-1.0,-0.1
3,NONE,-1.0,-0.1,-1.0,-0.1
3,NONE,-1.0,-0.1,-1.0,-0.1
3,NONE,-1.0,-0.1,-1.0,-0.1
3,NONE,-1.0,-0.1,-1.0,-0.1
3,NONE,-1.0,-0.1,-1.0,-0.1
3,NONE,-1.0,-0.1,-1.0,-0.1
3,NONE,-1.0,-0.1,-1.0,-0.1
3,NONE,-1.0,-0.1,-1.0,-0.1
3,NONE,-1.0,-0.1,-1.0,-0.1
3,NONE,-1.0,-0.1,-1.0,-0.1
3,NONE,-1.0,-0.1,-1.0,-0.1
3,NONE,-1.0,-0.1,-1.0,-0.1
3,NONE,-1.0,-0.1,-1.0,-0.1
3,NONE,-1.0,-0.1,-1.0,-0.1
3,NONE,-1.0,-0.1,-1.0,-0.1
3,NONE,-1.0,-0.1,-1.0,-0.1
3,NONE,-1.0,-0.1,-1.0,-0.1
3,NONE,-1.0,-0.1,-1.0,-0.1
3,NONE,-1.0,-0.1,-1.0,-0.1
3,NONE,-1.0,-0.1,-1.0,-0.1
3,NONE,-1.0,-0.1,-1.0,-0.1
3,NONE,-1.0,-0.1,-1.0,-0.1
3,NONE,-1.0,-0.1,-1.0,-0.1
3,NONE,-1.0,-0.1,-1.0,-0.1
3,NONE,-1.0,-0.1,-1.0,-0.1
2,EV_B13_C008_Mototaxi_Electrica_P03,-1.0,-0.1,7.0,6.431241703279007
1,EV_B13_C008_Mototaxi_Electrica_P03,6.0,83.88231143985635,-1.0,6.431241703279007
1,EV_B13_C008_Mototaxi_Electrica_P03,5.0,83.88231143985635,-1.0,6.431241703279007
1,EV_B13_C008_Mototaxi_Electrica_P03,4.0,83.88231143985635,-1.0,6.431241703279007
1,EV_B13_C008_Mototaxi_Electrica_P03,3.0,83.88231143985635,-1.0,6.431241703279007
1,EV_B13_C008_Mototaxi_Electrica_P03,2.0,83.88231143985635,-1.0,6.431241703279007
1,EV_B13_C008_Mototaxi_Electrica_P03,1.0,83.88231143985635,-1.0,6.431241703279007
1,EV_B13_C008_Mototaxi_Electrica_P03,0.0,83.88231143985635,-1.0,6.431241703279007
3,NONE,-1.0,-0.1,-1.0,-0.1
3,NONE,-1.0,-0.1,-1.0,-0.1
3,NONE,-1.0,-0.1,-1.0,-0.1
3,NONE,-1.0,-0.1,-1.0,-0.1
3,NONE,-1.0,-0.1,-1.0,-0.1
3,NONE,-1.0,-0.1,-1.0,-0.1
3,NONE,-1.0,-0.1,-1.0,-0.1
3,NONE,-1.0,-0.1,-1.0,-0.1
3,NONE,-1.0,-0.1,-1.0,-0.1
3,NONE,-1.0,-0.1,-1.0,-0.1
3,NONE,-1.0,-0.1,-1.0,-0.1
3,NONE,-1.0,-0.1,-1.0,-0.1
3,NONE,-1.0,-0.1,-1.0,-0.1
3,NONE,-1.0,-0.1,-1.0,-0.1
3,NONE,-1.0,-0.1,-1.0,-0.1
3,NONE,-1.0,-0.1,-1.0,-0.1
3,NONE,-1.0,-0.1,-1.0,-0.1
3,NONE,-1.0,-0.1,-1.0,-0.1
3,NONE,-1.0,-0.1,-1.0,-0.1
3,NONE,-1.0,-0.1,-1.0,-0.1
3,NONE,-1.0,-0.1,-1.0,-0.1
3,NONE,-1.0,-0.1,-1.0,-0.1
3,NONE,-1.0,-0.1,-1.0,-0.1
3,NONE,-1.0,-0.1,-1.0,-0.1
3,NONE,-1.0,-0.1,-1.0,-0.1
3,NONE,-1.0,-0.1,-1.0,-0.1
3,NONE,-1.0,-0.1,-1.0,-0.1
3,NONE,-1.0,-0.1,-1.0,-0.1
3,NONE,-1.0,-0.1,-1.0,-0.1
3,NONE,-1.0,-0.1,-1.0,-0.1
3,NONE,-1.0,-0.1,-1.0,-0.1
3,NONE,-1.0,-0.1,-1.0,-0.1
3,NONE,-1.0,-0.1,-1.0,-0.1
3,NONE,-1.0,-0.1,-1.0,-0.1
3,NONE,-1.0,-0.1,-1.0,-0.1
3,NONE,-1.0,-0.1,-1.0,-0.1
3,NONE,-1.0,-0.1,-1.0,-0.1
3,NONE,-1.0,-0.1,-1.0,-0.1
3,NONE,-1.0,-0.1,-1.0,-0.1
3,NONE,-1.0,-0.1,-1.0,-0.1
2,EV_B13_C008_Mototaxi_Electrica_P04,-1.0,-0.1,7.0,40.875015948744945
1,EV_B13_C008_Mototaxi_Electrica_P04,7.0,84.2729795616632,-1.0,40.875015948744945
1,EV_B13_C008_Mototaxi_Electrica_P04,6.0,84.2729795616632,-1.0,40.875015948744945
1,EV_B13_C008_Mototaxi_Electrica_P04,5.0,84.2729795616632,-1.0,40.875015948744945
1,EV_B13_C008_Mototaxi_Electrica_P04,4.0,84.2729795616632,-1.0,40.875015948744945
1,EV_B13_C008_Mototaxi_Electrica_P04,3.0,84.2729795616632,-1.0,40.875015948744945
1,EV_B13_C008_Mototaxi_Electrica_P04,2.0,84.2729795616632,-1.0,40.875015948744945
1,EV_B13_C008_Mototaxi_Electrica_P04,1.0,84.2729795616632,-1.0,40.875015948744945
1,EV_B13_C008_Mototaxi_Electrica_P04,0.0,84.2729795616632,-1.0,40.875015948744945
3,NONE,-1.0,-0.1,-1.0,-0.1
3,NONE,-1.0,-0.1,-1.0,-0.1
3,NONE,-1.0,-0.1,-1.0,-0.1
3,NONE,-1.0,-0.1,-1.0,-0.1
3,NONE,-1.0,-0.1,-1.0,-0.1
3,NONE,-1.0,-0.1,-1.0,-0.1
3,NONE,-1.0,-0.1,-1.0,-0.1
3,NONE,-1.0,-0.1,-1.0,-0.1
3,NONE,-1.0,-0.1,-1.0,-0.1
3,NONE,-1.0,-0.1,-1.0,-0.1
3,NONE,-1.0,-0.1,-1.0,-0.1
3,NONE,-1.0,-0.1,-1.0,-0.1
3,NONE,-1.0,-0.1,-1.0,-0.1
3,NONE,-1.0,-0.1,-1.0,-0.1
3,NONE,-1.0,-0.1,-1.0,-0.1
2,EV_B13_C008_Mototaxi_Electrica_P05,-1.0,-0.1,7.0,22.214355088215445
1,EV_B13_C008_Mototaxi_Electrica_P05,7.0,87.12879511130531,-1.0,22.214355088215445
1,EV_B13_C008_Mototaxi_Electrica_P05,6.0,87.12879511130531,-1.0,22.214355088215445
1,EV_B13_C008_Mototaxi_Electrica_P05,5.0,87.12879511130531,-1.0,22.214355088215445
1,EV_B13_C008_Mototaxi_Electrica_P05,4.0,87.12879511130531,-1.0,22.214355088215445
1,EV_B13_C008_Mototaxi_Electrica_P05,3.0,87.12879511130531,-1.0,22.214355088215445
1,EV_B13_C008_Mototaxi_Electrica_P05,2.0,87.12879511130531,-1.0,22.214355088215445
1,EV_B13_C008_Mototaxi_Electrica_P05,1.0,87.12879511130531,-1.0,22.214355088215445
1,EV_B13_C008_Mototaxi_Electrica_P05,0.0,87.12879511130531,-1.0,22.214355088215445
3,NONE,-1.0,-0.1,-1.0,-0.1
3,NONE,-1.0,-0.1,-1.0,-0.1
3,NONE,-1.0,-0.1,-1.0,-0.1
3,NONE,-1.0,-0.1,-1.0,-0.1
3,NONE,-1.0,-0.1,-1.0,-0.1
3,NONE,-1.0,-0.1,-1.0,-0.1
3,NONE,-1.0,-0.1,-1.0,-0.1
3,NONE,-1.0,-0.1,-1.0,-0.1
3,NONE,-1.0,-0.1,-1.0,-0.1
3,NONE,-1.0,-0.1,-1.0,-0.1
3,NONE,-1.0,-0.1,-1.0,-0.1
3,NONE,-1.0,-0.1,-1.0,-0.1
3,NONE,-1.0,-0.1,-1.0,-0.1
3,NONE,-1.0,-0.1,-1.0,-0.1
3,NONE,-1.0,-0.1,-1.0,-0.1
3,NONE,-1.0,-0.1,-1.0,-0.1
2,EV_B13_C008_Mototaxi_Electrica_P06,-1.0,-0.1,8.0,50.47487989130144
1,EV_B13_C008_Mototaxi_Electrica_P06,6.0,94.57402203694012,-1.0,50.47487989130144
1,EV_B13_C008_Mototaxi_Electrica_P06,5.0,94.57402203694012,-1.0,50.47487989130144
1,EV_B13_C008_Mototaxi_Electrica_P06,4.0,94.57402203694012,-1.0,50.47487989130144
1,EV_B13_C008_Mototaxi_Electrica_P06,3.0,94.57402203694012,-1.0,50.47487989130144
1,EV_B13_C008_Mototaxi_Electrica_P06,2.0,94.57402203694012,-1.0,50.47487989130144
1,EV_B13_C008_Mototaxi_Electrica_P06,1.0,94.57402203694012,-1.0,50.47487989130144
1,EV_B13_C008_Mototaxi_Electrica_P06,0.0,94.57402203694012,-1.0,50.47487989130144
3,NONE,-1.0,-0.1,-1.0,-0.1
3,NONE,-1.0,-0.1,-1.0,-0.1
3,NONE,-1.0,-0.1,-1.0,-0.1
3,NONE,-1.0,-0.1,-1.0,-0.1
3,NONE,-1.0,-0.1,-1.0,-0.1
3,NONE,-1.0,-0.1,-1.0,-0.1
3,NONE,-1.0,-0.1,-1.0,-0.1
3,NONE,-1.0,-0.1,-1.0,-0.1
3,NONE,-1.0,-0.1,-1.0,-0.1
3,NONE,-1.0,-0.1,-1.0,-0.1
3,NONE,-1.0,-0.1,-1.0,-0.1
3,NONE,-1.0,-0.1,-1.0,-0.1
3,NONE,-1.0,-0.1,-1.0,-0.1
3,NONE,-1.0,-0.1,-1.0,-0.1
3,NONE,-1.0,-0.1,-1.0,-0.1
3,NONE,-1.0,-0.1,-1.0,-0.1
3,NONE,-1.0,-0.1,-1.0,-0.1
3,NONE,-1.0,-0.1,-1.0,-0.1
3,NONE,-1.0,-0.1,-1.0,-0.1
3,NONE,-1.0,-0.1,-1.0,-0.1
3,NONE,-1.0,-0.1,-1.0,-0.1
3,NONE,-1.0,-0.1,-1.0,-0.1
3,NONE,-1.0,-0.1,-1.0,-0.1
3,NONE,-1.0,-0.1,-1.0,-0.1
3,NONE,-1.0,-0.1,-1.0,-0.1
3,NONE,-1.0,-0.1,-1.0,-0.1
3,NONE,-1.0,-0.1,-1.0,-0.1
3,NONE,-1.0,-0.1,-1.0,-0.1
3,NONE,-1.0,-0.1,-1.0,-0.1
3,NONE,-1.0,-0.1,-1.0,-0.1
3,NONE,-1.0,-0.1,-1.0,-0.1
3,NONE,-1.0,-0.1,-1.0,-0.1
3,NONE,-1.0,-0.1,-1.0,-0.1
3,NONE,-1.0,-0.1,-1.0,-0.1
3,NONE,-1.0,-0.1,-1.0,-0.1
3,NONE,-1.0,-0.1,-1.0,-0.1
3,NONE,-1.0,-0.1,-1.0,-0.1
3,NONE,-1.0,-0.1,-1.0,-0.1
3,NONE,-1.0,-0.1,-1.0,-0.1
3,NONE,-1.0,-0.1,-1.0,-0.1
3,NONE,-1.0,-0.1,-1.0,-0.1
3,NONE,-1.0,-0.1,-1.0,-0.1
3,NONE,-1.0,-0.1,-1.0,-0.1
3,NONE,-1.0,-0.1,-1.0,-0.1
3,NONE,-1.0,-0.1,-1.0,-0.1
3,NONE,-1.0,-0.1,-1.0,-0.1
3,NONE,-1.0,-0.1,-1.0,-0.1
3,NONE,-1.0,-0.1,-1.0,-0.1
3,NONE,-1.0,-0.1,-1.0,-0.1
3,NONE,-1.0,-0.1,-1.0,-0.1
3,NONE,-1.0,-0.1,-1.0,-0.1
3,NONE,-1.0,-0.1,-1.0,-0.1
3,NONE,-1.0,-0.1,-1.0,-0.1
3,NONE,-1.0,-0.1,-1.0,-0.1
3,NONE,-1.0,-0.1,-1.0,-0.1
3,NONE,-1.0,-0.1,-1.0,-0.1
3,NONE,-1.0,-0.1,-1.0,-0.1
3,NONE,-1.0,-0.1,-1.0,-0.1
3,NONE,-1.0,-0.1,-1.0,-0.1
3,NONE,-1.0,-0.1,-1.0,-0.1
3,NONE,-1.0,-0.1,-1.0,-0.1
3,NONE,-1.0,-0.1,-1.0,-0.1
3,NONE,-1.0,-0.1,-1.0,-0.1
3,NONE,-1.0,-0.1,-1.0,-0.1
3,NONE,-1.0,-0.1,-1.0,-0.1
3,NONE,-1.0,-0.1,-1.0,-0.1
3,NONE,-1.0,-0.1,-1.0,-0.1
3,NONE,-1.0,-0.1,-1.0,-0.1
3,NONE,-1.0,-0.1,-1.0,-0.1
3,NONE,-1.0,-0.1,-1.0,-0.1
3,NONE,-1.0,-0.1,-1.0,-0.1
3,NONE,-1.0,-0.1,-1.0,-0.1
3,NONE,-1.0,-0.1,-1.0,-0.1
3,NONE,-1.0,-0.1,-1.0,-0.1
3,NONE,-1.0,-0.1,-1.0,-0.1
3,NONE,-1.0,-0.1,-1.0,-0.1
3,NONE,-1.0,-0.1,-1.0,-0.1
3,NONE,-1.0,-0.1,-1.0,-0.1
3,NONE,-1.0,-0.1,-1.0,-0.1
3,NONE,-1.0,-0.1,-1.0,-0.1
3,NONE,-1.0,-0.1,-1.0,-0.1
3,NONE,-1.0,-0.1,-1.0,-0.1
3,NONE,-1.0,-0.1,-1.0,-0.1
3,NONE,-1.0,-0.1,-1.0,-0.1
3,NONE,-1.0,-0.1,-1.0,-0.1
3,NONE,-1.0,-0.1,-1.0,-0.1
3,NONE,-1.0,-0.1,-1.0,-0.1
2,EV_B13_C008_Mototaxi_Electrica_P07,-1.0,-0.1,7.0,39.5412124753806
1,EV_B13_C008_Mototaxi_Electrica_P07,7.0,86.99312384224945,-1.0,39.5412124753806
1,EV_B13_C008_Mototaxi_Electrica_P07,6.0,86.99312384224945,-1.0,39.5412124753806
1,EV_B13_C008_Mototaxi_Electrica_P07,5.0,86.99312384224945,-1.0,39.5412124753806
1,EV_B13_C008_Mototaxi_Electrica_P07,4.0,86.99312384224945,-1.0,39.5412124753806
1,EV_B13_C008_Mototaxi_Electrica_P07,3.0,86.99312384224945,-1.0,39.5412124753806
1,EV_B13_C008_Mototaxi_Electrica_P07,2.0,86.99312384224945,-1.0,39.5412124753806
1,EV_B13_C008_Mototaxi_Electrica_P07,1.0,86.99312384224945,-1.0,39.5412124753806
1,EV_B13_C008_Mototaxi_Electrica_P07,0.0,86.99312384224945,-1.0,39.5412124753806
3,NONE,-1.0,-0.1,-1.0,-0.1
3,NONE,-1.0,-0.1,-1.0,-0.1
3,NONE,-1.0,-0.1,-1.0,-0.1
3,NONE,-1.0,-0.1,-1.0,-0.1
3,NONE,-1.0,-0.1,-1.0,-0.1
3,NONE,-1.0,-0.1,-1.0,-0.1
3,NONE,-1.0,-0.1,-1.0,-0.1
3,NONE,-1.0,-0.1,-1.0,-0.1
3,NONE,-1.0,-0.1,-1.0,-0.1
3,NONE,-1.0,-0.1,-1.0,-0.1
3,NONE,-1.0,-0.1,-1.0,-0.1
3,NONE,-1.0,-0.1,-1.0,-0.1
3,NONE,-1.0,-0.1,-1.0,-0.1
3,NONE,-1.0,-0.1,-1.0,-0.1
3,NONE,-1.0,-0.1,-1.0,-0.1
3,NONE,-1.0,-0.1,-1.0,-0.1
3,NONE,-1.0,-0.1,-1.0,-0.1
3,NONE,-1.0,-0.1,-1.0,-0.1
3,NONE,-1.0,-0.1,-1.0,-0.1
3,NONE,-1.0,-0.1,-1.0,-0.1
3,NONE,-1.0,-0.1,-1.0,-0.1
3,NONE,-1.0,-0.1,-1.0,-0.1
3,NONE,-1.0,-0.1,-1.0,-0.1
3,NONE,-1.0,-0.1,-1.0,-0.1
3,NONE,-1.0,-0.1,-1.0,-0.1
3,NONE,-1.0,-0.1,-1.0,-0.1
3,NONE,-1.0,-0.1,-1.0,-0.1
3,NONE,-1.0,-0.1,-1.0,-0.1
3,NONE,-1.0,-0.1,-1.0,-0.1
3,NONE,-1.0,-0.1,-1.0,-0.1
3,NONE,-1.0,-0.1,-1.0,-0.1
3,NONE,-1.0,-0.1,-1.0,-0.1
3,NONE,-1.0,-0.1,-1.0,-0.1
3,NONE,-1.0,-0.1,-1.0,-0.1
3,NONE,-1.0,-0.1,-1.0,-0.1
3,NONE,-1.0,-0.1,-1.0,-0.1
3,NONE,-1.0,-0.1,-1.0,-0.1
3,NONE,-1.0,-0.1,-1.0,-0.1
3,NONE,-1.0,-0.1,-1.0,-0.1
3,NONE,-1.0,-0.1,-1.0,-0.1
2,EV_B13_C008_Mototaxi_Electrica_P08,-1.0,-0.1,8.0,10.625487926911013
1,EV_B13_C008_Mototaxi_Electrica_P08,6.0,81.47851980721875,-1.0,10.625487926911013
1,EV_B13_C008_Mototaxi_Electrica_P08,5.0,81.47851980721875,-1.0,10.625487926911013
1,EV_B13_C008_Mototaxi_Electrica_P08,4.0,81.47851980721875,-1.0,10.625487926911013
1,EV_B13_C008_Mototaxi_Electrica_P08,3.0,81.47851980721875,-1.0,10.625487926911013
1,EV_B13_C008_Mototaxi_Electrica_P08,2.0,81.47851980721875,-1.0,10.625487926911013
1,EV_B13_C008_Mototaxi_Electrica_P08,1.0,81.47851980721875,-1.0,10.625487926911013
1,EV_B13_C008_Mototaxi_Electrica_P08,0.0,81.47851980721875,-1.0,10.625487926911013
3,NONE,-1.0,-0.1,-1.0,-0.1
3,NONE,-1.0,-0.1,-1.0,-0.1
3,NONE,-1.0,-0.1,-1.0,-0.1
3,NONE,-1.0,-0.1,-1.0,-0.1
3,NONE,-1.0,-0.1,-1.0,-0.1
3,NONE,-1.0,-0.1,-1.0,-0.1
3,NONE,-1.0,-0.1,-1.0,-0.1
3,NONE,-1.0,-0.1,-1.0,-0.1
3,NONE,-1.0,-0.1,-1.0,-0.1
3,NONE,-1.0,-0.1,-1.0,-0.1
3,NONE,-1.0,-0.1,-1.0,-0.1
3,NONE,-1.0,-0.1,-1.0,-0.1
3,NONE,-1.0,-0.1,-1.0,-0.1
3,NONE,-1.0,-0.1,-1.0,-0.1
3,NONE,-1.0,-0.1,-1.0,-0.1
3,NONE,-1.0,-0.1,-1.0,-0.1
2,EV_B13_C008_Mototaxi_Electrica_P09,-1.0,-0.1,8.0,40.531020983401994
1,EV_B13_C008_Mototaxi_Electrica_P09,6.0,78.72663925707096,-1.0,40.531020983401994
1,EV_B13_C008_Mototaxi_Electrica_P09,5.0,78.72663925707096,-1.0,40.531020983401994
1,EV_B13_C008_Mototaxi_Electrica_P09,4.0,78.72663925707096,-1.0,40.531020983401994
1,EV_B13_C008_Mototaxi_Electrica_P09,3.0,78.72663925707096,-1.0,40.531020983401994
1,EV_B13_C008_Mototaxi_Electrica_P09,2.0,78.72663925707096,-1.0,40.531020983401994
1,EV_B13_C008_Mototaxi_Electrica_P09,1.0,78.72663925707096,-1.0,40.531020983401994
1,EV_B13_C008_Mototaxi_Electrica_P09,0.0,78.72663925707096,-1.0,40.531020983401994
3,NONE,-1.0,-0.1,-1.0,-0.1
3,NONE,-1.0,-0.1,-1.0,-0.1
3,NONE,-1.0,-0.1,-1.0,-0.1
3,NONE,-1.0,-0.1,-1.0,-0.1
3,NONE,-1.0,-0.1,-1.0,-0.1
3,NONE,-1.0,-0.1,-1.0,-0.1
3,NONE,-1.0,-0.1,-1.0,-0.1
3,NONE,-1.0,-0.1,-1.0,-0.1
3,NONE,-1.0,-0.1,-1.0,-0.1
3,NONE,-1.0,-0.1,-1.0,-0.1
3,NONE,-1.0,-0.1,-1.0,-0.1
3,NONE,-1.0,-0.1,-1.0,-0.1
3,NONE,-1.0,-0.1,-1.0,-0.1
3,NONE,-1.0,-0.1,-1.0,-0.1
3,NONE,-1.0,-0.1,-1.0,-0.1
3,NONE,-1.0,-0.1,-1.0,-0.1
3,NONE,-1.0,-0.1,-1.0,-0.1
3,NONE,-1.0,-0.1,-1.0,-0.1
3,NONE,-1.0,-0.1,-1.0,-0.1
3,NONE,-1.0,-0.1,-1.0,-0.1
3,NONE,-1.0,-0.1,-1.0,-0.1
3,NONE,-1.0,-0.1,-1.0,-0.1
3,NONE,-1.0,-0.1,-1.0,-0.1
3,NONE,-1.0,-0.1,-1.0,-0.1
3,NONE,-1.0,-0.1,-1.0,-0.1
3,NONE,-1.0,-0.1,-1.0,-0.1
3,NONE,-1.0,-0.1,-1.0,-0.1
3,NONE,-1.0,-0.1,-1.0,-0.1
3,NONE,-1.0,-0.1,-1.0,-0.1
3,NONE,-1.0,-0.1,-1.0,-0.1
3,NONE,-1.0,-0.1,-1.0,-0.1
3,NONE,-1.0,-0.1,-1.0,-0.1
3,NONE,-1.0,-0.1,-1.0,-0.1
3,NONE,-1.0,-0.1,-1.0,-0.1
3,NONE,-1.0,-0.1,-1.0,-0.1
3,NONE,-1.0,-0.1,-1.0,-0.1
3,NONE,-1.0,-0.1,-1.0,-0.1
3,NONE,-1.0,-0.1,-1.0,-0.1
3,NONE,-1.0,-0.1,-1.0,-0.1
3,NONE,-1.0,-0.1,-1.0,-0.1
3,NONE,-1.0,-0.1,-1.0,-0.1
3,NONE,-1.0,-0.1,-1.0,-0.1
3,NONE,-1.0,-0.1,-1.0,-0.1
3,NONE,-1.0,-0.1,-1.0,-0.1
3,NONE,-1.0,-0.1,-1.0,-0.1
3,NONE,-1.0,-0.1,-1.0,-0.1
3,NONE,-1.0,-0.1,-1.0,-0.1
3,NONE,-1.0,-0.1,-1.0,-0.1
3,NONE,-1.0,-0.1,-1.0,-0.1
3,NONE,-1.0,-0.1,-1.0,-0.1
3,NONE,-1.0,-0.1,-1.0,-0.1
3,NONE,-1.0,-0.1,-1.0,-0.1
3,NONE,-1.0,-0.1,-1.0,-0.1
3,NONE,-1.0,-0.1,-1.0,-0.1
3,NONE,-1.0,-0.1,-1.0,-0.1
3,NONE,-1.0,-0.1,-1.0,-0.1
3,NONE,-1.0,-0.1,-1.0,-0.1
3,NONE,-1.0,-0.1,-1.0,-0.1
3,NONE,-1.0,-0.1,-1.0,-0.1
3,NONE,-1.0,-0.1,-1.0,-0.1
3,NONE,-1.0,-0.1,-1.0,-0.1
3,NONE,-1.0,-0.1,-1.0,-0.1
3,NONE,-1.0,-0.1,-1.0,-0.1
2,EV_B13_C008_Mototaxi_Electrica_P10,-1.0,-0.1,7.0,39.79023754032551
1,EV_B13_C008_Mototaxi_Electrica_P10,7.0,83.51523815639214,-1.0,39.79023754032551
1,EV_B13_C008_Mototaxi_Electrica_P10,6.0,83.51523815639214,-1.0,39.79023754032551
1,EV_B13_C008_Mototaxi_Electrica_P10,5.0,83.51523815639214,-1.0,39.79023754032551
1,EV_B13_C008_Mototaxi_Electrica_P10,4.0,83.51523815639214,-1.0,39.79023754032551
1,EV_B13_C008_Mototaxi_Electrica_P10,3.0,83.51523815639214,-1.0,39.79023754032551
1,EV_B13_C008_Mototaxi_Electrica_P10,2.0,83.51523815639214,-1.0,39.79023754032551
1,EV_B13_C008_Mototaxi_Electrica_P10,1.0,83.51523815639214,-1.0,39.79023754032551
1,EV_B13_C008_Mototaxi_Electrica_P10,0.0,83.51523815639214,-1.0,39.79023754032551
3,NONE,-1.0,-0.1,-1.0,-0.1
3,NONE,-1.0,-0.1,-1.0,-0.1
3,NONE,-1.0,-0.1,-1.0,-0.1
3,NONE,-1.0,-0.1,-1.0,-0.1
3,NONE,-1.0,-0.1,-1.0,-0.1
3,NONE,-1.0,-0.1,-1.0,-0.1
3,NONE,-1.0,-0.1,-1.0,-0.1
3,NONE,-1.0,-0.1,-1.0,-0.1
3,NONE,-1.0,-0.1,-1.0,-0.1
3,NONE,-1.0,-0.1,-1.0,-0.1
3,NONE,-1.0,-0.1,-1.0,-0.1
3,NONE,-1.0,-0.1,-1.0,-0.1
3,NONE,-1.0,-0.1,-1.0,-0.1
3,NONE,-1.0,-0.1,-1.0,-0.1
3,NONE,-1.0,-0.1,-1.0,-0.1
3,NONE,-1.0,-0.1,-1.0,-0.1
2,EV_B13_C008_Mototaxi_Electrica_P01,-1.0,-0.1,8.0,36.29387644459361
1,EV_B13_C008_Mototaxi_Electrica_P01,6.0,76.90589313014983,-1.0,36.29387644459361
1,EV_B13_C008_Mototaxi_Electrica_P01,5.0,76.90589313014983,-1.0,36.29387644459361
1,EV_B13_C008_Mototaxi_Electrica_P01,4.0,76.90589313014983,-1.0,36.29387644459361
1,EV_B13_C008_Mototaxi_Electrica_P01,3.0,76.90589313014983,-1.0,36.29387644459361
1,EV_B13_C008_Mototaxi_Electrica_P01,2.0,76.90589313014983,-1.0,36.29387644459361
1,EV_B13_C008_Mototaxi_Electrica_P01,1.0,76.90589313014983,-1.0,36.29387644459361
1,EV_B13_C008_Mototaxi_Electrica_P01,0.0,76.90589313014983,-1.0,36.29387644459361
3,NONE,-1.0,-0.1,-1.0,-0.1
3,NONE,-1.0,-0.1,-1.0,-0.1
3,NONE,-1.0,-0.1,-1.0,-0.1
3,NONE,-1.0,-0.1,-1.0,-0.1
3,NONE,-1.0,-0.1,-1.0,-0.1
3,NONE,-1.0,-0.1,-1.0,-0.1
3,NONE,-1.0,-0.1,-1.0,-0.1
3,NONE,-1.0,-0.1,-1.0,-0.1
3,NONE,-1.0,-0.1,-1.0,-0.1
3,NONE,-1.0,-0.1,-1.0,-0.1
3,NONE,-1.0,-0.1,-1.0,-0.1
3,NONE,-1.0,-0.1,-1.0,-0.1
3,NONE,-1.0,-0.1,-1.0,-0.1
3,NONE,-1.0,-0.1,-1.0,-0.1
3,NONE,-1.0,-0.1,-1.0,-0.1
3,NONE,-1.0,-0.1,-1.0,-0.1
3,NONE,-1.0,-0.1,-1.0,-0.1
2,EV_B13_C008_Mototaxi_Electrica_P02,-1.0,-0.1,9.0,46.255192217002815
1,EV_B13_C008_Mototaxi_Electrica_P02,5.0,72.27308099319193,-1.0,46.255192217002815
1,EV_B13_C008_Mototaxi_Electrica_P02,4.0,72.27308099319193,-1.0,46.255192217002815
1,EV_B13_C008_Mototaxi_Electrica_P02,3.0,72.27308099319193,-1.0,46.255192217002815
1,EV_B13_C008_Mototaxi_Electrica_P02,2.0,72.27308099319193,-1.0,46.255192217002815
1,EV_B13_C008_Mototaxi_Electrica_P02,1.0,72.27308099319193,-1.0,46.255192217002815
1,EV_B13_C008_Mototaxi_Electrica_P02,0.0,72.27308099319193,-1.0,46.255192217002815
3,NONE,-1.0,-0.1,-1.0,-0.1
3,NONE,-1.0,-0.1,-1.0,-0.1
3,NONE,-1.0,-0.1,-1.0,-0.1
3,NONE,-1.0,-0.1,-1.0,-0.1
3,NONE,-1.0,-0.1,-1.0,-0.1
3,NONE,-1.0,-0.1,-1.0,-0.1
3,NONE,-1.0,-0.1,-1.0,-0.1
3,NONE,-1.0,-0.1,-1.0,-0.1
3,NONE,-1.0,-0.1,-1.0,-0.1
3,NONE,-1.0,-0.1,-1.0,-0.1
3,NONE,-1.0,-0.1,-1.0,-0.1
3,NONE,-1.0,-0.1,-1.0,-0.1
3,NONE,-1.0,-0.1,-1.0,-0.1
3,NONE,-1.0,-0.1,-1.0,-0.1
3,NONE,-1.0,-0.1,-1.0,-0.1
3,NONE,-1.0,-0.1,-1.0,-0.1
2,EV_B13_C008_Mototaxi_Electrica_P03,-1.0,-0.1,8.0,34.10181947465365
1,EV_B13_C008_Mototaxi_Electrica_P03,6.0,79.77303064264379,-1.0,34.10181947465365
1,EV_B13_C008_Mototaxi_Electrica_P03,5.0,79.77303064264379,-1.0,34.10181947465365
1,EV_B13_C008_Mototaxi_Electrica_P03,4.0,79.77303064264379,-1.0,34.10181947465365
1,EV_B13_C008_Mototaxi_Electrica_P03,3.0,79.77303064264379,-1.0,34.10181947465365
1,EV_B13_C008_Mototaxi_Electrica_P03,2.0,79.77303064264379,-1.0,34.10181947465365
1,EV_B13_C008_Mototaxi_Electrica_P03,1.0,79.77303064264379,-1.0,34.10181947465365
1,EV_B13_C008_Mototaxi_Electrica_P03,0.0,79.77303064264379,-1.0,34.10181947465365
3,NONE,-1.0,-0.1,-1.0,-0.1
3,NONE,-1.0,-0.1,-1.0,-0.1
3,NONE,-1.0,-0.1,-1.0,-0.1
3,NONE,-1.0,-0.1,-1.0,-0.1
3,NONE,-1.0,-0.1,-1.0,-0.1
3,NONE,-1.0,-0.1,-1.0,-0.1
3,NONE,-1.0,-0.1,-1.0,-0.1
3,NONE,-1.0,-0.1,-1.0,-0.1
3,NONE,-1.0,-0.1,-1.0,-0.1
3,NONE,-1.0,-0.1,-1.0,-0.1
3,NONE,-1.0,-0.1,-1.0,-0.1
3,NONE,-1.0,-0.1,-1.0,-0.1
3,NONE,-1.0,-0.1,-1.0,-0.1
3,NONE,-1.0,-0.1,-1.0,-0.1
3,NONE,-1.0,-0.1,-1.0,-0.1
3,NONE,-1.0,-0.1,-1.0,-0.1
3,NONE,-1.0,-0.1,-1.0,-0.1
3,NONE,-1.0,-0.1,-1.0,-0.1
3,NONE,-1.0,-0.1,-1.0,-0.1
3,NONE,-1.0,-0.1,-1.0,-0.1
3,NONE,-1.0,-0.1,-1.0,-0.1
3,NONE,-1.0,-0.1,-1.0,-0.1
3,NONE,-1.0,-0.1,-1.0,-0.1
3,NONE,-1.0,-0.1,-1.0,-0.1
3,NONE,-1.0,-0.1,-1.0,-0.1
3,NONE,-1.0,-0.1,-1.0,-0.1
3,NONE,-1.0,-0.1,-1.0,-0.1
3,NONE,-1.0,-0.1,-1.0,-0.1
3,NONE,-1.0,-0.1,-1.0,-0.1
3,NONE,-1.0,-0.1,-1.0,-0.1
3,NONE,-1.0,-0.1,-1.0,-0.1
3,NONE,-1.0,-0.1,-1.0,-0.1
3,NONE,-1.0,-0.1,-1.0,-0.1
3,NONE,-1.0,-0.1,-1.0,-0.1
3,NONE,-1.0,-0.1,-1.0,-0.1
3,NONE,-1.0,-0.1,-1.0,-0.1
3,NONE,-1.0,-0.1,-1.0,-0.1
3,NONE,-1.0,-0.1,-1.0,-0.1
3,NONE,-1.0,-0.1,-1.0,-0.1
3,NONE,-1.0,-0.1,-1.0,-0.1
3,NONE,-1.0,-0.1,-1.0,-0.1
3,NONE,-1.0,-0.1,-1.0,-0.1
3,NONE,-1.0,-0.1,-1.0,-0.1
3,NONE,-1.0,-0.1,-1.0,-0.1
3,NONE,-1.0,-0.1,-1.0,-0.1
3,NONE,-1.0,-0.1,-1.0,-0.1
3,NONE,-1.0,-0.1,-1.0,-0.1
3,NONE,-1.0,-0.1,-1.0,-0.1
3,NONE,-1.0,-0.1,-1.0,-0.1
3,NONE,-1.0,-0.1,-1.0,-0.1
3,NONE,-1.0,-0.1,-1.0,-0.1
3,NONE,-1.0,-0.1,-1.0,-0.1
3,NONE,-1.0,-0.1,-1.0,-0.1
3,NONE,-1.0,-0.1,-1.0,-0.1
3,NONE,-1.0,-0.1,-1.0,-0.1
3,NONE,-1.0,-0.1,-1.0,-0.1
3,NONE,-1.0,-0.1,-1.0,-0.1
3,NONE,-1.0,-0.1,-1.0,-0.1
3,NONE,-1.0,-0.1,-1.0,-0.1
3,NONE,-1.0,-0.1,-1.0,-0.1
3,NONE,-1.0,-0.1,-1.0,-0.1
3,NONE,-1.0,-0.1,-1.0,-0.1
3,NONE,-1.0,-0.1,-1.0,-0.1
3,NONE,-1.0,-0.1,-1.0,-0.1
3,NONE,-1.0,-0.1,-1.0,-0.1
3,NONE,-1.0,-0.1,-1.0,-0.1
3,NONE,-1.0,-0.1,-1.0,-0.1
3,NONE,-1.0,-0.1,-1.0,-0.1
3,NONE,-1.0,-0.1,-1.0,-0.1
3,NONE,-1.0,-0.1,-1.0,-0.1
3,NONE,-1.0,-0.1,-1.0,-0.1
3,NONE,-1.0,-0.1,-1.0,-0.1
3,NONE,-1.0,-0.1,-1.0,-0.1
3,NONE,-1.0,-0.1,-1.0,-0.1
3,NONE,-1.0,-0.1,-1.0,-0.1
3,NONE,-1.0,-0.1,-1.0,-0.1
3,NONE,-1.0,-0.1,-1.0,-0.1
3,NONE,-1.0,-0.1,-1.0,-0.1
3,NONE,-1.0,-0.1,-1.0,-0.1
3,NONE,-1.0,-0.1,-1.0,-0.1
3,NONE,-1.0,-0.1,-1.0,-0.1
3,NONE,-1.0,-0.1,-1.0,-0.1
3,NONE,-1.0,-0.1,-1.0,-0.1
3,NONE,-1.0,-0.1,-1.0,-0.1
3,NONE,-1.0,-0.1,-1.0,-0.1
3,NONE,-1.0,-0.1,-1.0,-0.1
3,NONE,-1.0,-0.1,-1.0,-0.1
3,NONE,-1.0,-0.1,-1.0,-0.1
2,EV_B13_C008_Mototaxi_Electrica_P04,-1.0,-0.1,8.0,54.150737445031105
1,EV_B13_C008_Mototaxi_Electrica_P04,6.0,82.37418719378988,-1.0,54.150737445031105
1,EV_B13_C008_Mototaxi_Electrica_P04,5.0,82.37418719378988,-1.0,54.150737445031105
1,EV_B13_C008_Mototaxi_Electrica_P04,4.0,82.37418719378988,-1.0,54.150737445031105
1,EV_B13_C008_Mototaxi_Electrica_P04,3.0,82.37418719378988,-1.0,54.150737445031105
1,EV_B13_C008_Mototaxi_Electrica_P04,2.0,82.37418719378988,-1.0,54.150737445031105
1,EV_B13_C008_Mototaxi_Electrica_P04,1.0,82.37418719378988,-1.0,54.150737445031105
1,EV_B13_C008_Mototaxi_Electrica_P04,0.0,82.37418719378988,-1.0,54.150737445031105
3,NONE,-1.0,-0.1,-1.0,-0.1
3,NONE,-1.0,-0.1,-1.0,-0.1
3,NONE,-1.0,-0.1,-1.0,-0.1
3,NONE,-1.0,-0.1,-1.0,-0.1
3,NONE,-1.0,-0.1,-1.0,-0.1
3,NONE,-1.0,-0.1,-1.0,-0.1
3,NONE,-1.0,-0.1,-1.0,-0.1
3,NONE,-1.0,-0.1,-1.0,-0.1
3,NONE,-1.0,-0.1,-1.0,-0.1
3,NONE,-1.0,-0.1,-1.0,-0.1
3,NONE,-1.0,-0.1,-1.0,-0.1
3,NONE,-1.0,-0.1,-1.0,-0.1
3,NONE,-1.0,-0.1,-1.0,-0.1
3,NONE,-1.0,-0.1,-1.0,-0.1
3,NONE,-1.0,-0.1,-1.0,-0.1
3,NONE,-1.0,-0.1,-1.0,-0.1
2,EV_B13_C008_Mototaxi_Electrica_P05,-1.0,-0.1,8.0,28.0771828927465
1,EV_B13_C008_Mototaxi_Electrica_P05,6.0,74.02157511248424,-1.0,28.0771828927465
1,EV_B13_C008_Mototaxi_Electrica_P05,5.0,74.02157511248424,-1.0,28.0771828927465
1,EV_B13_C008_Mototaxi_Electrica_P05,4.0,74.02157511248424,-1.0,28.0771828927465
1,EV_B13_C008_Mototaxi_Electrica_P05,3.0,74.02157511248424,-1.0,28.0771828927465
1,EV_B13_C008_Mototaxi_Electrica_P05,2.0,74.02157511248424,-1.0,28.0771828927465
1,EV_B13_C008_Mototaxi_Electrica_P05,1.0,74.02157511248424,-1.0,28.0771828927465
1,EV_B13_C008_Mototaxi_Electrica_P05,0.0,74.02157511248424,-1.0,28.0771828927465
3,NONE,-1.0,-0.1,-1.0,-0.1
3,NONE,-1.0,-0.1,-1.0,-0.1
3,NONE,-1.0,-0.1,-1.0,-0.1
3,NONE,-1.0,-0.1,-1.0,-0.1
3,NONE,-1.0,-0.1,-1.0,-0.1
3,NONE,-1.0,-0.1,-1.0,-0.1
3,NONE,-1.0,-0.1,-1.0,-0.1
3,NONE,-1.0,-0.1,-1.0,-0.1
3,NONE,-1.0,-0.1,-1.0,-0.1
3,NONE,-1.0,-0.1,-1.0,-0.1
3,NONE,-1.0,-0.1,-1.0,-0.1
3,NONE,-1.0,-0.1,-1.0,-0.1
3,NONE,-1.0,-0.1,-1.0,-0.1
3,NONE,-1.0,-0.1,-1.0,-0.1
3,NONE,-1.0,-0.1,-1.0,-0.1
3,NONE,-1.0,-0.1,-1.0,-0.1
3,NONE,-1.0,-0.1,-1.0,-0.1
3,NONE,-1.0,-0.1,-1.0,-0.1
3,NONE,-1.0,-0.1,-1.0,-0.1
3,NONE,-1.0,-0.1,-1.0,-0.1
3,NONE,-1.0,-0.1,-1.0,-0.1
3,NONE,-1.0,-0.1,-1.0,-0.1
3,NONE,-1.0,-0.1,-1.0,-0.1
3,NONE,-1.0,-0.1,-1.0,-0.1
3,NONE,-1.0,-0.1,-1.0,-0.1
3,NONE,-1.0,-0.1,-1.0,-0.1
3,NONE,-1.0,-0.1,-1.0,-0.1
3,NONE,-1.0,-0.1,-1.0,-0.1
3,NONE,-1.0,-0.1,-1.0,-0.1
3,NONE,-1.0,-0.1,-1.0,-0.1
3,NONE,-1.0,-0.1,-1.0,-0.1
3,NONE,-1.0,-0.1,-1.0,-0.1
3,NONE,-1.0,-0.1,-1.0,-0.1
3,NONE,-1.0,-0.1,-1.0,-0.1
3,NONE,-1.0,-0.1,-1.0,-0.1
3,NONE,-1.0,-0.1,-1.0,-0.1
3,NONE,-1.0,-0.1,-1.0,-0.1
3,NONE,-1.0,-0.1,-1.0,-0.1
3,NONE,-1.0,-0.1,-1.0,-0.1
3,NONE,-1.0,-0.1,-1.0,-0.1
2,EV_B13_C008_Mototaxi_Electrica_P06,-1.0,-0.1,8.0,18.20498264440635
1,EV_B13_C008_Mototaxi_Electrica_P06,6.0,74.13804454366145,-1.0,18.20498264440635
1,EV_B13_C008_Mototaxi_Electrica_P06,5.0,74.13804454366145,-1.0,18.20498264440635
1,EV_B13_C008_Mototaxi_Electrica_P06,4.0,74.13804454366145,-1.0,18.20498264440635
1,EV_B13_C008_Mototaxi_Electrica_P06,3.0,74.13804454366145,-1.0,18.20498264440635
1,EV_B13_C008_Mototaxi_Electrica_P06,2.0,74.13804454366145,-1.0,18.20498264440635
1,EV_B13_C008_Mototaxi_Electrica_P06,1.0,74.13804454366145,-1.0,18.20498264440635
1,EV_B13_C008_Mototaxi_Electrica_P06,0.0,74.13804454366145,-1.0,18.20498264440635
3,NONE,-1.0,-0.1,-1.0,-0.1
3,NONE,-1.0,-0.1,-1.0,-0.1
3,NONE,-1.0,-0.1,-1.0,-0.1
3,NONE,-1.0,-0.1,-1.0,-0.1
3,NONE,-1.0,-0.1,-1.0,-0.1
3,NONE,-1.0,-0.1,-1.0,-0.1
3,NONE,-1.0,-0.1,-1.0,-0.1
3,NONE,-1.0,-0.1,-1.0,-0.1
3,NONE,-1.0,-0.1,-1.0,-0.1
3,NONE,-1.0,-0.1,-1.0,-0.1
3,NONE,-1.0,-0.1,-1.0,-0.1
3,NONE,-1.0,-0.1,-1.0,-0.1
3,NONE,-1.0,-0.1,-1.0,-0.1
3,NONE,-1.0,-0.1,-1.0,-0.1
3,NONE,-1.0,-0.1,-1.0,-0.1
2,EV_B13_C008_Mototaxi_Electrica_P07,-1.0,-0.1,7.0,38.469165304176144
1,EV_B13_C008_Mototaxi_Electrica_P07,7.0,81.76777781569034,-1.0,38.469165304176144
1,EV_B13_C008_Mototaxi_Electrica_P07,6.0,81.76777781569034,-1.0,38.469165304176144
1,EV_B13_C008_Mototaxi_Electrica_P07,5.0,81.76777781569034,-1.0,38.469165304176144
1,EV_B13_C008_Mototaxi_Electrica_P07,4.0,81.76777781569034,-1.0,38.469165304176144
1,EV_B13_C008_Mototaxi_Electrica_P07,3.0,81.76777781569034,-1.0,38.469165304176144
1,EV_B13_C008_Mototaxi_Electrica_P07,2.0,81.76777781569034,-1.0,38.469165304176144
1,EV_B13_C008_Mototaxi_Electrica_P07,1.0,81.76777781569034,-1.0,38.469165304176144
1,EV_B13_C008_Mototaxi_Electrica_P07,0.0,81.76777781569034,-1.0,38.469165304176144
3,NONE,-1.0,-0.1,-1.0,-0.1
3,NONE,-1.0,-0.1,-1.0,-0.1
3,NONE,-1.0,-0.1,-1.0,-0.1
3,NONE,-1.0,-0.1,-1.0,-0.1
3,NONE,-1.0,-0.1,-1.0,-0.1
3,NONE,-1.0,-0.1,-1.0,-0.1
3,NONE,-1.0,-0.1,-1.0,-0.1
3,NONE,-1.0,-0.1,-1.0,-0.1
3,NONE,-1.0,-0.1,-1.0,-0.1
3,NONE,-1.0,-0.1,-1.0,-0.1
3,NONE,-1.0,-0.1,-1.0,-0.1
3,NONE,-1.0,-0.1,-1.0,-0.1
3,NONE,-1.0,-0.1,-1.0,-0.1
3,NONE,-1.0,-0.1,-1.0,-0.1
3,NONE,-1.0,-0.1,-1.0,-0.1
3,NONE,-1.0,-0.1,-1.0,-0.1
3,NONE,-1.0,-0.1,-1.0,-0.1
3,NONE,-1.0,-0.1,-1.0,-0.1
3,NONE,-1.0,-0.1,-1.0,-0.1
3,NONE,-1.0,-0.1,-1.0,-0.1
3,NONE,-1.0,-0.1,-1.0,-0.1
3,NONE,-1.0,-0.1,-1.0,-0.1
3,NONE,-1.0,-0.1,-1.0,-0.1
3,NONE,-1.0,-0.1,-1.0,-0.1
3,NONE,-1.0,-0.1,-1.0,-0.1
3,NONE,-1.0,-0.1,-1.0,-0.1
3,NONE,-1.0,-0.1,-1.0,-0.1
3,NONE,-1.0,-0.1,-1.0,-0.1
3,NONE,-1.0,-0.1,-1.0,-0.1
3,NONE,-1.0,-0.1,-1.0,-0.1
3,NONE,-1.0,-0.1,-1.0,-0.1
3,NONE,-1.0,-0.1,-1.0,-0.1
3,NONE,-1.0,-0.1,-1.0,-0.1
3,NONE,-1.0,-0.1,-1.0,-0.1
3,NONE,-1.0,-0.1,-1.0,-0.1
3,NONE,-1.0,-0.1,-1.0,-0.1
3,NONE,-1.0,-0.1,-1.0,-0.1
3,NONE,-1.0,-0.1,-1.0,-0.1
3,NONE,-1.0,-0.1,-1.0,-0.1
3,NONE,-1.0,-0.1,-1.0,-0.1
3,NONE,-1.0,-0.1,-1.0,-0.1
3,NONE,-1.0,-0.1,-1.0,-0.1
3,NONE,-1.0,-0.1,-1.0,-0.1
3,NONE,-1.0,-0.1,-1.0,-0.1
3,NONE,-1.0,-0.1,-1.0,-0.1
3,NONE,-1.0,-0.1,-1.0,-0.1
3,NONE,-1.0,-0.1,-1.0,-0.1
3,NONE,-1.0,-0.1,-1.0,-0.1
3,NONE,-1.0,-0.1,-1.0,-0.1
3,NONE,-1.0,-0.1,-1.0,-0.1
3,NONE,-1.0,-0.1,-1.0,-0.1
3,NONE,-1.0,-0.1,-1.0,-0.1
3,NONE,-1.0,-0.1,-1.0,-0.1
3,NONE,-1.0,-0.1,-1.0,-0.1
3,NONE,-1.0,-0.1,-1.0,-0.1
3,NONE,-1.0,-0.1,-1.0,-0.1
3,NONE,-1.0,-0.1,-1.0,-0.1
3,NONE,-1.0,-0.1,-1.0,-0.1
3,NONE,-1.0,-0.1,-1.0,-0.1
3,NONE,-1.0,-0.1,-1.0,-0.1
3,NONE,-1.0,-0.1,-1.0,-0.1
3,NONE,-1.0,-0.1,-1.0,-0.1
3,NONE,-1.0,-0.1,-1.0,-0.1
3,NONE,-1.0,-0.1,-1.0,-0.1
3,NONE,-1.0,-0.1,-1.0,-0.1
3,NONE,-1.0,-0.1,-1.0,-0.1
3,NONE,-1.0,-0.1,-1.0,-0.1
3,NONE,-1.0,-0.1,-1.0,-0.1
3,NONE,-1.0,-0.1,-1.0,-0.1
3,NONE,-1.0,-0.1,-1.0,-0.1
3,NONE,-1.0,-0.1,-1.0,-0.1
3,NONE,-1.0,-0.1,-1.0,-0.1
3,NONE,-1.0,-0.1,-1.0,-0.1
3,NONE,-1.0,-0.1,-1.0,-0.1
3,NONE,-1.0,-0.1,-1.0,-0.1
3,NONE,-1.0,-0.1,-1.0,-0.1
3,NONE,-1.0,-0.1,-1.0,-0.1
3,NONE,-1.0,-0.1,-1.0,-0.1
3,NONE,-1.0,-0.1,-1.0,-0.1
3,NONE,-1.0,-0.1,-1.0,-0.1
3,NONE,-1.0,-0.1,-1.0,-0.1
3,NONE,-1.0,-0.1,-1.0,-0.1
3,NONE,-1.0,-0.1,-1.0,-0.1
3,NONE,-1.0,-0.1,-1.0,-0.1
3,NONE,-1.0,-0.1,-1.0,-0.1
3,NONE,-1.0,-0.1,-1.0,-0.1
3,NONE,-1.0,-0.1,-1.0,-0.1
2,EV_B13_C008_Mototaxi_Electrica_P08,-1.0,-0.1,7.0,29.368924001920313
1,EV_B13_C008_Mototaxi_Electrica_P08,7.0,73.24148338061774,-1.0,29.368924001920313
1,EV_B13_C008_Mototaxi_Electrica_P08,6.0,73.24148338061774,-1.0,29.368924001920313
1,EV_B13_C008_Mototaxi_Electrica_P08,5.0,73.24148338061774,-1.0,29.368924001920313
1,EV_B13_C008_Mototaxi_Electrica_P08,4.0,73.24148338061774,-1.0,29.368924001920313
1,EV_B13_C008_Mototaxi_Electrica_P08,3.0,73.24148338061774,-1.0,29.368924001920313
1,EV_B13_C008_Mototaxi_Electrica_P08,2.0,73.24148338061774,-1.0,29.368924001920313
1,EV_B13_C008_Mototaxi_Electrica_P08,1.0,73.24148338061774,-1.0,29.368924001920313
1,EV_B13_C008_Mototaxi_Electrica_P08,0.0,73.24148338061774,-1.0,29.368924001920313
3,NONE,-1.0,-0.1,-1.0,-0.1
3,NONE,-1.0,-0.1,-1.0,-0.1
3,NONE,-1.0,-0.1,-1.0,-0.1
3,NONE,-1.0,-0.1,-1.0,-0.1
3,NONE,-1.0,-0.1,-1.0,-0.1
3,NONE,-1.0,-0.1,-1.0,-0.1
3,NONE,-1.0,-0.1,-1.0,-0.1
3,NONE,-1.0,-0.1,-1.0,-0.1
3,NONE,-1.0,-0.1,-1.0,-0.1
3,NONE,-1.0,-0.1,-1.0,-0.1
3,NONE,-1.0,-0.1,-1.0,-0.1
3,NONE,-1.0,-0.1,-1.0,-0.1
3,NONE,-1.0,-0.1,-1.0,-0.1
3,NONE,-1.0,-0.1,-1.0,-0.1
3,NONE,-1.0,-0.1,-1.0,-0.1
3,NONE,-1.0,-0.1,-1.0,-0.1
3,NONE,-1.0,-0.1,-1.0,-0.1
3,NONE,-1.0,-0.1,-1.0,-0.1
3,NONE,-1.0,-0.1,-1.0,-0.1
3,NONE,-1.0,-0.1,-1.0,-0.1
3,NONE,-1.0,-0.1,-1.0,-0.1
3,NONE,-1.0,-0.1,-1.0,-0.1
3,NONE,-1.0,-0.1,-1.0,-0.1
3,NONE,-1.0,-0.1,-1.0,-0.1
3,NONE,-1.0,-0.1,-1.0,-0.1
3,NONE,-1.0,-0.1,-1.0,-0.1
3,NONE,-1.0,-0.1,-1.0,-0.1
3,NONE,-1.0,-0.1,-1.0,-0.1
3,NONE,-1.0,-0.1,-1.0,-0.1
3,NONE,-1.0,-0.1,-1.0,-0.1
3,NONE,-1.0,-0.1,-1.0,-0.1
3,NONE,-1.0,-0.1,-1.0,-0.1
3,NONE,-1.0,-0.1,-1.0,-0.1
3,NONE,-1.0,-0.1,-1.0,-0.1
3,NONE,-1.0,-0.1,-1.0,-0.1
3,NONE,-1.0,-0.1,-1.0,-0.1
3,NONE,-1.0,-0.1,-1.0,-0.1
3,NONE,-1.0,-0.1,-1.0,-0.1
3,NONE,-1.0,-0.1,-1.0,-0.1
3,NONE,-1.0,-0.1,-1.0,-0.1
3,NONE,-1.0,-0.1,-1.0,-0.1
3,NONE,-1.0,-0.1,-1.0,-0.1
3,NONE,-1.0,-0.1,-1.0,-0.1
3,NONE,-1.0,-0.1,-1.0,-0.1
3,NONE,-1.0,-0.1,-1.0,-0.1
3,NONE,-1.0,-0.1,-1.0,-0.1
3,NONE,-1.0,-0.1,-1.0,-0.1
3,NONE,-1.0,-0.1,-1.0,-0.1
3,NONE,-1.0,-0.1,-1.0,-0.1
3,NONE,-1.0,-0.1,-1.0,-0.1
3,NONE,-1.0,-0.1,-1.0,-0.1
3,NONE,-1.0,-0.1,-1.0,-0.1
3,NONE,-1.0,-0.1,-1.0,-0.1
3,NONE,-1.0,-0.1,-1.0,-0.1
3,NONE,-1.0,-0.1,-1.0,-0.1
3,NONE,-1.0,-0.1,-1.0,-0.1
3,NONE,-1.0,-0.1,-1.0,-0.1
3,NONE,-1.0,-0.1,-1.0,-0.1
3,NONE,-1.0,-0.1,-1.0,-0.1
3,NONE,-1.0,-0.1,-1.0,-0.1
3,NONE,-1.0,-0.1,-1.0,-0.1
3,NONE,-1.0,-0.1,-1.0,-0.1
3,NONE,-1.0,-0.1,-1.0,-0.1
3,NONE,-1.0,-0.1,-1.0,-0.1
3,NONE,-1.0,-0.1,-1.0,-0.1
3,NONE,-1.0,-0.1,-1.0,-0.1
3,NONE,-1.0,-0.1,-1.0,-0.1
3,NONE,-1.0,-0.1,-1.0,-0.1
3,NONE,-1.0,-0.1,-1.0,-0.1
3,NONE,-1.0,-0.1,-1.0,-0.1
3,NONE,-1.0,-0.1,-1.0,-0.1
3,NONE,-1.0,-0.1,-1.0,-0.1
3,NONE,-1.0,-0.1,-1.0,-0.1
3,NONE,-1.0,-0.1,-1.0,-0.1
3,NONE,-1.0,-0.1,-1.0,-0.1
3,NONE,-1.0,-0.1,-1.0,-0.1
3,NONE,-1.0,-0.1,-1.0,-0.1
3,NONE,-1.0,-0.1,-1.0,-0.1
3,NONE,-1.0,-0.1,-1.0,-0.1
3,NONE,-1.0,-0.1,-1.0,-0.1
3,NONE,-1.0,-0.1,-1.0,-0.1
3,NONE,-1.0,-0.1,-1.0,-0.1
3,NONE,-1.0,-0.1,-1.0,-0.1
3,NONE,-1.0,-0.1,-1.0,-0.1
3,NONE,-1.0,-0.1,-1.0,-0.1
3,NONE,-1.0,-0.1,-1.0,-0.1
3,NONE,-1.0,-0.1,-1.0,-0.1
3,NONE,-1.0,-0.1,-1.0,-0.1
3,NONE,-1.0,-0.1,-1.0,-0.1
3,NONE,-1.0,-0.1,-1.0,-0.1
3,NONE,-1.0,-0.1,-1.0,-0.1
3,NONE,-1.0,-0.1,-1.0,-0.1
3,NONE,-1.0,-0.1,-1.0,-0.1
3,NONE,-1.0,-0.1,-1.0,-0.1
3,NONE,-1.0,-0.1,-1.0,-0.1
3,NONE,-1.0,-0.1,-1.0,-0.1
3,NONE,-1.0,-0.1,-1.0,-0.1
3,NONE,-1.0,-0.1,-1.0,-0.1
3,NONE,-1.0,-0.1,-1.0,-0.1
3,NONE,-1.0,-0.1,-1.0,-0.1
3,NONE,-1.0,-0.1,-1.0,-0.1
3,NONE,-1.0,-0.1,-1.0,-0.1
3,NONE,-1.0,-0.1,-1.0,-0.1
3,NONE,-1.0,-0.1,-1.0,-0.1
3,NONE,-1.0,-0.1,-1.0,-0.1
3,NONE,-1.0,-0.1,-1.0,-0.1
3,NONE,-1.0,-0.1,-1.0,-0.1
3,NONE,-1.0,-0.1,-1.0,-0.1
3,NONE,-1.0,-0.1,-1.0,-0.1
3,NONE,-1.0,-0.1,-1.0,-0.1
3,NONE,-1.0,-0.1,-1.0,-0.1
3,NONE,-1.0,-0.1,-1.0,-0.1
3,NONE,-1.0,-0.1,-1.0,-0.1
3,NONE,-1.0,-0.1,-1.0,-0.1
3,NONE,-1.0,-0.1,-1.0,-0.1
3,NONE,-1.0,-0.1,-1.0,-0.1
3,NONE,-1.0,-0.1,-1.0,-0.1
3,NONE,-1.0,-0.1,-1.0,-0.1
3,NONE,-1.0,-0.1,-1.0,-0.1
3,NONE,-1.0,-0.1,-1.0,-0.1
3,NONE,-1.0,-0.1,-1.0,-0.1
3,NONE,-1.0,-0.1,-1.0,-0.1
3,NONE,-1.0,-0.1,-1.0,-0.1
3,NONE,-1.0,-0.1,-1.0,-0.1
3,NONE,-1.0,-0.1,-1.0,-0.1
3,NONE,-1.0,-0.1,-1.0,-0.1
3,NONE,-1.0,-0.1,-1.0,-0.1
3,NONE,-1.0,-0.1,-1.0,-0.1
3,NONE,-1.0,-0.1,-1.0,-0.1
3,NONE,-1.0,-0.1,-1.0,-0.1
3,NONE,-1.0,-0.1,-1.0,-0.1
3,NONE,-1.0,-0.1,-1.0,-0.1
3,NONE,-1.0,-0.1,-1.0,-0.1
3,NONE,-1.0,-0.1,-1.0,-0.1
3,NONE,-1.0,-0.1,-1.0,-0.1
3,NONE,-1.0,-0.1,-1.0,-0.1
3,NONE,-1.0,-0.1,-1.0,-0.1
3,NONE,-1.0,-0.1,-1.0,-0.1
3,NONE,-1.0,-0.1,-1.0,-0.1
3,NONE,-1.0,-0.1,-1.0,-0.1
3,NONE,-1.0,-0.1,-1.0,-0.1
3,NONE,-1.0,-0.1,-1.0,-0.1
3,NONE,-1.0,-0.1,-1.0,-0.1
3,NONE,-1.0,-0.1,-1.0,-0.1
3,NONE,-1.0,-0.1,-1.0,-0.1
3,NONE,-1.0,-0.1,-1.0,-0.1
3,NONE,-1.0,-0.1,-1.0,-0.1
3,NONE,-1.0,-0.1,-1.0,-0.1
3,NONE,-1.0,-0.1,-1.0,-0.1
3,NONE,-1.0,-0.1,-1.0,-0.1
3,NONE,-1.0,-0.1,-1.0,-0.1
3,NONE,-1.0,-0.1,-1.0,-0.1
3,NONE,-1.0,-0.1,-1.0,-0.1
3,NONE,-1.0,-0.1,-1.0,-0.1
3,NONE,-1.0,-0.1,-1.0,-0.1
3,NONE,-1.0,-0.1,-1.0,-0.1
3,NONE,-1.0,-0.1,-1.0,-0.1
3,NONE,-1.0,-0.1,-1.0,-0.1
3,NONE,-1.0,-0.1,-1.0,-0.1
3,NONE,-1.0,-0.1,-1.0,-0.1
2,EV_B13_C008_Mototaxi_Electrica_P09,-1.0,-0.1,8.0,38.17860228127926
1,EV_B13_C008_Mototaxi_Electrica_P09,6.0,66.15265719140437,-1.0,38.17860228127926
1,EV_B13_C008_Mototaxi_Electrica_P09,5.0,66.15265719140437,-1.0,38.17860228127926
1,EV_B13_C008_Mototaxi_Electrica_P09,4.0,66.15265719140437,-1.0,38.17860228127926
1,EV_B13_C008_Mototaxi_Electrica_P09,3.0,66.15265719140437,-1.0,38.17860228127926
1,EV_B13_C008_Mototaxi_Electrica_P09,2.0,66.15265719140437,-1.0,38.17860228127926
1,EV_B13_C008_Mototaxi_Electrica_P09,1.0,66.15265719140437,-1.0,38.17860228127926
1,EV_B13_C008_Mototaxi_Electrica_P09,0.0,66.15265719140437,-1.0,38.17860228127926
3,NONE,-1.0,-0.1,-1.0,-0.1
3,NONE,-1.0,-0.1,-1.0,-0.1
3,NONE,-1.0,-0.1,-1.0,-0.1
3,NONE,-1.0,-0.1,-1.0,-0.1
3,NONE,-1.0,-0.1,-1.0,-0.1
3,NONE,-1.0,-0.1,-1.0,-0.1
3,NONE,-1.0,-0.1,-1.0,-0.1
3,NONE,-1.0,-0.1,-1.0,-0.1
3,NONE,-1.0,-0.1,-1.0,-0.1
3,NONE,-1.0,-0.1,-1.0,-0.1
3,NONE,-1.0,-0.1,-1.0,-0.1
3,NONE,-1.0,-0.1,-1.0,-0.1
3,NONE,-1.0,-0.1,-1.0,-0.1
3,NONE,-1.0,-0.1,-1.0,-0.1
3,NONE,-1.0,-0.1,-1.0,-0.1
3,NONE,-1.0,-0.1,-1.0,-0.1
3,NONE,-1.0,-0.1,-1.0,-0.1
2,EV_B13_C008_Mototaxi_Electrica_P10,-1.0,-0.1,9.0,20.734928469583302
1,EV_B13_C008_Mototaxi_Electrica_P10,5.0,85.3079401622613,-1.0,20.734928469583302
1,EV_B13_C008_Mototaxi_Electrica_P10,4.0,85.3079401622613,-1.0,20.734928469583302
1,EV_B13_C008_Mototaxi_Electrica_P10,3.0,85.3079401622613,-1.0,20.734928469583302
1,EV_B13_C008_Mototaxi_Electrica_P10,2.0,85.3079401622613,-1.0,20.734928469583302
1,EV_B13_C008_Mototaxi_Electrica_P10,1.0,85.3079401622613,-1.0,20.734928469583302
1,EV_B13_C008_Mototaxi_Electrica_P10,0.0,85.3079401622613,-1.0,20.734928469583302
3,NONE,-1.0,-0.1,-1.0,-0.1
3,NONE,-1.0,-0.1,-1.0,-0.1
3,NONE,-1.0,-0.1,-1.0,-0.1
3,NONE,-1.0,-0.1,-1.0,-0.1
3,NONE,-1.0,-0.1,-1.0,-0.1
3,NONE,-1.0,-0.1,-1.0,-0.1
3,NONE,-1.0,-0.1,-1.0,-0.1
3,NONE,-1.0,-0.1,-1.0,-0.1
3,NONE,-1.0,-0.1,-1.0,-0.1
3,NONE,-1.0,-0.1,-1.0,-0.1
3,NONE,-1.0,-0.1,-1.0,-0.1
3,NONE,-1.0,-0.1,-1.0,-0.1
3,NONE,-1.0,-0.1,-1.0,-0.1
3,NONE,-1.0,-0.1,-1.0,-0.1
3,NONE,-1.0,-0.1,-1.0,-0.1
3,NONE,-1.0,-0.1,-1.0,-0.1
3,NONE,-1.0,-0.1,-1.0,-0.1
3,NONE,-1.0,-0.1,-1.0,-0.1
3,NONE,-1.0,-0.1,-1.0,-0.1
3,NONE,-1.0,-0.1,-1.0,-0.1
3,NONE,-1.0,-0.1,-1.0,-0.1
3,NONE,-1.0,-0.1,-1.0,-0.1
3,NONE,-1.0,-0.1,-1.0,-0.1
3,NONE,-1.0,-0.1,-1.0,-0.1
3,NONE,-1.0,-0.1,-1.0,-0.1
3,NONE,-1.0,-0.1,-1.0,-0.1
3,NONE,-1.0,-0.1,-1.0,-0.1
3,NONE,-1.0,-0.1,-1.0,-0.1
3,NONE,-1.0,-0.1,-1.0,-0.1
3,NONE,-1.0,-0.1,-1.0,-0.1
3,NONE,-1.0,-0.1,-1.0,-0.1
3,NONE,-1.0,-0.1,-1.0,-0.1
3,NONE,-1.0,-0.1,-1.0,-0.1
3,NONE,-1.0,-0.1,-1.0,-0.1
3,NONE,-1.0,-0.1,-1.0,-0.1
3,NONE,-1.0,-0.1,-1.0,-0.1
3,NONE,-1.0,-0.1,-1.0,-0.1
3,NONE,-1.0,-0.1,-1.0,-0.1
3,NONE,-1.0,-0.1,-1.0,-0.1
3,NONE,-1.0,-0.1,-1.0,-0.1
2,EV_B13_C008_Mototaxi_Electrica_P01,-1.0,-0.1,8.0,17.583831687976208
1,EV_B13_C008_Mototaxi_Electrica_P01,6.0,82.60180288367548,-1.0,17.583831687976208
1,EV_B13_C008_Mototaxi_Electrica_P01,5.0,82.60180288367548,-1.0,17.583831687976208
1,EV_B13_C008_Mototaxi_Electrica_P01,4.0,82.60180288367548,-1.0,17.583831687976208
1,EV_B13_C008_Mototaxi_Electrica_P01,3.0,82.60180288367548,-1.0,17.583831687976208
1,EV_B13_C008_Mototaxi_Electrica_P01,2.0,82.60180288367548,-1.0,17.583831687976208
1,EV_B13_C008_Mototaxi_Electrica_P01,1.0,82.60180288367548,-1.0,17.583831687976208
1,EV_B13_C008_Mototaxi_Electrica_P01,0.0,82.60180288367548,-1.0,17.583831687976208
3,NONE,-1.0,-0.1,-1.0,-0.1
3,NONE,-1.0,-0.1,-1.0,-0.1
3,NONE,-1.0,-0.1,-1.0,-0.1
3,NONE,-1.0,-0.1,-1.0,-0.1
3,NONE,-1.0,-0.1,-1.0,-0.1
3,NONE,-1.0,-0.1,-1.0,-0.1
3,NONE,-1.0,-0.1,-1.0,-0.1
3,NONE,-1.0,-0.1,-1.0,-0.1
3,NONE,-1.0,-0.1,-1.0,-0.1
3,NONE,-1.0,-0.1,-1.0,-0.1
3,NONE,-1.0,-0.1,-1.0,-0.1
3,NONE,-1.0,-0.1,-1.0,-0.1
3,NONE,-1.0,-0.1,-1.0,-0.1
3,NONE,-1.0,-0.1,-1.0,-0.1
3,NONE,-1.0,-0.1,-1.0,-0.1
3,NONE,-1.0,-0.1,-1.0,-0.1
3,NONE,-1.0,-0.1,-1.0,-0.1
3,NONE,-1.0,-0.1,-1.0,-0.1
3,NONE,-1.0,-0.1,-1.0,-0.1
3,NONE,-1.0,-0.1,-1.0,-0.1
3,NONE,-1.0,-0.1,-1.0,-0.1
3,NONE,-1.0,-0.1,-1.0,-0.1
3,NONE,-1.0,-0.1,-1.0,-0.1
3,NONE,-1.0,-0.1,-1.0,-0.1
3,NONE,-1.0,-0.1,-1.0,-0.1
3,NONE,-1.0,-0.1,-1.0,-0.1
3,NONE,-1.0,-0.1,-1.0,-0.1
3,NONE,-1.0,-0.1,-1.0,-0.1
3,NONE,-1.0,-0.1,-1.0,-0.1
3,NONE,-1.0,-0.1,-1.0,-0.1
3,NONE,-1.0,-0.1,-1.0,-0.1
3,NONE,-1.0,-0.1,-1.0,-0.1
3,NONE,-1.0,-0.1,-1.0,-0.1
3,NONE,-1.0,-0.1,-1.0,-0.1
3,NONE,-1.0,-0.1,-1.0,-0.1
3,NONE,-1.0,-0.1,-1.0,-0.1
3,NONE,-1.0,-0.1,-1.0,-0.1
3,NONE,-1.0,-0.1,-1.0,-0.1
3,NONE,-1.0,-0.1,-1.0,-0.1
3,NONE,-1.0,-0.1,-1.0,-0.1
3,NONE,-1.0,-0.1,-1.0,-0.1
3,NONE,-1.0,-0.1,-1.0,-0.1
3,NONE,-1.0,-0.1,-1.0,-0.1
3,NONE,-1.0,-0.1,-1.0,-0.1
3,NONE,-1.0,-0.1,-1.0,-0.1
3,NONE,-1.0,-0.1,-1.0,-0.1
3,NONE,-1.0,-0.1,-1.0,-0.1
3,NONE,-1.0,-0.1,-1.0,-0.1
3,NONE,-1.0,-0.1,-1.0,-0.1
3,NONE,-1.0,-0.1,-1.0,-0.1
3,NONE,-1.0,-0.1,-1.0,-0.1
3,NONE,-1.0,-0.1,-1.0,-0.1
3,NONE,-1.0,-0.1,-1.0,-0.1
3,NONE,-1.0,-0.1,-1.0,-0.1
3,NONE,-1.0,-0.1,-1.0,-0.1
3,NONE,-1.0,-0.1,-1.0,-0.1
3,NONE,-1.0,-0.1,-1.0,-0.1
3,NONE,-1.0,-0.1,-1.0,-0.1
3,NONE,-1.0,-0.1,-1.0,-0.1
3,NONE,-1.0,-0.1,-1.0,-0.1
3,NONE,-1.0,-0.1,-1.0,-0.1
3,NONE,-1.0,-0.1,-1.0,-0.1
3,NONE,-1.0,-0.1,-1.0,-0.1
3,NONE,-1.0,-0.1,-1.0,-0.1
3,NONE,-1.0,-0.1,-1.0,-0.1
2,EV_B13_C008_Mototaxi_Electrica_P02,-1.0,-0.1,9.0,24.247118721598703
1,EV_B13_C008_Mototaxi_Electrica_P02,5.0,94.06429678553798,-1.0,24.247118721598703
1,EV_B13_C008_Mototaxi_Electrica_P02,4.0,94.06429678553798,-1.0,24.247118721598703
1,EV_B13_C008_Mototaxi_Electrica_P02,3.0,94.06429678553798,-1.0,24.247118721598703
1,EV_B13_C008_Mototaxi_Electrica_P02,2.0,94.06429678553798,-1.0,24.247118721598703
1,EV_B13_C008_Mototaxi_Electrica_P02,1.0,94.06429678553798,-1.0,24.247118721598703
1,EV_B13_C008_Mototaxi_Electrica_P02,0.0,94.06429678553798,-1.0,24.247118721598703
3,NONE,-1.0,-0.1,-1.0,-0.1
3,NONE,-1.0,-0.1,-1.0,-0.1
3,NONE,-1.0,-0.1,-1.0,-0.1
3,NONE,-1.0,-0.1,-1.0,-0.1
3,NONE,-1.0,-0.1,-1.0,-0.1
3,NONE,-1.0,-0.1,-1.0,-0.1
3,NONE,-1.0,-0.1,-1.0,-0.1
3,NONE,-1.0,-0.1,-1.0,-0.1
3,NONE,-1.0,-0.1,-1.0,-0.1
3,NONE,-1.0,-0.1,-1.0,-0.1
3,NONE,-1.0,-0.1,-1.0,-0.1
3,NONE,-1.0,-0.1,-1.0,-0.1
3,NONE,-1.0,-0.1,-1.0,-0.1
3,NONE,-1.0,-0.1,-1.0,-0.1
3,NONE,-1.0,-0.1,-1.0,-0.1
3,NONE,-1.0,-0.1,-1.0,-0.1
3,NONE,-1.0,-0.1,-1.0,-0.1
3,NONE,-1.0,-0.1,-1.0,-0.1
3,NONE,-1.0,-0.1,-1.0,-0.1
3,NONE,-1.0,-0.1,-1.0,-0.1
3,NONE,-1.0,-0.1,-1.0,-0.1
3,NONE,-1.0,-0.1,-1.0,-0.1
3,NONE,-1.0,-0.1,-1.0,-0.1
3,NONE,-1.0,-0.1,-1.0,-0.1
3,NONE,-1.0,-0.1,-1.0,-0.1
3,NONE,-1.0,-0.1,-1.0,-0.1
3,NONE,-1.0,-0.1,-1.0,-0.1
3,NONE,-1.0,-0.1,-1.0,-0.1
3,NONE,-1.0,-0.1,-1.0,-0.1
3,NONE,-1.0,-0.1,-1.0,-0.1
3,NONE,-1.0,-0.1,-1.0,-0.1
3,NONE,-1.0,-0.1,-1.0,-0.1
3,NONE,-1.0,-0.1,-1.0,-0.1
3,NONE,-1.0,-0.1,-1.0,-0.1
3,NONE,-1.0,-0.1,-1.0,-0.1
3,NONE,-1.0,-0.1,-1.0,-0.1
3,NONE,-1.0,-0.1,-1.0,-0.1
3,NONE,-1.0,-0.1,-1.0,-0.1
3,NONE,-1.0,-0.1,-1.0,-0.1
3,NONE,-1.0,-0.1,-1.0,-0.1
3,NONE,-1.0,-0.1,-1.0,-0.1
3,NONE,-1.0,-0.1,-1.0,-0.1
3,NONE,-1.0,-0.1,-1.0,-0.1
3,NONE,-1.0,-0.1,-1.0,-0.1
3,NONE,-1.0,-0.1,-1.0,-0.1
3,NONE,-1.0,-0.1,-1.0,-0.1
3,NONE,-1.0,-0.1,-1.0,-0.1
3,NONE,-1.0,-0.1,-1.0,-0.1
3,NONE,-1.0,-0.1,-1.0,-0.1
3,NONE,-1.0,-0.1,-1.0,-0.1
3,NONE,-1.0,-0.1,-1.0,-0.1
3,NONE,-1.0,-0.1,-1.0,-0.1
3,NONE,-1.0,-0.1,-1.0,-0.1
3,NONE,-1.0,-0.1,-1.0,-0.1
3,NONE,-1.0,-0.1,-1.0,-0.1
3,NONE,-1.0,-0.1,-1.0,-0.1
3,NONE,-1.0,-0.1,-1.0,-0.1
3,NONE,-1.0,-0.1,-1.0,-0.1
3,NONE,-1.0,-0.1,-1.0,-0.1
3,NONE,-1.0,-0.1,-1.0,-0.1
3,NONE,-1.0,-0.1,-1.0,-0.1
3,NONE,-1.0,-0.1,-1.0,-0.1
3,NONE,-1.0,-0.1,-1.0,-0.1
3,NONE,-1.0,-0.1,-1.0,-0.1
3,NONE,-1.0,-0.1,-1.0,-0.1
2,EV_B13_C008_Mototaxi_Electrica_P03,-1.0,-0.1,9.0,31.87929509345588
1,EV_B13_C008_Mototaxi_Electrica_P03,5.0,81.3987442896799,-1.0,31.87929509345588
1,EV_B13_C008_Mototaxi_Electrica_P03,4.0,81.3987442896799,-1.0,31.87929509345588
1,EV_B13_C008_Mototaxi_Electrica_P03,3.0,81.3987442896799,-1.0,31.87929509345588
1,EV_B13_C008_Mototaxi_Electrica_P03,2.0,81.3987442896799,-1.0,31.87929509345588
1,EV_B13_C008_Mototaxi_Electrica_P03,1.0,81.3987442896799,-1.0,31.87929509345588
1,EV_B13_C008_Mototaxi_Electrica_P03,0.0,81.3987442896799,-1.0,31.87929509345588
3,NONE,-1.0,-0.1,-1.0,-0.1
3,NONE,-1.0,-0.1,-1.0,-0.1
3,NONE,-1.0,-0.1,-1.0,-0.1
3,NONE,-1.0,-0.1,-1.0,-0.1
3,NONE,-1.0,-0.1,-1.0,-0.1
3,NONE,-1.0,-0.1,-1.0,-0.1
3,NONE,-1.0,-0.1,-1.0,-0.1
3,NONE,-1.0,-0.1,-1.0,-0.1
3,NONE,-1.0,-0.1,-1.0,-0.1
3,NONE,-1.0,-0.1,-1.0,-0.1
3,NONE,-1.0,-0.1,-1.0,-0.1
3,NONE,-1.0,-0.1,-1.0,-0.1
3,NONE,-1.0,-0.1,-1.0,-0.1
3,NONE,-1.0,-0.1,-1.0,-0.1
3,NONE,-1.0,-0.1,-1.0,-0.1
3,NONE,-1.0,-0.1,-1.0,-0.1
3,NONE,-1.0,-0.1,-1.0,-0.1
2,EV_B13_C008_Mototaxi_Electrica_P04,-1.0,-0.1,9.0,17.94562224501759
1,EV_B13_C008_Mototaxi_Electrica_P04,5.0,85.88849806019205,-1.0,17.94562224501759
1,EV_B13_C008_Mototaxi_Electrica_P04,4.0,85.88849806019205,-1.0,17.94562224501759
1,EV_B13_C008_Mototaxi_Electrica_P04,3.0,85.88849806019205,-1.0,17.94562224501759
1,EV_B13_C008_Mototaxi_Electrica_P04,2.0,85.88849806019205,-1.0,17.94562224501759
1,EV_B13_C008_Mototaxi_Electrica_P04,1.0,85.88849806019205,-1.0,17.94562224501759
1,EV_B13_C008_Mototaxi_Electrica_P04,0.0,85.88849806019205,-1.0,17.94562224501759
3,NONE,-1.0,-0.1,-1.0,-0.1
3,NONE,-1.0,-0.1,-1.0,-0.1
3,NONE,-1.0,-0.1,-1.0,-0.1
3,NONE,-1.0,-0.1,-1.0,-0.1
3,NONE,-1.0,-0.1,-1.0,-0.1
3,NONE,-1.0,-0.1,-1.0,-0.1
3,NONE,-1.0,-0.1,-1.0,-0.1
3,NONE,-1.0,-0.1,-1.0,-0.1
3,NONE,-1.0,-0.1,-1.0,-0.1
3,NONE,-1.0,-0.1,-1.0,-0.1
3,NONE,-1.0,-0.1,-1.0,-0.1
3,NONE,-1.0,-0.1,-1.0,-0.1
3,NONE,-1.0,-0.1,-1.0,-0.1
3,NONE,-1.0,-0.1,-1.0,-0.1
3,NONE,-1.0,-0.1,-1.0,-0.1
3,NONE,-1.0,-0.1,-1.0,-0.1
3,NONE,-1.0,-0.1,-1.0,-0.1
3,NONE,-1.0,-0.1,-1.0,-0.1
3,NONE,-1.0,-0.1,-1.0,-0.1
3,NONE,-1.0,-0.1,-1.0,-0.1
3,NONE,-1.0,-0.1,-1.0,-0.1
3,NONE,-1.0,-0.1,-1.0,-0.1
3,NONE,-1.0,-0.1,-1.0,-0.1
3,NONE,-1.0,-0.1,-1.0,-0.1
3,NONE,-1.0,-0.1,-1.0,-0.1
3,NONE,-1.0,-0.1,-1.0,-0.1
3,NONE,-1.0,-0.1,-1.0,-0.1
3,NONE,-1.0,-0.1,-1.0,-0.1
3,NONE,-1.0,-0.1,-1.0,-0.1
3,NONE,-1.0,-0.1,-1.0,-0.1
3,NONE,-1.0,-0.1,-1.0,-0.1
3,NONE,-1.0,-0.1,-1.0,-0.1
3,NONE,-1.0,-0.1,-1.0,-0.1
3,NONE,-1.0,-0.1,-1.0,-0.1
3,NONE,-1.0,-0.1,-1.0,-0.1
3,NONE,-1.0,-0.1,-1.0,-0.1
3,NONE,-1.0,-0.1,-1.0,-0.1
3,NONE,-1.0,-0.1,-1.0,-0.1
3,NONE,-1.0,-0.1,-1.0,-0.1
3,NONE,-1.0,-0.1,-1.0,-0.1
3,NONE,-1.0,-0.1,-1.0,-0.1
3,NONE,-1.0,-0.1,-1.0,-0.1
3,NONE,-1.0,-0.1,-1.0,-0.1
3,NONE,-1.0,-0.1,-1.0,-0.1
3,NONE,-1.0,-0.1,-1.0,-0.1
3,NONE,-1.0,-0.1,-1.0,-0.1
3,NONE,-1.0,-0.1,-1.0,-0.1
3,NONE,-1.0,-0.1,-1.0,-0.1
3,NONE,-1.0,-0.1,-1.0,-0.1
3,NONE,-1.0,-0.1,-1.0,-0.1
3,NONE,-1.0,-0.1,-1.0,-0.1
3,NONE,-1.0,-0.1,-1.0,-0.1
3,NONE,-1.0,-0.1,-1.0,-0.1
3,NONE,-1.0,-0.1,-1.0,-0.1
3,NONE,-1.0,-0.1,-1.0,-0.1
3,NONE,-1.0,-0.1,-1.0,-0.1
3,NONE,-1.0,-0.1,-1.0,-0.1
3,NONE,-1.0,-0.1,-1.0,-0.1
3,NONE,-1.0,-0.1,-1.0,-0.1
3,NONE,-1.0,-0.1,-1.0,-0.1
3,NONE,-1.0,-0.1,-1.0,-0.1
3,NONE,-1.0,-0.1,-1.0,-0.1
3,NONE,-1.0,-0.1,-1.0,-0.1
3,NONE,-1.0,-0.1,-1.0,-0.1
3,NONE,-1.0,-0.1,-1.0,-0.1
3,NONE,-1.0,-0.1,-1.0,-0.1
3,NONE,-1.0,-0.1,-1.0,-0.1
3,NONE,-1.0,-0.1,-1.0,-0.1
3,NONE,-1.0,-0.1,-1.0,-0.1
3,NONE,-1.0,-0.1,-1.0,-0.1
3,NONE,-1.0,-0.1,-1.0,-0.1
3,NONE,-1.0,-0.1,-1.0,-0.1
3,NONE,-1.0,-0.1,-1.0,-0.1
3,NONE,-1.0,-0.1,-1.0,-0.1
3,NONE,-1.0,-0.1,-1.0,-0.1
3,NONE,-1.0,-0.1,-1.0,-0.1
3,NONE,-1.0,-0.1,-1.0,-0.1
3,NONE,-1.0,-0.1,-1.0,-0.1
3,NONE,-1.0,-0.1,-1.0,-0.1
3,NONE,-1.0,-0.1,-1.0,-0.1
3,NONE,-1.0,-0.1,-1.0,-0.1
3,NONE,-1.0,-0.1,-1.0,-0.1
3,NONE,-1.0,-0.1,-1.0,-0.1
3,NONE,-1.0,-0.1,-1.0,-0.1
3,NONE,-1.0,-0.1,-1.0,-0.1
3,NONE,-1.0,-0.1,-1.0,-0.1
3,NONE,-1.0,-0.1,-1.0,-0.1
2,EV_B13_C008_Mototaxi_Electrica_P05,-1.0,-0.1,7.0,48.66423911305803
1,EV_B13_C008_Mototaxi_Electrica_P05,7.0,90.38011389587571,-1.0,48.66423911305803
1,EV_B13_C008_Mototaxi_Electrica_P05,6.0,90.38011389587571,-1.0,48.66423911305803
1,EV_B13_C008_Mototaxi_Electrica_P05,5.0,90.38011389587571,-1.0,48.66423911305803
1,EV_B13_C008_Mototaxi_Electrica_P05,4.0,90.38011389587571,-1.0,48.66423911305803
1,EV_B13_C008_Mototaxi_Electrica_P05,3.0,90.38011389587571,-1.0,48.66423911305803
1,EV_B13_C008_Mototaxi_Electrica_P05,2.0,90.38011389587571,-1.0,48.66423911305803
1,EV_B13_C008_Mototaxi_Electrica_P05,1.0,90.38011389587571,-1.0,48.66423911305803
1,EV_B13_C008_Mototaxi_Electrica_P05,0.0,90.38011389587571,-1.0,48.66423911305803
3,NONE,-1.0,-0.1,-1.0,-0.1
3,NONE,-1.0,-0.1,-1.0,-0.1
3,NONE,-1.0,-0.1,-1.0,-0.1
3,NONE,-1.0,-0.1,-1.0,-0.1
3,NONE,-1.0,-0.1,-1.0,-0.1
3,NONE,-1.0,-0.1,-1.0,-0.1
3,NONE,-1.0,-0.1,-1.0,-0.1
3,NONE,-1.0,-0.1,-1.0,-0.1
3,NONE,-1.0,-0.1,-1.0,-0.1
3,NONE,-1.0,-0.1,-1.0,-0.1
3,NONE,-1.0,-0.1,-1.0,-0.1
3,NONE,-1.0,-0.1,-1.0,-0.1
3,NONE,-1.0,-0.1,-1.0,-0.1
3,NONE,-1.0,-0.1,-1.0,-0.1
3,NONE,-1.0,-0.1,-1.0,-0.1
3,NONE,-1.0,-0.1,-1.0,-0.1
2,EV_B13_C008_Mototaxi_Electrica_P06,-1.0,-0.1,8.0,59.13010668159495
1,EV_B13_C008_Mototaxi_Electrica_P06,6.0,76.54858357106234,-1.0,59.13010668159495
1,EV_B13_C008_Mototaxi_Electrica_P06,5.0,76.54858357106234,-1.0,59.13010668159495
1,EV_B13_C008_Mototaxi_Electrica_P06,4.0,76.54858357106234,-1.0,59.13010668159495
1,EV_B13_C008_Mototaxi_Electrica_P06,3.0,76.54858357106234,-1.0,59.13010668159495
1,EV_B13_C008_Mototaxi_Electrica_P06,2.0,76.54858357106234,-1.0,59.13010668159495
1,EV_B13_C008_Mototaxi_Electrica_P06,1.0,76.54858357106234,-1.0,59.13010668159495
1,EV_B13_C008_Mototaxi_Electrica_P06,0.0,76.54858357106234,-1.0,59.13010668159495
3,NONE,-1.0,-0.1,-1.0,-0.1
3,NONE,-1.0,-0.1,-1.0,-0.1
3,NONE,-1.0,-0.1,-1.0,-0.1
3,NONE,-1.0,-0.1,-1.0,-0.1
3,NONE,-1.0,-0.1,-1.0,-0.1
3,NONE,-1.0,-0.1,-1.0,-0.1
3,NONE,-1.0,-0.1,-1.0,-0.1
3,NONE,-1.0,-0.1,-1.0,-0.1
3,NONE,-1.0,-0.1,-1.0,-0.1
3,NONE,-1.0,-0.1,-1.0,-0.1
3,NONE,-1.0,-0.1,-1.0,-0.1
3,NONE,-1.0,-0.1,-1.0,-0.1
3,NONE,-1.0,-0.1,-1.0,-0.1
3,NONE,-1.0,-0.1,-1.0,-0.1
3,NONE,-1.0,-0.1,-1.0,-0.1
2,EV_B13_C008_Mototaxi_Electrica_P07,-1.0,-0.1,7.0,25.505019639087195
1,EV_B13_C008_Mototaxi_Electrica_P07,7.0,77.20404298510975,-1.0,25.505019639087195
1,EV_B13_C008_Mototaxi_Electrica_P07,6.0,77.20404298510975,-1.0,25.505019639087195
1,EV_B13_C008_Mototaxi_Electrica_P07,5.0,77.20404298510975,-1.0,25.505019639087195
1,EV_B13_C008_Mototaxi_Electrica_P07,4.0,77.20404298510975,-1.0,25.505019639087195
1,EV_B13_C008_Mototaxi_Electrica_P07,3.0,77.20404298510975,-1.0,25.505019639087195
1,EV_B13_C008_Mototaxi_Electrica_P07,2.0,77.20404298510975,-1.0,25.505019639087195
1,EV_B13_C008_Mototaxi_Electrica_P07,1.0,77.20404298510975,-1.0,25.505019639087195
1,EV_B13_C008_Mototaxi_Electrica_P07,0.0,77.20404298510975,-1.0,25.505019639087195
3,NONE,-1.0,-0.1,-1.0,-0.1
3,NONE,-1.0,-0.1,-1.0,-0.1
3,NONE,-1.0,-0.1,-1.0,-0.1
3,NONE,-1.0,-0.1,-1.0,-0.1
3,NONE,-1.0,-0.1,-1.0,-0.1
3,NONE,-1.0,-0.1,-1.0,-0.1
3,NONE,-1.0,-0.1,-1.0,-0.1
3,NONE,-1.0,-0.1,-1.0,-0.1
3,NONE,-1.0,-0.1,-1.0,-0.1
3,NONE,-1.0,-0.1,-1.0,-0.1
3,NONE,-1.0,-0.1,-1.0,-0.1
3,NONE,-1.0,-0.1,-1.0,-0.1
3,NONE,-1.0,-0.1,-1.0,-0.1
3,NONE,-1.0,-0.1,-1.0,-0.1
3,NONE,-1.0,-0.1,-1.0,-0.1
3,NONE,-1.0,-0.1,-1.0,-0.1
2,EV_B13_C008_Mototaxi_Electrica_P08,-1.0,-0.1,8.0,33.93395267398546
1,EV_B13_C008_Mototaxi_Electrica_P08,6.0,74.13708058202624,-1.0,33.93395267398546
1,EV_B13_C008_Mototaxi_Electrica_P08,5.0,74.13708058202624,-1.0,33.93395267398546
1,EV_B13_C008_Mototaxi_Electrica_P08,4.0,74.13708058202624,-1.0,33.93395267398546
1,EV_B13_C008_Mototaxi_Electrica_P08,3.0,74.13708058202624,-1.0,33.93395267398546
1,EV_B13_C008_Mototaxi_Electrica_P08,2.0,74.13708058202624,-1.0,33.93395267398546
1,EV_B13_C008_Mototaxi_Electrica_P08,1.0,74.13708058202624,-1.0,33.93395267398546
1,EV_B13_C008_Mototaxi_Electrica_P08,0.0,74.13708058202624,-1.0,33.93395267398546
3,NONE,-1.0,-0.1,-1.0,-0.1
3,NONE,-1.0,-0.1,-1.0,-0.1
3,NONE,-1.0,-0.1,-1.0,-0.1
3,NONE,-1.0,-0.1,-1.0,-0.1
3,NONE,-1.0,-0.1,-1.0,-0.1
3,NONE,-1.0,-0.1,-1.0,-0.1
3,NONE,-1.0,-0.1,-1.0,-0.1
3,NONE,-1.0,-0.1,-1.0,-0.1
3,NONE,-1.0,-0.1,-1.0,-0.1
3,NONE,-1.0,-0.1,-1.0,-0.1
3,NONE,-1.0,-0.1,-1.0,-0.1
3,NONE,-1.0,-0.1,-1.0,-0.1
3,NONE,-1.0,-0.1,-1.0,-0.1
3,NONE,-1.0,-0.1,-1.0,-0.1
3,NONE,-1.0,-0.1,-1.0,-0.1
3,NONE,-1.0,-0.1,-1.0,-0.1
3,NONE,-1.0,-0.1,-1.0,-0.1
3,NONE,-1.0,-0.1,-1.0,-0.1
3,NONE,-1.0,-0.1,-1.0,-0.1
3,NONE,-1.0,-0.1,-1.0,-0.1
3,NONE,-1.0,-0.1,-1.0,-0.1
3,NONE,-1.0,-0.1,-1.0,-0.1
3,NONE,-1.0,-0.1,-1.0,-0.1
3,NONE,-1.0,-0.1,-1.0,-0.1
3,NONE,-1.0,-0.1,-1.0,-0.1
3,NONE,-1.0,-0.1,-1.0,-0.1
3,NONE,-1.0,-0.1,-1.0,-0.1
3,NONE,-1.0,-0.1,-1.0,-0.1
3,NONE,-1.0,-0.1,-1.0,-0.1
3,NONE,-1.0,-0.1,-1.0,-0.1
3,NONE,-1.0,-0.1,-1.0,-0.1
3,NONE,-1.0,-0.1,-1.0,-0.1
3,NONE,-1.0,-0.1,-1.0,-0.1
3,NONE,-1.0,-0.1,-1.0,-0.1
3,NONE,-1.0,-0.1,-1.0,-0.1
3,NONE,-1.0,-0.1,-1.0,-0.1
3,NONE,-1.0,-0.1,-1.0,-0.1
3,NONE,-1.0,-0.1,-1.0,-0.1
3,NONE,-1.0,-0.1,-1.0,-0.1
3,NONE,-1.0,-0.1,-1.0,-0.1
3,NONE,-1.0,-0.1,-1.0,-0.1
3,NONE,-1.0,-0.1,-1.0,-0.1
3,NONE,-1.0,-0.1,-1.0,-0.1
3,NONE,-1.0,-0.1,-1.0,-0.1
3,NONE,-1.0,-0.1,-1.0,-0.1
3,NONE,-1.0,-0.1,-1.0,-0.1
3,NONE,-1.0,-0.1,-1.0,-0.1
3,NONE,-1.0,-0.1,-1.0,-0.1
3,NONE,-1.0,-0.1,-1.0,-0.1
3,NONE,-1.0,-0.1,-1.0,-0.1
3,NONE,-1.0,-0.1,-1.0,-0.1
3,NONE,-1.0,-0.1,-1.0,-0.1
3,NONE,-1.0,-0.1,-1.0,-0.1
3,NONE,-1.0,-0.1,-1.0,-0.1
3,NONE,-1.0,-0.1,-1.0,-0.1
3,NONE,-1.0,-0.1,-1.0,-0.1
3,NONE,-1.0,-0.1,-1.0,-0.1
3,NONE,-1.0,-0.1,-1.0,-0.1
3,NONE,-1.0,-0.1,-1.0,-0.1
3,NONE,-1.0,-0.1,-1.0,-0.1
3,NONE,-1.0,-0.1,-1.0,-0.1
3,NONE,-1.0,-0.1,-1.0,-0.1
3,NONE,-1.0,-0.1,-1.0,-0.1
3,NONE,-1.0,-0.1,-1.0,-0.1
3,NONE,-1.0,-0.1,-1.0,-0.1
3,NONE,-1.0,-0.1,-1.0,-0.1
3,NONE,-1.0,-0.1,-1.0,-0.1
3,NONE,-1.0,-0.1,-1.0,-0.1
3,NONE,-1.0,-0.1,-1.0,-0.1
3,NONE,-1.0,-0.1,-1.0,-0.1
3,NONE,-1.0,-0.1,-1.0,-0.1
3,NONE,-1.0,-0.1,-1.0,-0.1
3,NONE,-1.0,-0.1,-1.0,-0.1
3,NONE,-1.0,-0.1,-1.0,-0.1
3,NONE,-1.0,-0.1,-1.0,-0.1
3,NONE,-1.0,-0.1,-1.0,-0.1
3,NONE,-1.0,-0.1,-1.0,-0.1
3,NONE,-1.0,-0.1,-1.0,-0.1
3,NONE,-1.0,-0.1,-1.0,-0.1
3,NONE,-1.0,-0.1,-1.0,-0.1
3,NONE,-1.0,-0.1,-1.0,-0.1
3,NONE,-1.0,-0.1,-1.0,-0.1
3,NONE,-1.0,-0.1,-1.0,-0.1
3,NONE,-1.0,-0.1,-1.0,-0.1
3,NONE,-1.0,-0.1,-1.0,-0.1
3,NONE,-1.0,-0.1,-1.0,-0.1
3,NONE,-1.0,-0.1,-1.0,-0.1
3,NONE,-1.0,-0.1,-1.0,-0.1
3,NONE,-1.0,-0.1,-1.0,-0.1
2,EV_B13_C008_Mototaxi_Electrica_P09,-1.0,-0.1,9.0,46.68642312768725
1,EV_B13_C008_Mototaxi_Electrica_P09,5.0,83.38781971105671,-1.0,46.68642312768725
1,EV_B13_C008_Mototaxi_Electrica_P09,4.0,83.38781971105671,-1.0,46.68642312768725
1,EV_B13_C008_Mototaxi_Electrica_P09,3.0,83.38781971105671,-1.0,46.68642312768725
1,EV_B13_C008_Mototaxi_Electrica_P09,2.0,83.38781971105671,-1.0,46.68642312768725
1,EV_B13_C008_Mototaxi_Electrica_P09,1.0,83.38781971105671,-1.0,46.68642312768725
1,EV_B13_C008_Mototaxi_Electrica_P09,0.0,83.38781971105671,-1.0,46.68642312768725
3,NONE,-1.0,-0.1,-1.0,-0.1
3,NONE,-1.0,-0.1,-1.0,-0.1
3,NONE,-1.0,-0.1,-1.0,-0.1
3,NONE,-1.0,-0.1,-1.0,-0.1
3,NONE,-1.0,-0.1,-1.0,-0.1
3,NONE,-1.0,-0.1,-1.0,-0.1
3,NONE,-1.0,-0.1,-1.0,-0.1
3,NONE,-1.0,-0.1,-1.0,-0.1
3,NONE,-1.0,-0.1,-1.0,-0.1
3,NONE,-1.0,-0.1,-1.0,-0.1
3,NONE,-1.0,-0.1,-1.0,-0.1
3,NONE,-1.0,-0.1,-1.0,-0.1
3,NONE,-1.0,-0.1,-1.0,-0.1
3,NONE,-1.0,-0.1,-1.0,-0.1
3,NONE,-1.0,-0.1,-1.0,-0.1
3,NONE,-1.0,-0.1,-1.0,-0.1
3,NONE,-1.0,-0.1,-1.0,-0.1
3,NONE,-1.0,-0.1,-1.0,-0.1
3,NONE,-1.0,-0.1,-1.0,-0.1
3,NONE,-1.0,-0.1,-1.0,-0.1
3,NONE,-1.0,-0.1,-1.0,-0.1
3,NONE,-1.0,-0.1,-1.0,-0.1
3,NONE,-1.0,-0.1,-1.0,-0.1
3,NONE,-1.0,-0.1,-1.0,-0.1
3,NONE,-1.0,-0.1,-1.0,-0.1
3,NONE,-1.0,-0.1,-1.0,-0.1
3,NONE,-1.0,-0.1,-1.0,-0.1
3,NONE,-1.0,-0.1,-1.0,-0.1
3,NONE,-1.0,-0.1,-1.0,-0.1
3,NONE,-1.0,-0.1,-1.0,-0.1
3,NONE,-1.0,-0.1,-1.0,-0.1
3,NONE,-1.0,-0.1,-1.0,-0.1
3,NONE,-1.0,-0.1,-1.0,-0.1
3,NONE,-1.0,-0.1,-1.0,-0.1
3,NONE,-1.0,-0.1,-1.0,-0.1
3,NONE,-1.0,-0.1,-1.0,-0.1
3,NONE,-1.0,-0.1,-1.0,-0.1
3,NONE,-1.0,-0.1,-1.0,-0.1
3,NONE,-1.0,-0.1,-1.0,-0.1
3,NONE,-1.0,-0.1,-1.0,-0.1
3,NONE,-1.0,-0.1,-1.0,-0.1
2,EV_B13_C008_Mototaxi_Electrica_P10,-1.0,-0.1,9.0,11.729358103903326
1,EV_B13_C008_Mototaxi_Electrica_P10,5.0,78.35978103692808,-1.0,11.729358103903326
1,EV_B13_C008_Mototaxi_Electrica_P10,4.0,78.35978103692808,-1.0,11.729358103903326
1,EV_B13_C008_Mototaxi_Electrica_P10,3.0,78.35978103692808,-1.0,11.729358103903326
1,EV_B13_C008_Mototaxi_Electrica_P10,2.0,78.35978103692808,-1.0,11.729358103903326
1,EV_B13_C008_Mototaxi_Electrica_P10,1.0,78.35978103692808,-1.0,11.729358103903326
1,EV_B13_C008_Mototaxi_Electrica_P10,0.0,78.35978103692808,-1.0,11.729358103903326
3,NONE,-1.0,-0.1,-1.0,-0.1
3,NONE,-1.0,-0.1,-1.0,-0.1
3,NONE,-1.0,-0.1,-1.0,-0.1
3,NONE,-1.0,-0.1,-1.0,-0.1
3,NONE,-1.0,-0.1,-1.0,-0.1
3,NONE,-1.0,-0.1,-1.0,-0.1
3,NONE,-1.0,-0.1,-1.0,-0.1
3,NONE,-1.0,-0.1,-1.0,-0.1
3,NONE,-1.0,-0.1,-1.0,-0.1
3,NONE,-1.0,-0.1,-1.0,-0.1
3,NONE,-1.0,-0.1,-1.0,-0.1
3,NONE,-1.0,-0.1,-1.0,-0.1
3,NONE,-1.0,-0.1,-1.0,-0.1
3,NONE,-1.0,-0.1,-1.0,-0.1
3,NONE,-1.0,-0.1,-1.0,-0.1
3,NONE,-1.0,-0.1,-1.0,-0.1
3,NONE,-1.0,-0.1,-1.0,-0.1
3,NONE,-1.0,-0.1,-1.0,-0.1
3,NONE,-1.0,-0.1,-1.0,-0.1
3,NONE,-1.0,-0.1,-1.0,-0.1
3,NONE,-1.0,-0.1,-1.0,-0.1
3,NONE,-1.0,-0.1,-1.0,-0.1
3,NONE,-1.0,-0.1,-1.0,-0.1
3,NONE,-1.0,-0.1,-1.0,-0.1
3,NONE,-1.0,-0.1,-1.0,-0.1
3,NONE,-1.0,-0.1,-1.0,-0.1
3,NONE,-1.0,-0.1,-1.0,-0.1
3,NONE,-1.0,-0.1,-1.0,-0.1
3,NONE,-1.0,-0.1,-1.0,-0.1
3,NONE,-1.0,-0.1,-1.0,-0.1
3,NONE,-1.0,-0.1,-1.0,-0.1
3,NONE,-1.0,-0.1,-1.0,-0.1
3,NONE,-1.0,-0.1,-1.0,-0.1
3,NONE,-1.0,-0.1,-1.0,-0.1
3,NONE,-1.0,-0.1,-1.0,-0.1
3,NONE,-1.0,-0.1,-1.0,-0.1
3,NONE,-1.0,-0.1,-1.0,-0.1
3,NONE,-1.0,-0.1,-1.0,-0.1
3,NONE,-1.0,-0.1,-1.0,-0.1
3,NONE,-1.0,-0.1,-1.0,-0.1
3,NONE,-1.0,-0.1,-1.0,-0.1
3,NONE,-1.0,-0.1,-1.0,-0.1
3,NONE,-1.0,-0.1,-1.0,-0.1
3,NONE,-1.0,-0.1,-1.0,-0.1
3,NONE,-1.0,-0.1,-1.0,-0.1
3,NONE,-1.0,-0.1,-1.0,-0.1
3,NONE,-1.0,-0.1,-1.0,-0.1
3,NONE,-1.0,-0.1,-1.0,-0.1
3,NONE,-1.0,-0.1,-1.0,-0.1
3,NONE,-1.0,-0.1,-1.0,-0.1
3,NONE,-1.0,-0.1,-1.0,-0.1
3,NONE,-1.0,-0.1,-1.0,-0.1
3,NONE,-1.0,-0.1,-1.0,-0.1
3,NONE,-1.0,-0.1,-1.0,-0.1
3,NONE,-1.0,-0.1,-1.0,-0.1
3,NONE,-1.0,-0.1,-1.0,-0.1
3,NONE,-1.0,-0.1,-1.0,-0.1
3,NONE,-1.0,-0.1,-1.0,-0.1
3,NONE,-1.0,-0.1,-1.0,-0.1
3,NONE,-1.0,-0.1,-1.0,-0.1
3,NONE,-1.0,-0.1,-1.0,-0.1
3,NONE,-1.0,-0.1,-1.0,-0.1
3,NONE,-1.0,-0.1,-1.0,-0.1
3,NONE,-1.0,-0.1,-1.0,-0.1
3,NONE,-1.0,-0.1,-1.0,-0.1
3,NONE,-1.0,-0.1,-1.0,-0.1
3,NONE,-1.0,-0.1,-1.0,-0.1
3,NONE,-1.0,-0.1,-1.0,-0.1
3,NONE,-1.0,-0.1,-1.0,-0.1
3,NONE,-1.0,-0.1,-1.0,-0.1
3,NONE,-1.0,-0.1,-1.0,-0.1
3,NONE,-1.0,-0.1,-1.0,-0.1
3,NONE,-1.0,-0.1,-1.0,-0.1
3,NONE,-1.0,-0.1,-1.0,-0.1
3,NONE,-1.0,-0.1,-1.0,-0.1
3,NONE,-1.0,-0.1,-1.0,-0.1
3,NONE,-1.0,-0.1,-1.0,-0.1
3,NONE,-1.0,-0.1,-1.0,-0.1
3,NONE,-1.0,-0.1,-1.0,-0.1
3,NONE,-1.0,-0.1,-1.0,-0.1
3,NONE,-1.0,-0.1,-1.0,-0.1
3,NONE,-1.0,-0.1,-1.0,-0.1
3,NONE,-1.0,-0.1,-1.0,-0.1
3,NONE,-1.0,-0.1,-1.0,-0.1
3,NONE,-1.0,-0.1,-1.0,-0.1
3,NONE,-1.0,-0.1,-1.0,-0.1
3,NONE,-1.0,-0.1,-1.0,-0.1
3,NONE,-1.0,-0.1,-1.0,-0.1
3,NONE,-1.0,-0.1,-1.0,-0.1
3,NONE,-1.0,-0.1,-1.0,-0.1
3,NONE,-1.0,-0.1,-1.0,-0.1
3,NONE,-1.0,-0.1,-1.0,-0.1
3,NONE,-1.0,-0.1,-1.0,-0.1
3,NONE,-1.0,-0.1,-1.0,-0.1
3,NONE,-1.0,-0.1,-1.0,-0.1
3,NONE,-1.0,-0.1,-1.0,-0.1
3,NONE,-1.0,-0.1,-1.0,-0.1
3,NONE,-1.0,-0.1,-1.0,-0.1
3,NONE,-1.0,-0.1,-1.0,-0.1
3,NONE,-1.0,-0.1,-1.0,-0.1
3,NONE,-1.0,-0.1,-1.0,-0.1
3,NONE,-1.0,-0.1,-1.0,-0.1
3,NONE,-1.0,-0.1,-1.0,-0.1
3,NONE,-1.0,-0.1,-1.0,-0.1
3,NONE,-1.0,-0.1,-1.0,-0.1
3,NONE,-1.0,-0.1,-1.0,-0.1
3,NONE,-1.0,-0.1,-1.0,-0.1
3,NONE,-1.0,-0.1,-1.0,-0.1
3,NONE,-1.0,-0.1,-1.0,-0.1
3,NONE,-1.0,-0.1,-1.0,-0.1
3,NONE,-1.0,-0.1,-1.0,-0.1
3,NONE,-1.0,-0.1,-1.0,-0.1
3,NONE,-1.0,-0.1,-1.0,-0.1
2,EV_B13_C008_Mototaxi_Electrica_P01,-1.0,-0.1,9.0,13.54305350099052
1,EV_B13_C008_Mototaxi_Electrica_P01,5.0,76.32780454846403,-1.0,13.54305350099052
1,EV_B13_C008_Mototaxi_Electrica_P01,4.0,76.32780454846403,-1.0,13.54305350099052
1,EV_B13_C008_Mototaxi_Electrica_P01,3.0,76.32780454846403,-1.0,13.54305350099052
1,EV_B13_C008_Mototaxi_Electrica_P01,2.0,76.32780454846403,-1.0,13.54305350099052
1,EV_B13_C008_Mototaxi_Electrica_P01,1.0,76.32780454846403,-1.0,13.54305350099052
1,EV_B13_C008_Mototaxi_Electrica_P01,0.0,76.32780454846403,-1.0,13.54305350099052
3,NONE,-1.0,-0.1,-1.0,-0.1
3,NONE,-1.0,-0.1,-1.0,-0.1
3,NONE,-1.0,-0.1,-1.0,-0.1
3,NONE,-1.0,-0.1,-1.0,-0.1
3,NONE,-1.0,-0.1,-1.0,-0.1
3,NONE,-1.0,-0.1,-1.0,-0.1
3,NONE,-1.0,-0.1,-1.0,-0.1
3,NONE,-1.0,-0.1,-1.0,-0.1
3,NONE,-1.0,-0.1,-1.0,-0.1
3,NONE,-1.0,-0.1,-1.0,-0.1
3,NONE,-1.0,-0.1,-1.0,-0.1
3,NONE,-1.0,-0.1,-1.0,-0.1
3,NONE,-1.0,-0.1,-1.0,-0.1
3,NONE,-1.0,-0.1,-1.0,-0.1
3,NONE,-1.0,-0.1,-1.0,-0.1
3,NONE,-1.0,-0.1,-1.0,-0.1
2,EV_B13_C008_Mototaxi_Electrica_P02,-1.0,-0.1,8.0,33.510522873726075
1,EV_B13_C008_Mototaxi_Electrica_P02,6.0,75.7048651056,-1.0,33.510522873726075
1,EV_B13_C008_Mototaxi_Electrica_P02,5.0,75.7048651056,-1.0,33.510522873726075
1,EV_B13_C008_Mototaxi_Electrica_P02,4.0,75.7048651056,-1.0,33.510522873726075
1,EV_B13_C008_Mototaxi_Electrica_P02,3.0,75.7048651056,-1.0,33.510522873726075
1,EV_B13_C008_Mototaxi_Electrica_P02,2.0,75.7048651056,-1.0,33.510522873726075
1,EV_B13_C008_Mototaxi_Electrica_P02,1.0,75.7048651056,-1.0,33.510522873726075
1,EV_B13_C008_Mototaxi_Electrica_P02,0.0,75.7048651056,-1.0,33.510522873726075
3,NONE,-1.0,-0.1,-1.0,-0.1
3,NONE,-1.0,-0.1,-1.0,-0.1
3,NONE,-1.0,-0.1,-1.0,-0.1
3,NONE,-1.0,-0.1,-1.0,-0.1
3,NONE,-1.0,-0.1,-1.0,-0.1
3,NONE,-1.0,-0.1,-1.0,-0.1
3,NONE,-1.0,-0.1,-1.0,-0.1
3,NONE,-1.0,-0.1,-1.0,-0.1
3,NONE,-1.0,-0.1,-1.0,-0.1
3,NONE,-1.0,-0.1,-1.0,-0.1
3,NONE,-1.0,-0.1,-1.0,-0.1
3,NONE,-1.0,-0.1,-1.0,-0.1
3,NONE,-1.0,-0.1,-1.0,-0.1
3,NONE,-1.0,-0.1,-1.0,-0.1
3,NONE,-1.0,-0.1,-1.0,-0.1
3,NONE,-1.0,-0.1,-1.0,-0.1
3,NONE,-1.0,-0.1,-1.0,-0.1
2,EV_B13_C008_Mototaxi_Electrica_P03,-1.0,-0.1,9.0,45.07685389374098
1,EV_B13_C008_Mototaxi_Electrica_P03,5.0,75.50556158213318,-1.0,45.07685389374098
1,EV_B13_C008_Mototaxi_Electrica_P03,4.0,75.50556158213318,-1.0,45.07685389374098
1,EV_B13_C008_Mototaxi_Electrica_P03,3.0,75.50556158213318,-1.0,45.07685389374098
1,EV_B13_C008_Mototaxi_Electrica_P03,2.0,75.50556158213318,-1.0,45.07685389374098
1,EV_B13_C008_Mototaxi_Electrica_P03,1.0,75.50556158213318,-1.0,45.07685389374098
1,EV_B13_C008_Mototaxi_Electrica_P03,0.0,75.50556158213318,-1.0,45.07685389374098
3,NONE,-1.0,-0.1,-1.0,-0.1
3,NONE,-1.0,-0.1,-1.0,-0.1
3,NONE,-1.0,-0.1,-1.0,-0.1
3,NONE,-1.0,-0.1,-1.0,-0.1
3,NONE,-1.0,-0.1,-1.0,-0.1
3,NONE,-1.0,-0.1,-1.0,-0.1
3,NONE,-1.0,-0.1,-1.0,-0.1
3,NONE,-1.0,-0.1,-1.0,-0.1
3,NONE,-1.0,-0.1,-1.0,-0.1
3,NONE,-1.0,-0.1,-1.0,-0.1
3,NONE,-1.0,-0.1,-1.0,-0.1
3,NONE,-1.0,-0.1,-1.0,-0.1
3,NONE,-1.0,-0.1,-1.0,-0.1
3,NONE,-1.0,-0.1,-1.0,-0.1
3,NONE,-1.0,-0.1,-1.0,-0.1
3,NONE,-1.0,-0.1,-1.0,-0.1
2,EV_B13_C008_Mototaxi_Electrica_P04,-1.0,-0.1,8.0,39.34855073936203
1,EV_B13_C008_Mototaxi_Electrica_P04,6.0,83.74234320920004,-1.0,39.34855073936203
1,EV_B13_C008_Mototaxi_Electrica_P04,5.0,83.74234320920004,-1.0,39.34855073936203
1,EV_B13_C008_Mototaxi_Electrica_P04,4.0,83.74234320920004,-1.0,39.34855073936203
1,EV_B13_C008_Mototaxi_Electrica_P04,3.0,83.74234320920004,-1.0,39.34855073936203
1,EV_B13_C008_Mototaxi_Electrica_P04,2.0,83.74234320920004,-1.0,39.34855073936203
1,EV_B13_C008_Mototaxi_Electrica_P04,1.0,83.74234320920004,-1.0,39.34855073936203
1,EV_B13_C008_Mototaxi_Electrica_P04,0.0,83.74234320920004,-1.0,39.34855073936203
3,NONE,-1.0,-0.1,-1.0,-0.1
3,NONE,-1.0,-0.1,-1.0,-0.1
3,NONE,-1.0,-0.1,-1.0,-0.1
3,NONE,-1.0,-0.1,-1.0,-0.1
3,NONE,-1.0,-0.1,-1.0,-0.1
3,NONE,-1.0,-0.1,-1.0,-0.1
3,NONE,-1.0,-0.1,-1.0,-0.1
3,NONE,-1.0,-0.1,-1.0,-0.1
3,NONE,-1.0,-0.1,-1.0,-0.1
3,NONE,-1.0,-0.1,-1.0,-0.1
3,NONE,-1.0,-0.1,-1.0,-0.1
3,NONE,-1.0,-0.1,-1.0,-0.1
3,NONE,-1.0,-0.1,-1.0,-0.1
3,NONE,-1.0,-0.1,-1.0,-0.1
3,NONE,-1.0,-0.1,-1.0,-0.1
3,NONE,-1.0,-0.1,-1.0,-0.1
3,NONE,-1.0,-0.1,-1.0,-0.1
3,NONE,-1.0,-0.1,-1.0,-0.1
3,NONE,-1.0,-0.1,-1.0,-0.1
3,NONE,-1.0,-0.1,-1.0,-0.1
3,NONE,-1.0,-0.1,-1.0,-0.1
3,NONE,-1.0,-0.1,-1.0,-0.1
3,NONE,-1.0,-0.1,-1.0,-0.1
3,NONE,-1.0,-0.1,-1.0,-0.1
3,NONE,-1.0,-0.1,-1.0,-0.1
3,NONE,-1.0,-0.1,-1.0,-0.1
3,NONE,-1.0,-0.1,-1.0,-0.1
3,NONE,-1.0,-0.1,-1.0,-0.1
3,NONE,-1.0,-0.1,-1.0,-0.1
3,NONE,-1.0,-0.1,-1.0,-0.1
3,NONE,-1.0,-0.1,-1.0,-0.1
3,NONE,-1.0,-0.1,-1.0,-0.1
3,NONE,-1.0,-0.1,-1.0,-0.1
3,NONE,-1.0,-0.1,-1.0,-0.1
3,NONE,-1.0,-0.1,-1.0,-0.1
3,NONE,-1.0,-0.1,-1.0,-0.1
3,NONE,-1.0,-0.1,-1.0,-0.1
3,NONE,-1.0,-0.1,-1.0,-0.1
3,NONE,-1.0,-0.1,-1.0,-0.1
3,NONE,-1.0,-0.1,-1.0,-0.1
3,NONE,-1.0,-0.1,-1.0,-0.1
3,NONE,-1.0,-0.1,-1.0,-0.1
3,NONE,-1.0,-0.1,-1.0,-0.1
3,NONE,-1.0,-0.1,-1.0,-0.1
3,NONE,-1.0,-0.1,-1.0,-0.1
3,NONE,-1.0,-0.1,-1.0,-0.1
3,NONE,-1.0,-0.1,-1.0,-0.1
3,NONE,-1.0,-0.1,-1.0,-0.1
3,NONE,-1.0,-0.1,-1.0,-0.1
3,NONE,-1.0,-0.1,-1.0,-0.1
3,NONE,-1.0,-0.1,-1.0,-0.1
3,NONE,-1.0,-0.1,-1.0,-0.1
3,NONE,-1.0,-0.1,-1.0,-0.1
3,NONE,-1.0,-0.1,-1.0,-0.1
3,NONE,-1.0,-0.1,-1.0,-0.1
3,NONE,-1.0,-0.1,-1.0,-0.1
3,NONE,-1.0,-0.1,-1.0,-0.1
3,NONE,-1.0,-0.1,-1.0,-0.1
3,NONE,-1.0,-0.1,-1.0,-0.1
3,NONE,-1.0,-0.1,-1.0,-0.1
3,NONE,-1.0,-0.1,-1.0,-0.1
3,NONE,-1.0,-0.1,-1.0,-0.1
3,NONE,-1.0,-0.1,-1.0,-0.1
3,NONE,-1.0,-0.1,-1.0,-0.1
3,NONE,-1.0,-0.1,-1.0,-0.1
3,NONE,-1.0,-0.1,-1.0,-0.1
3,NONE,-1.0,-0.1,-1.0,-0.1
3,NONE,-1.0,-0.1,-1.0,-0.1
3,NONE,-1.0,-0.1,-1.0,-0.1
3,NONE,-1.0,-0.1,-1.0,-0.1
3,NONE,-1.0,-0.1,-1.0,-0.1
3,NONE,-1.0,-0.1,-1.0,-0.1
3,NONE,-1.0,-0.1,-1.0,-0.1
3,NONE,-1.0,-0.1,-1.0,-0.1
3,NONE,-1.0,-0.1,-1.0,-0.1
3,NONE,-1.0,-0.1,-1.0,-0.1
3,NONE,-1.0,-0.1,-1.0,-0.1
3,NONE,-1.0,-0.1,-1.0,-0.1
3,NONE,-1.0,-0.1,-1.0,-0.1
3,NONE,-1.0,-0.1,-1.0,-0.1
3,NONE,-1.0,-0.1,-1.0,-0.1
3,NONE,-1.0,-0.1,-1.0,-0.1
3,NONE,-1.0,-0.1,-1.0,-0.1
3,NONE,-1.0,-0.1,-1.0,-0.1
3,NONE,-1.0,-0.1,-1.0,-0.1
3,NONE,-1.0,-0.1,-1.0,-0.1
3,NONE,-1.0,-0.1,-1.0,-0.1
2,EV_B13_C008_Mototaxi_Electrica_P05,-1.0,-0.1,7.0,17.48418941743061
1,EV_B13_C008_Mototaxi_Electrica_P05,7.0,75.3439839223833,-1.0,17.48418941743061
1,EV_B13_C008_Mototaxi_Electrica_P05,6.0,75.3439839223833,-1.0,17.48418941743061
1,EV_B13_C008_Mototaxi_Electrica_P05,5.0,75.3439839223833,-1.0,17.48418941743061
1,EV_B13_C008_Mototaxi_Electrica_P05,4.0,75.3439839223833,-1.0,17.48418941743061
1,EV_B13_C008_Mototaxi_Electrica_P05,3.0,75.3439839223833,-1.0,17.48418941743061
1,EV_B13_C008_Mototaxi_Electrica_P05,2.0,75.3439839223833,-1.0,17.48418941743061
1,EV_B13_C008_Mototaxi_Electrica_P05,1.0,75.3439839223833,-1.0,17.48418941743061
1,EV_B13_C008_Mototaxi_Electrica_P05,0.0,75.3439839223833,-1.0,17.48418941743061
3,NONE,-1.0,-0.1,-1.0,-0.1
3,NONE,-1.0,-0.1,-1.0,-0.1
3,NONE,-1.0,-0.1,-1.0,-0.1
3,NONE,-1.0,-0.1,-1.0,-0.1
3,NONE,-1.0,-0.1,-1.0,-0.1
3,NONE,-1.0,-0.1,-1.0,-0.1
3,NONE,-1.0,-0.1,-1.0,-0.1
3,NONE,-1.0,-0.1,-1.0,-0.1
3,NONE,-1.0,-0.1,-1.0,-0.1
3,NONE,-1.0,-0.1,-1.0,-0.1
3,NONE,-1.0,-0.1,-1.0,-0.1
3,NONE,-1.0,-0.1,-1.0,-0.1
3,NONE,-1.0,-0.1,-1.0,-0.1
3,NONE,-1.0,-0.1,-1.0,-0.1
3,NONE,-1.0,-0.1,-1.0,-0.1
3,NONE,-1.0,-0.1,-1.0,-0.1
3,NONE,-1.0,-0.1,-1.0,-0.1
3,NONE,-1.0,-0.1,-1.0,-0.1
3,NONE,-1.0,-0.1,-1.0,-0.1
2,EV_B13_C008_Mototaxi_Electrica_P06,-1.0,-0.1,11.0,13.42210702816513
1,EV_B13_C008_Mototaxi_Electrica_P06,3.0,83.83543953387459,-1.0,13.42210702816513
1,EV_B13_C008_Mototaxi_Electrica_P06,2.0,83.83543953387459,-1.0,13.42210702816513
1,EV_B13_C008_Mototaxi_Electrica_P06,1.0,83.83543953387459,-1.0,13.42210702816513
1,EV_B13_C008_Mototaxi_Electrica_P06,0.0,83.83543953387459,-1.0,13.42210702816513
3,NONE,-1.0,-0.1,-1.0,-0.1
3,NONE,-1.0,-0.1,-1.0,-0.1
3,NONE,-1.0,-0.1,-1.0,-0.1
3,NONE,-1.0,-0.1,-1.0,-0.1
3,NONE,-1.0,-0.1,-1.0,-0.1
3,NONE,-1.0,-0.1,-1.0,-0.1
3,NONE,-1.0,-0.1,-1.0,-0.1
3,NONE,-1.0,-0.1,-1.0,-0.1
3,NONE,-1.0,-0.1,-1.0,-0.1
3,NONE,-1.0,-0.1,-1.0,-0.1
3,NONE,-1.0,-0.1,-1.0,-0.1
3,NONE,-1.0,-0.1,-1.0,-0.1
3,NONE,-1.0,-0.1,-1.0,-0.1
3,NONE,-1.0,-0.1,-1.0,-0.1
3,NONE,-1.0,-0.1,-1.0,-0.1
3,NONE,-1.0,-0.1,-1.0,-0.1
3,NONE,-1.0,-0.1,-1.0,-0.1
3,NONE,-1.0,-0.1,-1.0,-0.1
3,NONE,-1.0,-0.1,-1.0,-0.1
3,NONE,-1.0,-0.1,-1.0,-0.1
3,NONE,-1.0,-0.1,-1.0,-0.1
3,NONE,-1.0,-0.1,-1.0,-0.1
3,NONE,-1.0,-0.1,-1.0,-0.1
3,NONE,-1.0,-0.1,-1.0,-0.1
3,NONE,-1.0,-0.1,-1.0,-0.1
3,NONE,-1.0,-0.1,-1.0,-0.1
3,NONE,-1.0,-0.1,-1.0,-0.1
3,NONE,-1.0,-0.1,-1.0,-0.1
3,NONE,-1.0,-0.1,-1.0,-0.1
3,NONE,-1.0,-0.1,-1.0,-0.1
3,NONE,-1.0,-0.1,-1.0,-0.1
3,NONE,-1.0,-0.1,-1.0,-0.1
3,NONE,-1.0,-0.1,-1.0,-0.1
3,NONE,-1.0,-0.1,-1.0,-0.1
3,NONE,-1.0,-0.1,-1.0,-0.1
3,NONE,-1.0,-0.1,-1.0,-0.1
3,NONE,-1.0,-0.1,-1.0,-0.1
3,NONE,-1.0,-0.1,-1.0,-0.1
3,NONE,-1.0,-0.1,-1.0,-0.1
3,NONE,-1.0,-0.1,-1.0,-0.1
2,EV_B13_C008_Mototaxi_Electrica_P07,-1.0,-0.1,8.0,44.96920169462521
1,EV_B13_C008_Mototaxi_Electrica_P07,6.0,73.93939429536367,-1.0,44.96920169462521
1,EV_B13_C008_Mototaxi_Electrica_P07,5.0,73.93939429536367,-1.0,44.96920169462521
1,EV_B13_C008_Mototaxi_Electrica_P07,4.0,73.93939429536367,-1.0,44.96920169462521
1,EV_B13_C008_Mototaxi_Electrica_P07,3.0,73.93939429536367,-1.0,44.96920169462521
1,EV_B13_C008_Mototaxi_Electrica_P07,2.0,73.93939429536367,-1.0,44.96920169462521
1,EV_B13_C008_Mototaxi_Electrica_P07,1.0,73.93939429536367,-1.0,44.96920169462521
1,EV_B13_C008_Mototaxi_Electrica_P07,0.0,73.93939429536367,-1.0,44.96920169462521
3,NONE,-1.0,-0.1,-1.0,-0.1
3,NONE,-1.0,-0.1,-1.0,-0.1
3,NONE,-1.0,-0.1,-1.0,-0.1
3,NONE,-1.0,-0.1,-1.0,-0.1
3,NONE,-1.0,-0.1,-1.0,-0.1
3,NONE,-1.0,-0.1,-1.0,-0.1
3,NONE,-1.0,-0.1,-1.0,-0.1
3,NONE,-1.0,-0.1,-1.0,-0.1
3,NONE,-1.0,-0.1,-1.0,-0.1
3,NONE,-1.0,-0.1,-1.0,-0.1
3,NONE,-1.0,-0.1,-1.0,-0.1
3,NONE,-1.0,-0.1,-1.0,-0.1
3,NONE,-1.0,-0.1,-1.0,-0.1
3,NONE,-1.0,-0.1,-1.0,-0.1
3,NONE,-1.0,-0.1,-1.0,-0.1
3,NONE,-1.0,-0.1,-1.0,-0.1
3,NONE,-1.0,-0.1,-1.0,-0.1
3,NONE,-1.0,-0.1,-1.0,-0.1
3,NONE,-1.0,-0.1,-1.0,-0.1
3,NONE,-1.0,-0.1,-1.0,-0.1
3,NONE,-1.0,-0.1,-1.0,-0.1
3,NONE,-1.0,-0.1,-1.0,-0.1
3,NONE,-1.0,-0.1,-1.0,-0.1
3,NONE,-1.0,-0.1,-1.0,-0.1
3,NONE,-1.0,-0.1,-1.0,-0.1
3,NONE,-1.0,-0.1,-1.0,-0.1
3,NONE,-1.0,-0.1,-1.0,-0.1
3,NONE,-1.0,-0.1,-1.0,-0.1
3,NONE,-1.0,-0.1,-1.0,-0.1
3,NONE,-1.0,-0.1,-1.0,-0.1
3,NONE,-1.0,-0.1,-1.0,-0.1
3,NONE,-1.0,-0.1,-1.0,-0.1
3,NONE,-1.0,-0.1,-1.0,-0.1
3,NONE,-1.0,-0.1,-1.0,-0.1
3,NONE,-1.0,-0.1,-1.0,-0.1
3,NONE,-1.0,-0.1,-1.0,-0.1
3,NONE,-1.0,-0.1,-1.0,-0.1
3,NONE,-1.0,-0.1,-1.0,-0.1
3,NONE,-1.0,-0.1,-1.0,-0.1
3,NONE,-1.0,-0.1,-1.0,-0.1
3,NONE,-1.0,-0.1,-1.0,-0.1
3,NONE,-1.0,-0.1,-1.0,-0.1
3,NONE,-1.0,-0.1,-1.0,-0.1
3,NONE,-1.0,-0.1,-1.0,-0.1
3,NONE,-1.0,-0.1,-1.0,-0.1
3,NONE,-1.0,-0.1,-1.0,-0.1
3,NONE,-1.0,-0.1,-1.0,-0.1
3,NONE,-1.0,-0.1,-1.0,-0.1
3,NONE,-1.0,-0.1,-1.0,-0.1
3,NONE,-1.0,-0.1,-1.0,-0.1
3,NONE,-1.0,-0.1,-1.0,-0.1
3,NONE,-1.0,-0.1,-1.0,-0.1
3,NONE,-1.0,-0.1,-1.0,-0.1
3,NONE,-1.0,-0.1,-1.0,-0.1
3,NONE,-1.0,-0.1,-1.0,-0.1
3,NONE,-1.0,-0.1,-1.0,-0.1
3,NONE,-1.0,-0.1,-1.0,-0.1
3,NONE,-1.0,-0.1,-1.0,-0.1
3,NONE,-1.0,-0.1,-1.0,-0.1
3,NONE,-1.0,-0.1,-1.0,-0.1
3,NONE,-1.0,-0.1,-1.0,-0.1
3,NONE,-1.0,-0.1,-1.0,-0.1
3,NONE,-1.0,-0.1,-1.0,-0.1
2,EV_B13_C008_Mototaxi_Electrica_P08,-1.0,-0.1,7.0,39.17824603616991
1,EV_B13_C008_Mototaxi_Electrica_P08,7.0,78.90844036596978,-1.0,39.17824603616991
1,EV_B13_C008_Mototaxi_Electrica_P08,6.0,78.90844036596978,-1.0,39.17824603616991
1,EV_B13_C008_Mototaxi_Electrica_P08,5.0,78.90844036596978,-1.0,39.17824603616991
1,EV_B13_C008_Mototaxi_Electrica_P08,4.0,78.90844036596978,-1.0,39.17824603616991
1,EV_B13_C008_Mototaxi_Electrica_P08,3.0,78.90844036596978,-1.0,39.17824603616991
1,EV_B13_C008_Mototaxi_Electrica_P08,2.0,78.90844036596978,-1.0,39.17824603616991
1,EV_B13_C008_Mototaxi_Electrica_P08,1.0,78.90844036596978,-1.0,39.17824603616991
1,EV_B13_C008_Mototaxi_Electrica_P08,0.0,78.90844036596978,-1.0,39.17824603616991
3,NONE,-1.0,-0.1,-1.0,-0.1
3,NONE,-1.0,-0.1,-1.0,-0.1
3,NONE,-1.0,-0.1,-1.0,-0.1
3,NONE,-1.0,-0.1,-1.0,-0.1
3,NONE,-1.0,-0.1,-1.0,-0.1
3,NONE,-1.0,-0.1,-1.0,-0.1
3,NONE,-1.0,-0.1,-1.0,-0.1
3,NONE,-1.0,-0.1,-1.0,-0.1
3,NONE,-1.0,-0.1,-1.0,-0.1
3,NONE,-1.0,-0.1,-1.0,-0.1
3,NONE,-1.0,-0.1,-1.0,-0.1
3,NONE,-1.0,-0.1,-1.0,-0.1
3,NONE,-1.0,-0.1,-1.0,-0.1
3,NONE,-1.0,-0.1,-1.0,-0.1
3,NONE,-1.0,-0.1,-1.0,-0.1
3,NONE,-1.0,-0.1,-1.0,-0.1
3,NONE,-1.0,-0.1,-1.0,-0.1
3,NONE,-1.0,-0.1,-1.0,-0.1
3,NONE,-1.0,-0.1,-1.0,-0.1
3,NONE,-1.0,-0.1,-1.0,-0.1
3,NONE,-1.0,-0.1,-1.0,-0.1
3,NONE,-1.0,-0.1,-1.0,-0.1
3,NONE,-1.0,-0.1,-1.0,-0.1
3,NONE,-1.0,-0.1,-1.0,-0.1
3,NONE,-1.0,-0.1,-1.0,-0.1
3,NONE,-1.0,-0.1,-1.0,-0.1
3,NONE,-1.0,-0.1,-1.0,-0.1
3,NONE,-1.0,-0.1,-1.0,-0.1
3,NONE,-1.0,-0.1,-1.0,-0.1
3,NONE,-1.0,-0.1,-1.0,-0.1
3,NONE,-1.0,-0.1,-1.0,-0.1
3,NONE,-1.0,-0.1,-1.0,-0.1
3,NONE,-1.0,-0.1,-1.0,-0.1
3,NONE,-1.0,-0.1,-1.0,-0.1
3,NONE,-1.0,-0.1,-1.0,-0.1
3,NONE,-1.0,-0.1,-1.0,-0.1
3,NONE,-1.0,-0.1,-1.0,-0.1
3,NONE,-1.0,-0.1,-1.0,-0.1
3,NONE,-1.0,-0.1,-1.0,-0.1
3,NONE,-1.0,-0.1,-1.0,-0.1
3,NONE,-1.0,-0.1,-1.0,-0.1
3,NONE,-1.0,-0.1,-1.0,-0.1
2,EV_B13_C008_Mototaxi_Electrica_P09,-1.0,-0.1,10.0,32.50961938294641
1,EV_B13_C008_Mototaxi_Electrica_P09,4.0,83.71587156570344,-1.0,32.50961938294641
1,EV_B13_C008_Mototaxi_Electrica_P09,3.0,83.71587156570344,-1.0,32.50961938294641
1,EV_B13_C008_Mototaxi_Electrica_P09,2.0,83.71587156570344,-1.0,32.50961938294641
1,EV_B13_C008_Mototaxi_Electrica_P09,1.0,83.71587156570344,-1.0,32.50961938294641
1,EV_B13_C008_Mototaxi_Electrica_P09,0.0,83.71587156570344,-1.0,32.50961938294641
3,NONE,-1.0,-0.1,-1.0,-0.1
3,NONE,-1.0,-0.1,-1.0,-0.1
3,NONE,-1.0,-0.1,-1.0,-0.1
3,NONE,-1.0,-0.1,-1.0,-0.1
3,NONE,-1.0,-0.1,-1.0,-0.1
3,NONE,-1.0,-0.1,-1.0,-0.1
3,NONE,-1.0,-0.1,-1.0,-0.1
3,NONE,-1.0,-0.1,-1.0,-0.1
3,NONE,-1.0,-0.1,-1.0,-0.1
3,NONE,-1.0,-0.1,-1.0,-0.1
3,NONE,-1.0,-0.1,-1.0,-0.1
3,NONE,-1.0,-0.1,-1.0,-0.1
3,NONE,-1.0,-0.1,-1.0,-0.1
3,NONE,-1.0,-0.1,-1.0,-0.1
3,NONE,-1.0,-0.1,-1.0,-0.1
3,NONE,-1.0,-0.1,-1.0,-0.1
2,EV_B13_C008_Mototaxi_Electrica_P10,-1.0,-0.1,8.0,28.2224780586566
1,EV_B13_C008_Mototaxi_Electrica_P10,6.0,89.31286837957008,-1.0,28.2224780586566
1,EV_B13_C008_Mototaxi_Electrica_P10,5.0,89.31286837957008,-1.0,28.2224780586566
1,EV_B13_C008_Mototaxi_Electrica_P10,4.0,89.31286837957008,-1.0,28.2224780586566
1,EV_B13_C008_Mototaxi_Electrica_P10,3.0,89.31286837957008,-1.0,28.2224780586566
1,EV_B13_C008_Mototaxi_Electrica_P10,2.0,89.31286837957008,-1.0,28.2224780586566
1,EV_B13_C008_Mototaxi_Electrica_P10,1.0,89.31286837957008,-1.0,28.2224780586566
1,EV_B13_C008_Mototaxi_Electrica_P10,0.0,89.31286837957008,-1.0,28.2224780586566
3,NONE,-1.0,-0.1,-1.0,-0.1
3,NONE,-1.0,-0.1,-1.0,-0.1
3,NONE,-1.0,-0.1,-1.0,-0.1
3,NONE,-1.0,-0.1,-1.0,-0.1
3,NONE,-1.0,-0.1,-1.0,-0.1
3,NONE,-1.0,-0.1,-1.0,-0.1
3,NONE,-1.0,-0.1,-1.0,-0.1
3,NONE,-1.0,-0.1,-1.0,-0.1
3,NONE,-1.0,-0.1,-1.0,-0.1
3,NONE,-1.0,-0.1,-1.0,-0.1
3,NONE,-1.0,-0.1,-1.0,-0.1
3,NONE,-1.0,-0.1,-1.0,-0.1
3,NONE,-1.0,-0.1,-1.0,-0.1
3,NONE,-1.0,-0.1,-1.0,-0.1
3,NONE,-1.0,-0.1,-1.0,-0.1
2,EV_B13_C008_Mototaxi_Electrica_P01,-1.0,-0.1,7.0,36.49858952047404
1,EV_B13_C008_Mototaxi_Electrica_P01,7.0,78.02155222094689,-1.0,36.49858952047404
1,EV_B13_C008_Mototaxi_Electrica_P01,6.0,78.02155222094689,-1.0,36.49858952047404
1,EV_B13_C008_Mototaxi_Electrica_P01,5.0,78.02155222094689,-1.0,36.49858952047404
1,EV_B13_C008_Mototaxi_Electrica_P01,4.0,78.02155222094689,-1.0,36.49858952047404
1,EV_B13_C008_Mototaxi_Electrica_P01,3.0,78.02155222094689,-1.0,36.49858952047404
1,EV_B13_C008_Mototaxi_Electrica_P01,2.0,78.02155222094689,-1.0,36.49858952047404
1,EV_B13_C008_Mototaxi_Electrica_P01,1.0,78.02155222094689,-1.0,36.49858952047404
1,EV_B13_C008_Mototaxi_Electrica_P01,0.0,78.02155222094689,-1.0,36.49858952047404
3,NONE,-1.0,-0.1,-1.0,-0.1
3,NONE,-1.0,-0.1,-1.0,-0.1
3,NONE,-1.0,-0.1,-1.0,-0.1
3,NONE,-1.0,-0.1,-1.0,-0.1
3,NONE,-1.0,-0.1,-1.0,-0.1
3,NONE,-1.0,-0.1,-1.0,-0.1
3,NONE,-1.0,-0.1,-1.0,-0.1
3,NONE,-1.0,-0.1,-1.0,-0.1
3,NONE,-1.0,-0.1,-1.0,-0.1
3,NONE,-1.0,-0.1,-1.0,-0.1
3,NONE,-1.0,-0.1,-1.0,-0.1
3,NONE,-1.0,-0.1,-1.0,-0.1
3,NONE,-1.0,-0.1,-1.0,-0.1
3,NONE,-1.0,-0.1,-1.0,-0.1
3,NONE,-1.0,-0.1,-1.0,-0.1
3,NONE,-1.0,-0.1,-1.0,-0.1
3,NONE,-1.0,-0.1,-1.0,-0.1
3,NONE,-1.0,-0.1,-1.0,-0.1
3,NONE,-1.0,-0.1,-1.0,-0.1
3,NONE,-1.0,-0.1,-1.0,-0.1
3,NONE,-1.0,-0.1,-1.0,-0.1
3,NONE,-1.0,-0.1,-1.0,-0.1
3,NONE,-1.0,-0.1,-1.0,-0.1
3,NONE,-1.0,-0.1,-1.0,-0.1
3,NONE,-1.0,-0.1,-1.0,-0.1
3,NONE,-1.0,-0.1,-1.0,-0.1
3,NONE,-1.0,-0.1,-1.0,-0.1
3,NONE,-1.0,-0.1,-1.0,-0.1
3,NONE,-1.0,-0.1,-1.0,-0.1
3,NONE,-1.0,-0.1,-1.0,-0.1
3,NONE,-1.0,-0.1,-1.0,-0.1
3,NONE,-1.0,-0.1,-1.0,-0.1
3,NONE,-1.0,-0.1,-1.0,-0.1
3,NONE,-1.0,-0.1,-1.0,-0.1
3,NONE,-1.0,-0.1,-1.0,-0.1
3,NONE,-1.0,-0.1,-1.0,-0.1
3,NONE,-1.0,-0.1,-1.0,-0.1
3,NONE,-1.0,-0.1,-1.0,-0.1
3,NONE,-1.0,-0.1,-1.0,-0.1
3,NONE,-1.0,-0.1,-1.0,-0.1
3,NONE,-1.0,-0.1,-1.0,-0.1
3,NONE,-1.0,-0.1,-1.0,-0.1
3,NONE,-1.0,-0.1,-1.0,-0.1
3,NONE,-1.0,-0.1,-1.0,-0.1
3,NONE,-1.0,-0.1,-1.0,-0.1
3,NONE,-1.0,-0.1,-1.0,-0.1
3,NONE,-1.0,-0.1,-1.0,-0.1
3,NONE,-1.0,-0.1,-1.0,-0.1
3,NONE,-1.0,-0.1,-1.0,-0.1
3,NONE,-1.0,-0.1,-1.0,-0.1
3,NONE,-1.0,-0.1,-1.0,-0.1
3,NONE,-1.0,-0.1,-1.0,-0.1
3,NONE,-1.0,-0.1,-1.0,-0.1
3,NONE,-1.0,-0.1,-1.0,-0.1
3,NONE,-1.0,-0.1,-1.0,-0.1
3,NONE,-1.0,-0.1,-1.0,-0.1
3,NONE,-1.0,-0.1,-1.0,-0.1
3,NONE,-1.0,-0.1,-1.0,-0.1
3,NONE,-1.0,-0.1,-1.0,-0.1
3,NONE,-1.0,-0.1,-1.0,-0.1
3,NONE,-1.0,-0.1,-1.0,-0.1
3,NONE,-1.0,-0.1,-1.0,-0.1
3,NONE,-1.0,-0.1,-1.0,-0.1
3,NONE,-1.0,-0.1,-1.0,-0.1
3,NONE,-1.0,-0.1,-1.0,-0.1
3,NONE,-1.0,-0.1,-1.0,-0.1
3,NONE,-1.0,-0.1,-1.0,-0.1
3,NONE,-1.0,-0.1,-1.0,-0.1
3,NONE,-1.0,-0.1,-1.0,-0.1
3,NONE,-1.0,-0.1,-1.0,-0.1
3,NONE,-1.0,-0.1,-1.0,-0.1
3,NONE,-1.0,-0.1,-1.0,-0.1
3,NONE,-1.0,-0.1,-1.0,-0.1
3,NONE,-1.0,-0.1,-1.0,-0.1
3,NONE,-1.0,-0.1,-1.0,-0.1
3,NONE,-1.0,-0.1,-1.0,-0.1
3,NONE,-1.0,-0.1,-1.0,-0.1
3,NONE,-1.0,-0.1,-1.0,-0.1
3,NONE,-1.0,-0.1,-1.0,-0.1
3,NONE,-1.0,-0.1,-1.0,-0.1
3,NONE,-1.0,-0.1,-1.0,-0.1
3,NONE,-1.0,-0.1,-1.0,-0.1
3,NONE,-1.0,-0.1,-1.0,-0.1
3,NONE,-1.0,-0.1,-1.0,-0.1
3,NONE,-1.0,-0.1,-1.0,-0.1
3,NONE,-1.0,-0.1,-1.0,-0.1
3,NONE,-1.0,-0.1,-1.0,-0.1
3,NONE,-1.0,-0.1,-1.0,-0.1
3,NONE,-1.0,-0.1,-1.0,-0.1
3,NONE,-1.0,-0.1,-1.0,-0.1
3,NONE,-1.0,-0.1,-1.0,-0.1
3,NONE,-1.0,-0.1,-1.0,-0.1
3,NONE,-1.0,-0.1,-1.0,-0.1
3,NONE,-1.0,-0.1,-1.0,-0.1
3,NONE,-1.0,-0.1,-1.0,-0.1
3,NONE,-1.0,-0.1,-1.0,-0.1
3,NONE,-1.0,-0.1,-1.0,-0.1
3,NONE,-1.0,-0.1,-1.0,-0.1
3,NONE,-1.0,-0.1,-1.0,-0.1
3,NONE,-1.0,-0.1,-1.0,-0.1
3,NONE,-1.0,-0.1,-1.0,-0.1
3,NONE,-1.0,-0.1,-1.0,-0.1
3,NONE,-1.0,-0.1,-1.0,-0.1
3,NONE,-1.0,-0.1,-1.0,-0.1
3,NONE,-1.0,-0.1,-1.0,-0.1
3,NONE,-1.0,-0.1,-1.0,-0.1
3,NONE,-1.0,-0.1,-1.0,-0.1
3,NONE,-1.0,-0.1,-1.0,-0.1
3,NONE,-1.0,-0.1,-1.0,-0.1
3,NONE,-1.0,-0.1,-1.0,-0.1
3,NONE,-1.0,-0.1,-1.0,-0.1
3,NONE,-1.0,-0.1,-1.0,-0.1
2,EV_B13_C008_Mototaxi_Electrica_P02,-1.0,-0.1,8.0,56.053226316993545
1,EV_B13_C008_Mototaxi_Electrica_P02,6.0,86.38580289099245,-1.0,56.053226316993545
1,EV_B13_C008_Mototaxi_Electrica_P02,5.0,86.38580289099245,-1.0,56.053226316993545
1,EV_B13_C008_Mototaxi_Electrica_P02,4.0,86.38580289099245,-1.0,56.053226316993545
1,EV_B13_C008_Mototaxi_Electrica_P02,3.0,86.38580289099245,-1.0,56.053226316993545
1,EV_B13_C008_Mototaxi_Electrica_P02,2.0,86.38580289099245,-1.0,56.053226316993545
1,EV_B13_C008_Mototaxi_Electrica_P02,1.0,86.38580289099245,-1.0,56.053226316993545
1,EV_B13_C008_Mototaxi_Electrica_P02,0.0,86.38580289099245,-1.0,56.053226316993545
3,NONE,-1.0,-0.1,-1.0,-0.1
3,NONE,-1.0,-0.1,-1.0,-0.1
3,NONE,-1.0,-0.1,-1.0,-0.1
3,NONE,-1.0,-0.1,-1.0,-0.1
3,NONE,-1.0,-0.1,-1.0,-0.1
3,NONE,-1.0,-0.1,-1.0,-0.1
3,NONE,-1.0,-0.1,-1.0,-0.1
3,NONE,-1.0,-0.1,-1.0,-0.1
3,NONE,-1.0,-0.1,-1.0,-0.1
3,NONE,-1.0,-0.1,-1.0,-0.1
3,NONE,-1.0,-0.1,-1.0,-0.1
3,NONE,-1.0,-0.1,-1.0,-0.1
3,NONE,-1.0,-0.1,-1.0,-0.1
3,NONE,-1.0,-0.1,-1.0,-0.1
3,NONE,-1.0,-0.1,-1.0,-0.1
3,NONE,-1.0,-0.1,-1.0,-0.1
2,EV_B13_C008_Mototaxi_Electrica_P03,-1.0,-0.1,8.0,47.61170150808784
1,EV_B13_C008_Mototaxi_Electrica_P03,6.0,84.34537528195774,-1.0,47.61170150808784
1,EV_B13_C008_Mototaxi_Electrica_P03,5.0,84.34537528195774,-1.0,47.61170150808784
1,EV_B13_C008_Mototaxi_Electrica_P03,4.0,84.34537528195774,-1.0,47.61170150808784
1,EV_B13_C008_Mototaxi_Electrica_P03,3.0,84.34537528195774,-1.0,47.61170150808784
1,EV_B13_C008_Mototaxi_Electrica_P03,2.0,84.34537528195774,-1.0,47.61170150808784
1,EV_B13_C008_Mototaxi_Electrica_P03,1.0,84.34537528195774,-1.0,47.61170150808784
1,EV_B13_C008_Mototaxi_Electrica_P03,0.0,84.34537528195774,-1.0,47.61170150808784
3,NONE,-1.0,-0.1,-1.0,-0.1
3,NONE,-1.0,-0.1,-1.0,-0.1
3,NONE,-1.0,-0.1,-1.0,-0.1
3,NONE,-1.0,-0.1,-1.0,-0.1
3,NONE,-1.0,-0.1,-1.0,-0.1
3,NONE,-1.0,-0.1,-1.0,-0.1
3,NONE,-1.0,-0.1,-1.0,-0.1
3,NONE,-1.0,-0.1,-1.0,-0.1
3,NONE,-1.0,-0.1,-1.0,-0.1
3,NONE,-1.0,-0.1,-1.0,-0.1
3,NONE,-1.0,-0.1,-1.0,-0.1
3,NONE,-1.0,-0.1,-1.0,-0.1
3,NONE,-1.0,-0.1,-1.0,-0.1
3,NONE,-1.0,-0.1,-1.0,-0.1
3,NONE,-1.0,-0.1,-1.0,-0.1
2,EV_B13_C008_Mototaxi_Electrica_P04,-1.0,-0.1,7.0,43.266395484988934
1,EV_B13_C008_Mototaxi_Electrica_P04,7.0,84.29043064559424,-1.0,43.266395484988934
1,EV_B13_C008_Mototaxi_Electrica_P04,6.0,84.29043064559424,-1.0,43.266395484988934
1,EV_B13_C008_Mototaxi_Electrica_P04,5.0,84.29043064559424,-1.0,43.266395484988934
1,EV_B13_C008_Mototaxi_Electrica_P04,4.0,84.29043064559424,-1.0,43.266395484988934
1,EV_B13_C008_Mototaxi_Electrica_P04,3.0,84.29043064559424,-1.0,43.266395484988934
1,EV_B13_C008_Mototaxi_Electrica_P04,2.0,84.29043064559424,-1.0,43.266395484988934
1,EV_B13_C008_Mototaxi_Electrica_P04,1.0,84.29043064559424,-1.0,43.266395484988934
1,EV_B13_C008_Mototaxi_Electrica_P04,0.0,84.29043064559424,-1.0,43.266395484988934
3,NONE,-1.0,-0.1,-1.0,-0.1
3,NONE,-1.0,-0.1,-1.0,-0.1
3,NONE,-1.0,-0.1,-1.0,-0.1
3,NONE,-1.0,-0.1,-1.0,-0.1
3,NONE,-1.0,-0.1,-1.0,-0.1
3,NONE,-1.0,-0.1,-1.0,-0.1
3,NONE,-1.0,-0.1,-1.0,-0.1
3,NONE,-1.0,-0.1,-1.0,-0.1
3,NONE,-1.0,-0.1,-1.0,-0.1
3,NONE,-1.0,-0.1,-1.0,-0.1
3,NONE,-1.0,-0.1,-1.0,-0.1
3,NONE,-1.0,-0.1,-1.0,-0.1
3,NONE,-1.0,-0.1,-1.0,-0.1
3,NONE,-1.0,-0.1,-1.0,-0.1
3,NONE,-1.0,-0.1,-1.0,-0.1
3,NONE,-1.0,-0.1,-1.0,-0.1
3,NONE,-1.0,-0.1,-1.0,-0.1
3,NONE,-1.0,-0.1,-1.0,-0.1
3,NONE,-1.0,-0.1,-1.0,-0.1
3,NONE,-1.0,-0.1,-1.0,-0.1
3,NONE,-1.0,-0.1,-1.0,-0.1
3,NONE,-1.0,-0.1,-1.0,-0.1
3,NONE,-1.0,-0.1,-1.0,-0.1
3,NONE,-1.0,-0.1,-1.0,-0.1
3,NONE,-1.0,-0.1,-1.0,-0.1
3,NONE,-1.0,-0.1,-1.0,-0.1
3,NONE,-1.0,-0.1,-1.0,-0.1
3,NONE,-1.0,-0.1,-1.0,-0.1
3,NONE,-1.0,-0.1,-1.0,-0.1
3,NONE,-1.0,-0.1,-1.0,-0.1
3,NONE,-1.0,-0.1,-1.0,-0.1
3,NONE,-1.0,-0.1,-1.0,-0.1
3,NONE,-1.0,-0.1,-1.0,-0.1
3,NONE,-1.0,-0.1,-1.0,-0.1
3,NONE,-1.0,-0.1,-1.0,-0.1
3,NONE,-1.0,-0.1,-1.0,-0.1
3,NONE,-1.0,-0.1,-1.0,-0.1
3,NONE,-1.0,-0.1,-1.0,-0.1
3,NONE,-1.0,-0.1,-1.0,-0.1
3,NONE,-1.0,-0.1,-1.0,-0.1
3,NONE,-1.0,-0.1,-1.0,-0.1
3,NONE,-1.0,-0.1,-1.0,-0.1
3,NONE,-1.0,-0.1,-1.0,-0.1
3,NONE,-1.0,-0.1,-1.0,-0.1
3,NONE,-1.0,-0.1,-1.0,-0.1
3,NONE,-1.0,-0.1,-1.0,-0.1
3,NONE,-1.0,-0.1,-1.0,-0.1
3,NONE,-1.0,-0.1,-1.0,-0.1
3,NONE,-1.0,-0.1,-1.0,-0.1
3,NONE,-1.0,-0.1,-1.0,-0.1
3,NONE,-1.0,-0.1,-1.0,-0.1
3,NONE,-1.0,-0.1,-1.0,-0.1
3,NONE,-1.0,-0.1,-1.0,-0.1
3,NONE,-1.0,-0.1,-1.0,-0.1
3,NONE,-1.0,-0.1,-1.0,-0.1
3,NONE,-1.0,-0.1,-1.0,-0.1
3,NONE,-1.0,-0.1,-1.0,-0.1
3,NONE,-1.0,-0.1,-1.0,-0.1
3,NONE,-1.0,-0.1,-1.0,-0.1
3,NONE,-1.0,-0.1,-1.0,-0.1
3,NONE,-1.0,-0.1,-1.0,-0.1
3,NONE,-1.0,-0.1,-1.0,-0.1
3,NONE,-1.0,-0.1,-1.0,-0.1
3,NONE,-1.0,-0.1,-1.0,-0.1
3,NONE,-1.0,-0.1,-1.0,-0.1
3,NONE,-1.0,-0.1,-1.0,-0.1
3,NONE,-1.0,-0.1,-1.0,-0.1
3,NONE,-1.0,-0.1,-1.0,-0.1
3,NONE,-1.0,-0.1,-1.0,-0.1
3,NONE,-1.0,-0.1,-1.0,-0.1
3,NONE,-1.0,-0.1,-1.0,-0.1
3,NONE,-1.0,-0.1,-1.0,-0.1
3,NONE,-1.0,-0.1,-1.0,-0.1
3,NONE,-1.0,-0.1,-1.0,-0.1
3,NONE,-1.0,-0.1,-1.0,-0.1
3,NONE,-1.0,-0.1,-1.0,-0.1
3,NONE,-1.0,-0.1,-1.0,-0.1
3,NONE,-1.0,-0.1,-1.0,-0.1
3,NONE,-1.0,-0.1,-1.0,-0.1
3,NONE,-1.0,-0.1,-1.0,-0.1
3,NONE,-1.0,-0.1,-1.0,-0.1
3,NONE,-1.0,-0.1,-1.0,-0.1
3,NONE,-1.0,-0.1,-1.0,-0.1
3,NONE,-1.0,-0.1,-1.0,-0.1
3,NONE,-1.0,-0.1,-1.0,-0.1
3,NONE,-1.0,-0.1,-1.0,-0.1
3,NONE,-1.0,-0.1,-1.0,-0.1
2,EV_B13_C008_Mototaxi_Electrica_P05,-1.0,-0.1,7.0,40.622477956139406
1,EV_B13_C008_Mototaxi_Electrica_P05,7.0,91.78882814297626,-1.0,40.622477956139406
1,EV_B13_C008_Mototaxi_Electrica_P05,6.0,91.78882814297626,-1.0,40.622477956139406
1,EV_B13_C008_Mototaxi_Electrica_P05,5.0,91.78882814297626,-1.0,40.622477956139406
1,EV_B13_C008_Mototaxi_Electrica_P05,4.0,91.78882814297626,-1.0,40.622477956139406
1,EV_B13_C008_Mototaxi_Electrica_P05,3.0,91.78882814297626,-1.0,40.622477956139406
1,EV_B13_C008_Mototaxi_Electrica_P05,2.0,91.78882814297626,-1.0,40.622477956139406
1,EV_B13_C008_Mototaxi_Electrica_P05,1.0,91.78882814297626,-1.0,40.622477956139406
1,EV_B13_C008_Mototaxi_Electrica_P05,0.0,91.78882814297626,-1.0,40.622477956139406
3,NONE,-1.0,-0.1,-1.0,-0.1
3,NONE,-1.0,-0.1,-1.0,-0.1
3,NONE,-1.0,-0.1,-1.0,-0.1
3,NONE,-1.0,-0.1,-1.0,-0.1
3,NONE,-1.0,-0.1,-1.0,-0.1
3,NONE,-1.0,-0.1,-1.0,-0.1
3,NONE,-1.0,-0.1,-1.0,-0.1
3,NONE,-1.0,-0.1,-1.0,-0.1
3,NONE,-1.0,-0.1,-1.0,-0.1
3,NONE,-1.0,-0.1,-1.0,-0.1
3,NONE,-1.0,-0.1,-1.0,-0.1
3,NONE,-1.0,-0.1,-1.0,-0.1
3,NONE,-1.0,-0.1,-1.0,-0.1
3,NONE,-1.0,-0.1,-1.0,-0.1
3,NONE,-1.0,-0.1,-1.0,-0.1
3,NONE,-1.0,-0.1,-1.0,-0.1
3,NONE,-1.0,-0.1,-1.0,-0.1
2,EV_B13_C008_Mototaxi_Electrica_P06,-1.0,-0.1,9.0,50.58864217711992
1,EV_B13_C008_Mototaxi_Electrica_P06,5.0,88.83756913218193,-1.0,50.58864217711992
1,EV_B13_C008_Mototaxi_Electrica_P06,4.0,88.83756913218193,-1.0,50.58864217711992
1,EV_B13_C008_Mototaxi_Electrica_P06,3.0,88.83756913218193,-1.0,50.58864217711992
1,EV_B13_C008_Mototaxi_Electrica_P06,2.0,88.83756913218193,-1.0,50.58864217711992
1,EV_B13_C008_Mototaxi_Electrica_P06,1.0,88.83756913218193,-1.0,50.58864217711992
1,EV_B13_C008_Mototaxi_Electrica_P06,0.0,88.83756913218193,-1.0,50.58864217711992
3,NONE,-1.0,-0.1,-1.0,-0.1
3,NONE,-1.0,-0.1,-1.0,-0.1
3,NONE,-1.0,-0.1,-1.0,-0.1
3,NONE,-1.0,-0.1,-1.0,-0.1
3,NONE,-1.0,-0.1,-1.0,-0.1
3,NONE,-1.0,-0.1,-1.0,-0.1
3,NONE,-1.0,-0.1,-1.0,-0.1
3,NONE,-1.0,-0.1,-1.0,-0.1
3,NONE,-1.0,-0.1,-1.0,-0.1
3,NONE,-1.0,-0.1,-1.0,-0.1
3,NONE,-1.0,-0.1,-1.0,-0.1
3,NONE,-1.0,-0.1,-1.0,-0.1
3,NONE,-1.0,-0.1,-1.0,-0.1
3,NONE,-1.0,-0.1,-1.0,-0.1
3,NONE,-1.0,-0.1,-1.0,-0.1
3,NONE,-1.0,-0.1,-1.0,-0.1
3,NONE,-1.0,-0.1,-1.0,-0.1
3,NONE,-1.0,-0.1,-1.0,-0.1
3,NONE,-1.0,-0.1,-1.0,-0.1
3,NONE,-1.0,-0.1,-1.0,-0.1
3,NONE,-1.0,-0.1,-1.0,-0.1
3,NONE,-1.0,-0.1,-1.0,-0.1
3,NONE,-1.0,-0.1,-1.0,-0.1
3,NONE,-1.0,-0.1,-1.0,-0.1
3,NONE,-1.0,-0.1,-1.0,-0.1
3,NONE,-1.0,-0.1,-1.0,-0.1
3,NONE,-1.0,-0.1,-1.0,-0.1
3,NONE,-1.0,-0.1,-1.0,-0.1
3,NONE,-1.0,-0.1,-1.0,-0.1
3,NONE,-1.0,-0.1,-1.0,-0.1
3,NONE,-1.0,-0.1,-1.0,-0.1
3,NONE,-1.0,-0.1,-1.0,-0.1
3,NONE,-1.0,-0.1,-1.0,-0.1
3,NONE,-1.0,-0.1,-1.0,-0.1
3,NONE,-1.0,-0.1,-1.0,-0.1
3,NONE,-1.0,-0.1,-1.0,-0.1
3,NONE,-1.0,-0.1,-1.0,-0.1
3,NONE,-1.0,-0.1,-1.0,-0.1
3,NONE,-1.0,-0.1,-1.0,-0.1
3,NONE,-1.0,-0.1,-1.0,-0.1
2,EV_B13_C008_Mototaxi_Electrica_P07,-1.0,-0.1,8.0,47.90968075094759
1,EV_B13_C008_Mototaxi_Electrica_P07,6.0,75.58561378356464,-1.0,47.90968075094759
1,EV_B13_C008_Mototaxi_Electrica_P07,5.0,75.58561378356464,-1.0,47.90968075094759
1,EV_B13_C008_Mototaxi_Electrica_P07,4.0,75.58561378356464,-1.0,47.90968075094759
1,EV_B13_C008_Mototaxi_Electrica_P07,3.0,75.58561378356464,-1.0,47.90968075094759
1,EV_B13_C008_Mototaxi_Electrica_P07,2.0,75.58561378356464,-1.0,47.90968075094759
1,EV_B13_C008_Mototaxi_Electrica_P07,1.0,75.58561378356464,-1.0,47.90968075094759
1,EV_B13_C008_Mototaxi_Electrica_P07,0.0,75.58561378356464,-1.0,47.90968075094759
3,NONE,-1.0,-0.1,-1.0,-0.1
3,NONE,-1.0,-0.1,-1.0,-0.1
3,NONE,-1.0,-0.1,-1.0,-0.1
3,NONE,-1.0,-0.1,-1.0,-0.1
3,NONE,-1.0,-0.1,-1.0,-0.1
3,NONE,-1.0,-0.1,-1.0,-0.1
3,NONE,-1.0,-0.1,-1.0,-0.1
3,NONE,-1.0,-0.1,-1.0,-0.1
3,NONE,-1.0,-0.1,-1.0,-0.1
3,NONE,-1.0,-0.1,-1.0,-0.1
3,NONE,-1.0,-0.1,-1.0,-0.1
3,NONE,-1.0,-0.1,-1.0,-0.1
3,NONE,-1.0,-0.1,-1.0,-0.1
3,NONE,-1.0,-0.1,-1.0,-0.1
3,NONE,-1.0,-0.1,-1.0,-0.1
3,NONE,-1.0,-0.1,-1.0,-0.1
3,NONE,-1.0,-0.1,-1.0,-0.1
3,NONE,-1.0,-0.1,-1.0,-0.1
3,NONE,-1.0,-0.1,-1.0,-0.1
3,NONE,-1.0,-0.1,-1.0,-0.1
3,NONE,-1.0,-0.1,-1.0,-0.1
3,NONE,-1.0,-0.1,-1.0,-0.1
3,NONE,-1.0,-0.1,-1.0,-0.1
3,NONE,-1.0,-0.1,-1.0,-0.1
3,NONE,-1.0,-0.1,-1.0,-0.1
3,NONE,-1.0,-0.1,-1.0,-0.1
3,NONE,-1.0,-0.1,-1.0,-0.1
3,NONE,-1.0,-0.1,-1.0,-0.1
3,NONE,-1.0,-0.1,-1.0,-0.1
3,NONE,-1.0,-0.1,-1.0,-0.1
3,NONE,-1.0,-0.1,-1.0,-0.1
3,NONE,-1.0,-0.1,-1.0,-0.1
3,NONE,-1.0,-0.1,-1.0,-0.1
3,NONE,-1.0,-0.1,-1.0,-0.1
3,NONE,-1.0,-0.1,-1.0,-0.1
3,NONE,-1.0,-0.1,-1.0,-0.1
3,NONE,-1.0,-0.1,-1.0,-0.1
3,NONE,-1.0,-0.1,-1.0,-0.1
3,NONE,-1.0,-0.1,-1.0,-0.1
3,NONE,-1.0,-0.1,-1.0,-0.1
3,NONE,-1.0,-0.1,-1.0,-0.1
3,NONE,-1.0,-0.1,-1.0,-0.1
3,NONE,-1.0,-0.1,-1.0,-0.1
3,NONE,-1.0,-0.1,-1.0,-0.1
3,NONE,-1.0,-0.1,-1.0,-0.1
3,NONE,-1.0,-0.1,-1.0,-0.1
3,NONE,-1.0,-0.1,-1.0,-0.1
3,NONE,-1.0,-0.1,-1.0,-0.1
3,NONE,-1.0,-0.1,-1.0,-0.1
3,NONE,-1.0,-0.1,-1.0,-0.1
3,NONE,-1.0,-0.1,-1.0,-0.1
3,NONE,-1.0,-0.1,-1.0,-0.1
3,NONE,-1.0,-0.1,-1.0,-0.1
3,NONE,-1.0,-0.1,-1.0,-0.1
3,NONE,-1.0,-0.1,-1.0,-0.1
3,NONE,-1.0,-0.1,-1.0,-0.1
3,NONE,-1.0,-0.1,-1.0,-0.1
3,NONE,-1.0,-0.1,-1.0,-0.1
3,NONE,-1.0,-0.1,-1.0,-0.1
3,NONE,-1.0,-0.1,-1.0,-0.1
3,NONE,-1.0,-0.1,-1.0,-0.1
3,NONE,-1.0,-0.1,-1.0,-0.1
3,NONE,-1.0,-0.1,-1.0,-0.1
3,NONE,-1.0,-0.1,-1.0,-0.1
2,EV_B13_C008_Mototaxi_Electrica_P08,-1.0,-0.1,8.0,33.94326925078395
1,EV_B13_C008_Mototaxi_Electrica_P08,6.0,81.51261537778014,-1.0,33.94326925078395
1,EV_B13_C008_Mototaxi_Electrica_P08,5.0,81.51261537778014,-1.0,33.94326925078395
1,EV_B13_C008_Mototaxi_Electrica_P08,4.0,81.51261537778014,-1.0,33.94326925078395
1,EV_B13_C008_Mototaxi_Electrica_P08,3.0,81.51261537778014,-1.0,33.94326925078395
1,EV_B13_C008_Mototaxi_Electrica_P08,2.0,81.51261537778014,-1.0,33.94326925078395
1,EV_B13_C008_Mototaxi_Electrica_P08,1.0,81.51261537778014,-1.0,33.94326925078395
1,EV_B13_C008_Mototaxi_Electrica_P08,0.0,81.51261537778014,-1.0,33.94326925078395
3,NONE,-1.0,-0.1,-1.0,-0.1
3,NONE,-1.0,-0.1,-1.0,-0.1
3,NONE,-1.0,-0.1,-1.0,-0.1
3,NONE,-1.0,-0.1,-1.0,-0.1
3,NONE,-1.0,-0.1,-1.0,-0.1
3,NONE,-1.0,-0.1,-1.0,-0.1
3,NONE,-1.0,-0.1,-1.0,-0.1
3,NONE,-1.0,-0.1,-1.0,-0.1
3,NONE,-1.0,-0.1,-1.0,-0.1
3,NONE,-1.0,-0.1,-1.0,-0.1
3,NONE,-1.0,-0.1,-1.0,-0.1
3,NONE,-1.0,-0.1,-1.0,-0.1
3,NONE,-1.0,-0.1,-1.0,-0.1
3,NONE,-1.0,-0.1,-1.0,-0.1
3,NONE,-1.0,-0.1,-1.0,-0.1
3,NONE,-1.0,-0.1,-1.0,-0.1
3,NONE,-1.0,-0.1,-1.0,-0.1
3,NONE,-1.0,-0.1,-1.0,-0.1
3,NONE,-1.0,-0.1,-1.0,-0.1
3,NONE,-1.0,-0.1,-1.0,-0.1
3,NONE,-1.0,-0.1,-1.0,-0.1
3,NONE,-1.0,-0.1,-1.0,-0.1
3,NONE,-1.0,-0.1,-1.0,-0.1
3,NONE,-1.0,-0.1,-1.0,-0.1
3,NONE,-1.0,-0.1,-1.0,-0.1
3,NONE,-1.0,-0.1,-1.0,-0.1
3,NONE,-1.0,-0.1,-1.0,-0.1
3,NONE,-1.0,-0.1,-1.0,-0.1
3,NONE,-1.0,-0.1,-1.0,-0.1
3,NONE,-1.0,-0.1,-1.0,-0.1
3,NONE,-1.0,-0.1,-1.0,-0.1
3,NONE,-1.0,-0.1,-1.0,-0.1
3,NONE,-1.0,-0.1,-1.0,-0.1
3,NONE,-1.0,-0.1,-1.0,-0.1
3,NONE,-1.0,-0.1,-1.0,-0.1
3,NONE,-1.0,-0.1,-1.0,-0.1
3,NONE,-1.0,-0.1,-1.0,-0.1
3,NONE,-1.0,-0.1,-1.0,-0.1
3,NONE,-1.0,-0.1,-1.0,-0.1
3,NONE,-1.0,-0.1,-1.0,-0.1
3,NONE,-1.0,-0.1,-1.0,-0.1
3,NONE,-1.0,-0.1,-1.0,-0.1
3,NONE,-1.0,-0.1,-1.0,-0.1
3,NONE,-1.0,-0.1,-1.0,-0.1
3,NONE,-1.0,-0.1,-1.0,-0.1
3,NONE,-1.0,-0.1,-1.0,-0.1
3,NONE,-1.0,-0.1,-1.0,-0.1
3,NONE,-1.0,-0.1,-1.0,-0.1
3,NONE,-1.0,-0.1,-1.0,-0.1
3,NONE,-1.0,-0.1,-1.0,-0.1
3,NONE,-1.0,-0.1,-1.0,-0.1
3,NONE,-1.0,-0.1,-1.0,-0.1
3,NONE,-1.0,-0.1,-1.0,-0.1
3,NONE,-1.0,-0.1,-1.0,-0.1
3,NONE,-1.0,-0.1,-1.0,-0.1
3,NONE,-1.0,-0.1,-1.0,-0.1
3,NONE,-1.0,-0.1,-1.0,-0.1
3,NONE,-1.0,-0.1,-1.0,-0.1
3,NONE,-1.0,-0.1,-1.0,-0.1
3,NONE,-1.0,-0.1,-1.0,-0.1
3,NONE,-1.0,-0.1,-1.0,-0.1
3,NONE,-1.0,-0.1,-1.0,-0.1
3,NONE,-1.0,-0.1,-1.0,-0.1
2,EV_B13_C008_Mototaxi_Electrica_P09,-1.0,-0.1,7.0,19.62410401897185
1,EV_B13_C008_Mototaxi_Electrica_P09,5.0,83.85126779344563,-1.0,19.62410401897185
1,EV_B13_C008_Mototaxi_Electrica_P09,4.0,83.85126779344563,-1.0,19.62410401897185
1,EV_B13_C008_Mototaxi_Electrica_P09,3.0,83.85126779344563,-1.0,19.62410401897185
1,EV_B13_C008_Mototaxi_Electrica_P09,2.0,83.85126779344563,-1.0,19.62410401897185
1,EV_B13_C008_Mototaxi_Electrica_P09,1.0,83.85126779344563,-1.0,19.62410401897185
1,EV_B13_C008_Mototaxi_Electrica_P09,0.0,83.85126779344563,-1.0,19.62410401897185
3,NONE,-1.0,-0.1,-1.0,-0.1
3,NONE,-1.0,-0.1,-1.0,-0.1
3,NONE,-1.0,-0.1,-1.0,-0.1
3,NONE,-1.0,-0.1,-1.0,-0.1
3,NONE,-1.0,-0.1,-1.0,-0.1
3,NONE,-1.0,-0.1,-1.0,-0.1
3,NONE,-1.0,-0.1,-1.0,-0.1
3,NONE,-1.0,-0.1,-1.0,-0.1
3,NONE,-1.0,-0.1,-1.0,-0.1
3,NONE,-1.0,-0.1,-1.0,-0.1
3,NONE,-1.0,-0.1,-1.0,-0.1
3,NONE,-1.0,-0.1,-1.0,-0.1
3,NONE,-1.0,-0.1,-1.0,-0.1
3,NONE,-1.0,-0.1,-1.0,-0.1
3,NONE,-1.0,-0.1,-1.0,-0.1
3,NONE,-1.0,-0.1,-1.0,-0.1
3,NONE,-1.0,-0.1,-1.0,-0.1
3,NONE,-1.0,-0.1,-1.0,-0.1
3,NONE,-1.0,-0.1,-1.0,-0.1
2,EV_B13_C008_Mototaxi_Electrica_P10,-1.0,-0.1,9.0,40.39807224156008
1,EV_B13_C008_Mototaxi_Electrica_P10,5.0,78.09637698817936,-1.0,40.39807224156008
1,EV_B13_C008_Mototaxi_Electrica_P10,4.0,78.09637698817936,-1.0,40.39807224156008
1,EV_B13_C008_Mototaxi_Electrica_P10,3.0,78.09637698817936,-1.0,40.39807224156008
1,EV_B13_C008_Mototaxi_Electrica_P10,2.0,78.09637698817936,-1.0,40.39807224156008
1,EV_B13_C008_Mototaxi_Electrica_P10,1.0,78.09637698817936,-1.0,40.39807224156008
1,EV_B13_C008_Mototaxi_Electrica_P10,0.0,78.09637698817936,-1.0,40.39807224156008
3,NONE,-1.0,-0.1,-1.0,-0.1
3,NONE,-1.0,-0.1,-1.0,-0.1
3,NONE,-1.0,-0.1,-1.0,-0.1
3,NONE,-1.0,-0.1,-1.0,-0.1
3,NONE,-1.0,-0.1,-1.0,-0.1
3,NONE,-1.0,-0.1,-1.0,-0.1
3,NONE,-1.0,-0.1,-1.0,-0.1
3,NONE,-1.0,-0.1,-1.0,-0.1
3,NONE,-1.0,-0.1,-1.0,-0.1
3,NONE,-1.0,-0.1,-1.0,-0.1
3,NONE,-1.0,-0.1,-1.0,-0.1
3,NONE,-1.0,-0.1,-1.0,-0.1
3,NONE,-1.0,-0.1,-1.0,-0.1
3,NONE,-1.0,-0.1,-1.0,-0.1
3,NONE,-1.0,-0.1,-1.0,-0.1
3,NONE,-1.0,-0.1,-1.0,-0.1
3,NONE,-1.0,-0.1,-1.0,-0.1
3,NONE,-1.0,-0.1,-1.0,-0.1
3,NONE,-1.0,-0.1,-1.0,-0.1
3,NONE,-1.0,-0.1,-1.0,-0.1
3,NONE,-1.0,-0.1,-1.0,-0.1
3,NONE,-1.0,-0.1,-1.0,-0.1
3,NONE,-1.0,-0.1,-1.0,-0.1
3,NONE,-1.0,-0.1,-1.0,-0.1
3,NONE,-1.0,-0.1,-1.0,-0.1
3,NONE,-1.0,-0.1,-1.0,-0.1
3,NONE,-1.0,-0.1,-1.0,-0.1
3,NONE,-1.0,-0.1,-1.0,-0.1
3,NONE,-1.0,-0.1,-1.0,-0.1
3,NONE,-1.0,-0.1,-1.0,-0.1
3,NONE,-1.0,-0.1,-1.0,-0.1
3,NONE,-1.0,-0.1,-1.0,-0.1
3,NONE,-1.0,-0.1,-1.0,-0.1
3,NONE,-1.0,-0.1,-1.0,-0.1
3,NONE,-1.0,-0.1,-1.0,-0.1
3,NONE,-1.0,-0.1,-1.0,-0.1
3,NONE,-1.0,-0.1,-1.0,-0.1
3,NONE,-1.0,-0.1,-1.0,-0.1
3,NONE,-1.0,-0.1,-1.0,-0.1
3,NONE,-1.0,-0.1,-1.0,-0.1
3,NONE,-1.0,-0.1,-1.0,-0.1
3,NONE,-1.0,-0.1,-1.0,-0.1
3,NONE,-1.0,-0.1,-1.0,-0.1
3,NONE,-1.0,-0.1,-1.0,-0.1
3,NONE,-1.0,-0.1,-1.0,-0.1
3,NONE,-1.0,-0.1,-1.0,-0.1
3,NONE,-1.0,-0.1,-1.0,-0.1
3,NONE,-1.0,-0.1,-1.0,-0.1
3,NONE,-1.0,-0.1,-1.0,-0.1
3,NONE,-1.0,-0.1,-1.0,-0.1
3,NONE,-1.0,-0.1,-1.0,-0.1
3,NONE,-1.0,-0.1,-1.0,-0.1
3,NONE,-1.0,-0.1,-1.0,-0.1
3,NONE,-1.0,-0.1,-1.0,-0.1
3,NONE,-1.0,-0.1,-1.0,-0.1
3,NONE,-1.0,-0.1,-1.0,-0.1
3,NONE,-1.0,-0.1,-1.0,-0.1
3,NONE,-1.0,-0.1,-1.0,-0.1
3,NONE,-1.0,-0.1,-1.0,-0.1
3,NONE,-1.0,-0.1,-1.0,-0.1
3,NONE,-1.0,-0.1,-1.0,-0.1
3,NONE,-1.0,-0.1,-1.0,-0.1
3,NONE,-1.0,-0.1,-1.0,-0.1
3,NONE,-1.0,-0.1,-1.0,-0.1
3,NONE,-1.0,-0.1,-1.0,-0.1
3,NONE,-1.0,-0.1,-1.0,-0.1
3,NONE,-1.0,-0.1,-1.0,-0.1
3,NONE,-1.0,-0.1,-1.0,-0.1
3,NONE,-1.0,-0.1,-1.0,-0.1
3,NONE,-1.0,-0.1,-1.0,-0.1
3,NONE,-1.0,-0.1,-1.0,-0.1
3,NONE,-1.0,-0.1,-1.0,-0.1
3,NONE,-1.0,-0.1,-1.0,-0.1
3,NONE,-1.0,-0.1,-1.0,-0.1
3,NONE,-1.0,-0.1,-1.0,-0.1
3,NONE,-1.0,-0.1,-1.0,-0.1
3,NONE,-1.0,-0.1,-1.0,-0.1
3,NONE,-1.0,-0.1,-1.0,-0.1
3,NONE,-1.0,-0.1,-1.0,-0.1
3,NONE,-1.0,-0.1,-1.0,-0.1
3,NONE,-1.0,-0.1,-1.0,-0.1
3,NONE,-1.0,-0.1,-1.0,-0.1
3,NONE,-1.0,-0.1,-1.0,-0.1
3,NONE,-1.0,-0.1,-1.0,-0.1
3,NONE,-1.0,-0.1,-1.0,-0.1
3,NONE,-1.0,-0.1,-1.0,-0.1
3,NONE,-1.0,-0.1,-1.0,-0.1
2,EV_B13_C008_Mototaxi_Electrica_P01,-1.0,-0.1,7.0,22.757191071871322
1,EV_B13_C008_Mototaxi_Electrica_P01,7.0,93.068580908985,-1.0,22.757191071871322
1,EV_B13_C008_Mototaxi_Electrica_P01,6.0,93.068580908985,-1.0,22.757191071871322
1,EV_B13_C008_Mototaxi_Electrica_P01,5.0,93.068580908985,-1.0,22.757191071871322
1,EV_B13_C008_Mototaxi_Electrica_P01,4.0,93.068580908985,-1.0,22.757191071871322
1,EV_B13_C008_Mototaxi_Electrica_P01,3.0,93.068580908985,-1.0,22.757191071871322
1,EV_B13_C008_Mototaxi_Electrica_P01,2.0,93.068580908985,-1.0,22.757191071871322
1,EV_B13_C008_Mototaxi_Electrica_P01,1.0,93.068580908985,-1.0,22.757191071871322
1,EV_B13_C008_Mototaxi_Electrica_P01,0.0,93.068580908985,-1.0,22.757191071871322
3,NONE,-1.0,-0.1,-1.0,-0.1
3,NONE,-1.0,-0.1,-1.0,-0.1
3,NONE,-1.0,-0.1,-1.0,-0.1
3,NONE,-1.0,-0.1,-1.0,-0.1
3,NONE,-1.0,-0.1,-1.0,-0.1
3,NONE,-1.0,-0.1,-1.0,-0.1
3,NONE,-1.0,-0.1,-1.0,-0.1
3,NONE,-1.0,-0.1,-1.0,-0.1
3,NONE,-1.0,-0.1,-1.0,-0.1
3,NONE,-1.0,-0.1,-1.0,-0.1
3,NONE,-1.0,-0.1,-1.0,-0.1
3,NONE,-1.0,-0.1,-1.0,-0.1
3,NONE,-1.0,-0.1,-1.0,-0.1
3,NONE,-1.0,-0.1,-1.0,-0.1
3,NONE,-1.0,-0.1,-1.0,-0.1
3,NONE,-1.0,-0.1,-1.0,-0.1
2,EV_B13_C008_Mototaxi_Electrica_P02,-1.0,-0.1,8.0,29.806614905623263
1,EV_B13_C008_Mototaxi_Electrica_P02,6.0,87.9423152561934,-1.0,29.806614905623263
1,EV_B13_C008_Mototaxi_Electrica_P02,5.0,87.9423152561934,-1.0,29.806614905623263
1,EV_B13_C008_Mototaxi_Electrica_P02,4.0,87.9423152561934,-1.0,29.806614905623263
1,EV_B13_C008_Mototaxi_Electrica_P02,3.0,87.9423152561934,-1.0,29.806614905623263
1,EV_B13_C008_Mototaxi_Electrica_P02,2.0,87.9423152561934,-1.0,29.806614905623263
1,EV_B13_C008_Mototaxi_Electrica_P02,1.0,87.9423152561934,-1.0,29.806614905623263
1,EV_B13_C008_Mototaxi_Electrica_P02,0.0,87.9423152561934,-1.0,29.806614905623263
3,NONE,-1.0,-0.1,-1.0,-0.1
3,NONE,-1.0,-0.1,-1.0,-0.1
3,NONE,-1.0,-0.1,-1.0,-0.1
3,NONE,-1.0,-0.1,-1.0,-0.1
3,NONE,-1.0,-0.1,-1.0,-0.1
3,NONE,-1.0,-0.1,-1.0,-0.1
3,NONE,-1.0,-0.1,-1.0,-0.1
3,NONE,-1.0,-0.1,-1.0,-0.1
3,NONE,-1.0,-0.1,-1.0,-0.1
